date,open,high,low,close,volume,return_1d,return_2d,return_5d,open_close_ratio,high_low_ratio,gap_ratio,sma_5,close_sma5_ratio,sma_20,close_sma20_ratio,sma_60,close_sma60_ratio,ema_12,ema_26,macd,macd_signal,macd_hist,adx,rsi,stoch_k,stoch_d,willr,atr,atr_ratio,bb_upper,bb_lower,bb_width,bb_position,std_5,std_20,volume_ratio_5,volume_ratio_20,volume_change,obv_change,close_lag1_ratio,return_lag1,volume_lag1_ratio,close_lag2_ratio,return_lag2,volume_lag2_ratio,close_lag3_ratio,return_lag3,volume_lag3_ratio,close_lag5_ratio,return_lag5,volume_lag5_ratio,sector_return_1d,sector_return_5d,rel_return_1d,rel_return_5d,mkt_return_1d,mkt_return_5d,rel_to_mkt_1d,rel_to_mkt_5d,beta_20d,alpha_1d,intraday_return,intraday_return_lag1,vol_spike_flag,dist_running_high,dist_running_low,target_open_return,target_close_return,target_intraday_return,target_alpha_open,target_alpha_close
2025-05-23,1454.2931700128809,1482.1837239583333,1389.5472412109375,1389.5472412109375,212600,-0.03460207935260029,0.007220235133681863,0.009406681208832923,-0.044520547945205505,0.06666666666666664,0.010380619458927319,1389.148779296875,0.00028683890379532784,1241.129623413086,0.11958268902532998,1083.4649892171224,0.2825031311936512,1349.1100815996165,1231.1021489221164,118.0079326775001,113.73650004022795,4.271432637272142,44.87677986067069,59.84357984122017,45.30864825740672,52.330678765504416,-54.69135174259328,138.39089506356777,0.09959423541646974,1723.0360274135523,759.2232194126195,77.65609569051003,0.653990086628635,0.028265918356265365,0.1779088625315294,0.6811024504951289,0.16463824501516283,-0.5416127641224666,-0.11458942081405088,0.035842297369644616,0.04332132231881736,1.4858669639682067,-0.007168477044589228,0.03590127198326076,0.6823839226503408,-0.04157707900617946,-0.052445037359743596,0.6567544795461026,-0.009319020157749991,-0.032212882269394005,1.3330514094591868,-0.002806050899643442,-0.0013836943178564284,-0.03179602845295685,0.010790375526689351,0.0007983953810011218,-2.4047437238796146e-05,-0.03540047473360141,0.00943072864607172,5.119463926090497,-0.03868943570439281,-0.04452054794517489,0.06563421828903697,0.0,0.3175626543205647,0.5068100458282512,0.015770567215434017,0.0179211047607033,0.0021171489061397875,-0.0022385186784898044,-8.798113322052228e-05
2025-05-26,1411.4611893774756,1494.136756574604,1396.5198218117298,1414.449462890625,205700,0.0179211047607033,-0.017301082080913077,0.006378471616061976,0.0021171489061398343,0.06990014265335247,0.015770567215434128,1390.941748046875,0.016900574647171318,1268.2233032226563,0.11530001009702406,1085.4571706136069,0.30309099353016045,1359.1622941059254,1244.6834314383023,114.47886266762316,113.884972565707,0.5938901019161591,45.62259174383435,61.00808872833486,34.48275337231238,46.15549603292476,-65.51724662768761,135.97651079928912,0.09613387707844011,1724.4459367119318,812.0006697333808,71.94673561508884,0.6602574586771417,0.02856066163808037,0.16546174252644189,0.7910899504270809,0.1582964013540999,-0.03245531514581379,-0.07926683716965044,-0.017605593083388604,-0.03460207935260029,0.8176262686475323,0.017605679384324446,0.04332132231881736,1.7837020856007784,-0.024647864837401223,0.03590127198326076,0.8191646059356744,-0.006338044579318303,0.020984046328968997,1.7933166936516667,0.008556138004930353,0.004433211361943626,0.009364966755772947,0.0019452602541183495,0.0060030286313079405,0.0028202963922217108,0.011918076129395359,0.003558175223840265,5.843445699924465,-0.017157267081436535,0.002117148906138334,-0.04452054794517489,0.0,0.29436618236765894,0.5154929474738653,0.007042289733673934,0.01408454350803523,0.006993006993006867,-0.011278007030219323,-0.0042357532558580276
2025-05-27,1424.4104258219402,1458.2775268554688,1414.4495137532554,1434.371337890625,89400,0.01408454350803523,0.032258058848452675,0.07703815949782089,0.006993006993006939,0.030985915492957636,0.007042289733673879,1411.46123046875,0.01623148190421797,1296.7613159179687,0.1061182349306411,1087.9806020100912,0.3183795145237365,1370.7329162266485,1258.7343874718076,111.99852875484089,113.5076838035338,-1.5091550486929037,46.315131349629176,61.95852278499581,30.54102299689265,36.77747487553726,-69.45897700310735,129.394478882543,0.0902098887954212,1718.2589350416345,875.2636967943029,65.00774104682333,0.6632393822991941,0.018471442963670058,0.15074458797816154,0.3773728266237796,0.06860321099861412,-0.5653864851725814,-0.12509060955518947,-0.013888924349452658,0.0179211047607033,0.868295195039278,-0.031249994681693982,-0.03460207935260029,0.8974212856847376,0.0034722310864916395,0.04332132231881736,1.9577798320817557,-0.07152779018938182,-0.052445037359743596,0.8653403742491589,0.007912793285239304,0.012877386511810406,0.006171750222795926,0.06416077298601049,0.0061067655879644194,0.011132302264915952,0.00797777792007081,0.06590585723290494,5.068928585898836,-0.016870215148180927,0.00699300699300203,0.002117148906138334,0.0,0.276388828381167,0.5222222292728393,0.006944446170999985,0.03402777955077152,0.026896551724137963,0.0018981621946612725,0.028981495574432806
2025-05-28,1444.3322524358316,1506.0899073675705,1438.355705184373,1483.1798095703125,163400,0.03402777955077152,0.0485915888003714,0.075090268423744,0.026896551724137865,0.04709141274238224,0.0069444461709999355,1432.179931640625,0.03560996548124318,1326.8432708740233,0.11782592724172214,1091.0850860595704,0.35936218771482276,1388.03243827952,1275.359974293919,112.67246398560087,113.34063983994722,-0.6681758543463445,47.1426145753285,64.25723843154901,39.09250740791472,34.705427925706594,-60.90749259208528,125.27477106785747,0.08446364376013585,1709.6085874649616,944.0779542830851,57.69563368834084,0.7042198338249207,0.023329478466044773,0.13238749820388565,0.7198840431577973,0.12474796559277042,0.8277404921700224,-0.12117124807922142,-0.03290799359977448,0.01408454350803523,0.3938655658403126,-0.046339861314962705,0.0179211047607033,0.9062432538406299,-0.06312961365583714,-0.03460207935260029,0.9366422740229359,-0.0698455475134312,0.03590127198326076,0.9384045360624899,0.0005043143299521906,0.015462010820425197,0.03352346522081933,0.0596282576033188,0.001682094658779571,0.013119171887943433,0.03234568489199195,0.06197109653580057,5.4647095806079635,0.024835620753449316,0.026896551724119245,0.00699300699300203,0.0,0.2343854329868365,0.5379449370937212,0.020147711134749002,-0.01477505448671701,-0.034233048057932924,0.008148288263142813,-0.0267744773583232
2025-05-29,1513.0624879344273,1513.0624879344273,1447.32047068382,1461.2657470703125,127200,-0.01477505448671701,0.018749962767129924,0.015224867421977706,-0.03423304805793291,0.04542326221610468,0.020147711134749065,1436.5627197265626,0.01719592677960824,1355.381283569336,0.07812153287306467,1094.3057810465496,0.3353358561913855,1399.2991011704112,1289.1307722773556,110.16832889305556,112.70617765056889,-2.5378487575133306,47.9380347288278,62.43311079202356,29.467678546706676,33.03373631717135,-70.53232145329332,121.02243150948244,0.08282027533461121,1685.2105789336879,1025.551988204984,48.66959568686994,0.6605140370930505,0.025347425136919878,0.11578924559257839,0.7966879826632678,0.09671010765081872,-0.22154222766217868,-0.02200919676629831,0.014996630519069187,0.03402777955077152,1.0234183676664934,-0.018404872101183245,0.01408454350803523,0.5599363651737118,-0.03203817257368635,0.0179211047607033,1.2883547015238537,-0.014996546983057413,0.04332132231881736,2.9049047669750285,0.0015482352074537198,0.014965125320188706,-0.01632328969417073,0.0002597421017889994,0.0039998076238687294,0.01783051247447734,-0.01877486211058574,-0.0026056450524996333,5.675058259056539,-0.03747419577719055,-0.03423304805791028,0.026896551724119245,0.0,0.252897055244306,0.5310156680355342,-0.004771665684076831,0.02317652726589081,0.028082191780822052,-0.017154715182374578,0.010793477767593065
2025-05-30,1454.2930754497002,1532.984276107595,1449.3126197118586,1495.1328125,147200,0.02317652726589081,0.008059038326007295,0.07598559311812147,0.02808219178082195,0.05773195876288673,-0.004771665684076859,1457.679833984375,0.025693556048056676,1385.861669921875,0.07884707756092713,1098.7715891520181,0.36073122681713565,1414.042749067271,1304.3901826642182,109.65256640305279,112.09545540106568,-2.44288899801289,48.756879942582394,64.12795080133068,35.93155085122422,34.83057893528188,-64.06844914877577,118.35451900135773,0.07915986995387982,1640.4677909344273,1131.255548909323,36.74336718280188,0.714588600901582,0.022378527429947698,0.08735691113296223,1.0042229211152878,0.1113514143218192,0.1572327044025157,-0.08535802204859255,-0.022651543158922482,-0.01477505448671701,0.8677795894420149,-0.007994609462615543,0.03402777955077152,1.1147420197706388,-0.04063951650471476,0.01408454350803523,0.6099016925795294,-0.0706195265111218,-0.03460207935260029,1.4503926156868898,0.005731776770082119,0.024213303147772317,0.017444750495808695,0.05177228997034916,0.004127683166099249,0.021594562212770178,0.019048844099791563,0.0543910309053513,6.0021204953543865,-0.0015983244636827744,0.02808219178080264,-0.03423304805791028,0.0,0.22451700352459075,0.541638886871572,-0.00399733327251095,0.0319786827831976,0.036120401337792485,-0.0022385637548239553,0.033737452300884596
2025-06-02,1489.1562683617708,1561.870922268399,1460.2696250290007,1542.9451904296875,201800,0.0319786827831976,0.05589636486254057,0.09084504671977722,0.036120401337792575,0.06957708049113223,-0.003997333272511,1483.3789794921875,0.040155760436116905,1413.2541748046874,0.09176765081329519,1104.3164967854818,0.39719473078560186,1433.8738938922581,1322.0609239801788,111.81296991207932,112.03895830326842,-0.22598839118909098,49.63424222906675,66.430534175193,80.8873647919649,48.762198063298605,-19.112635208035105,117.15786030407492,0.07593131695842821,1603.5650323031582,1222.9433173062166,26.932290155770723,0.8407346730757129,0.026280627364256234,0.06327341410801884,1.3840782985027538,0.16453309047444722,0.37092391304347827,-0.08788726134701208,-0.030987735810201644,0.02317652726589081,1.0095952702656361,-0.05293735893338869,-0.01477505448671701,0.8724219998491094,-0.038734610426241045,0.03402777955077152,1.1207056193030227,-0.0832795152653446,0.0179211047607033,1.4108270862339765,0.0017258026948346315,0.016322025759031383,0.030252880088362966,0.07452302096074584,-0.0005862565058956649,0.014833262196323858,0.032564939289093264,0.07601178452345336,8.627506933939724,0.03703661485287972,0.03612040133776832,0.02808219178080264,0.0,0.18657199412506453,0.5558424599505687,-0.00968363229850755,0.013557169029558835,0.02346805736636237,-0.01021217513086279,0.013028626197203595
2025-06-03,1528.0038765488157,1623.6286302311405,1522.0273294436704,1563.8631591796875,219100,0.013557169029558835,0.04596939222059082,0.09027775295586427,0.023468057366362444,0.06675392670157065,-0.00968363229850755,1509.27734375,0.036166855385919794,1434.2218933105469,0.0903913588773948,1110.52546488444,0.40821908963700637,1453.8722423980164,1339.972200661624,113.9000417363925,112.41117498989324,1.488866746499255,50.68548444916409,67.41596884960602,81.1320751375433,65.98366359357748,-18.8679248624567,116.04667748146028,0.07420513540472266,1590.9108794193028,1277.532907201791,21.85003406231348,0.9136897847407035,0.027315852955479142,0.05139820156706592,1.2757582638973803,0.1926668753671311,0.08572844400396429,-0.11378914267422369,-0.01337583063339054,0.0319786827831976,1.1750251832701568,-0.04394907973706308,0.02317652726589081,0.8571045935449311,-0.06560510841890166,-0.01477505448671701,0.7406501650741524,-0.08280252688982304,0.01408454350803523,0.5205512952643807,0.0017704381685675402,0.009652280814526633,0.011786730860991294,0.08062547214133764,0.00017618094411841326,0.008776935519639803,0.013380988085440422,0.08150081743622446,10.921379995355649,0.011633029990901125,0.023468057366347085,0.03612040133776832,0.0,0.17070060809808188,0.5617834359805293,-0.004458600202267071,-0.06114649820738427,-0.05694177863083805,-0.01720135454594871,-0.0738892525510659
2025-06-04,1556.890518581851,1582.7888893324127,1454.2931267623176,1468.2384033203125,287000,-0.06114649820738427,-0.04841830258958857,-0.010073900786398027,-0.056941778630838095,0.08835616438356163,-0.004458600202267033,1506.2890625,-0.02526119330476262,1435.4670043945312,0.02282978210187503,1115.8379506429037,0.31581687329513497,1456.0824210014466,1349.4734008585638,106.60902014288285,111.25074402049117,-4.641723877608314,50.59054714259038,58.90342315113681,50.94339467031908,70.98761153327577,-49.05660532968092,116.9358978449342,0.07964367202248128,1592.820262071772,1278.1137467172903,21.923632824094245,0.6041332076931042,0.030946193098349752,0.05497780048585072,1.4608497360799344,0.30007862687366166,0.3099041533546325,-0.029899170438870915,0.0651289025284052,0.013557169029558835,1.1152340668122427,0.05088191872612802,0.0319786827831976,1.0271758771461001,0.018317467461584913,0.02317652726589081,0.7492581224772347,0.010176417000945515,0.03402777955077152,0.8317172364998651,0.003565715673866133,0.01311634921993308,-0.0647122138812504,-0.023190250006331105,0.004247584781227213,0.011498350858731774,-0.06539408298861148,-0.0215722516451298,6.465785545056286,-0.08861047048724424,-0.05694177863080152,0.023468057366347085,0.0,0.24694705389364388,0.5332428720958741,0.009497964561366645,0.06445047472902177,0.05443548387096775,0.015519929636041813,0.07047243980369694
2025-06-05,1482.1836796426865,1652.5152718596887,1446.324397070686,1562.8670654296875,407300,0.06445047472902177,-0.0006369443158457111,0.069529665335053,0.05443548387096772,0.14256198347107432,0.0094979645613667,1526.609326171875,0.023750502918588046,1448.4161865234375,0.07901795075894702,1123.1758229573568,0.39147142725456696,1472.5108278365606,1365.2803389749433,107.23048886161723,110.44669298871639,-3.216204127099161,50.834672105606174,63.77769555509291,72.22222095849834,68.09923025545358,-27.777779041501656,123.31125334093909,0.07890066664560338,1602.9238878021347,1293.9084852447404,21.334710660691307,0.87037273210028,0.02746004164762256,0.05071498409837512,1.613190695537486,0.572230589398912,0.4191637630662022,-0.13051474073371883,-0.06054811967279994,-0.06114649820738427,1.1367191986723753,0.0006373502718386437,0.013557169029558835,0.8677880711815938,-0.012747005450210791,0.0319786827831976,0.799268063735489,-0.06500957158014986,-0.01477505448671701,0.503800285962112,-0.0010075664907840513,0.009691303102241963,0.06545804121980582,0.05983836223281104,-0.0020073216915583894,0.005217351942634593,0.06645779642058015,0.06431231339241841,4.372951180548178,0.07322839448986199,0.054435483870930994,-0.05694177863080152,0.0,0.171446754449644,0.5615041385340468,0.00828554044174612,0.0031867513623948795,-0.005056890012642201,0.009257738692055538,0.004158949612704297
2025-06-06,1575.8162637053783,1613.6677289524102,1552.906166319017,1567.8475341796875,105500,0.0031867513623948795,0.06784261372956624,0.04863428925628477,-0.005056890012642173,0.03912764592687616,0.00828554044174617,1541.1522705078125,0.017321626280355495,1463.2579467773437,0.07147720443385852,1130.8291229248048,0.38645839799666715,1487.1780134278108,1380.285316397517,106.8926970302939,109.7358937970319,-2.8431967667380036,51.0613595712637,64.01957703389019,73.76543488290214,65.64368350390653,-26.23456511709786,118.8434182904001,0.07580036687209148,1603.0787678293416,1323.4371257253458,19.11089174125957,0.8740129210207114,0.026719133777143286,0.045748432944752684,0.4321273362524115,0.17742244705075122,-0.7409771667075866,-0.12612876172644472,-0.003176628238665158,0.06445047472902177,1.6682982374939073,-0.06353240904411528,-0.06114649820738427,1.1755501943549014,-0.0025413025910597797,0.013557169029558835,0.8974322215441077,-0.04637869441730258,0.02317652726589081,0.6029302738990993,-0.003240108471686187,0.0006077472712942109,0.006426859834081066,0.04802654198499056,-0.0003240660834364726,0.0005387708661283547,0.003510817445831352,0.04809551839015641,6.946045232911533,0.005437729036397101,-0.005056890012638964,0.054435483870930994,0.0,0.1677255036101137,0.5628970768698377,0.02858954484834597,0.016518388979217757,-0.011735639283508403,0.016220980689353914,0.0041498248202257
2025-06-09,1612.6715815734865,1628.60904006958,1523.023377532959,1593.745849609375,151100,0.016518388979217757,0.019757780340196707,0.032924474242367774,-0.011735639283508438,0.06932635709614116,0.028589544848346082,1551.31240234375,0.027353257281053533,1464.4532531738282,0.08828728138248865,1139.1630849202475,0.39904976794394087,1503.5730651480515,1396.0972077465435,107.47585740150794,109.28388651792712,-1.8080291164191777,50.79153679391266,65.31656118541743,81.61992352788634,75.86919312309561,-18.380076472113657,117.89643573655873,0.07397442682933482,1608.2504387476858,1320.6560675999706,19.638344243793917,0.9495658100663558,0.03019985079595151,0.046284920373476465,0.6457237362233494,0.3338112585634407,0.4322274881516588,-0.12100294386356714,-0.01624996572509907,0.0031867513623948795,0.4508527741334439,-0.019374973863139133,0.06445047472902177,1.7405908521758453,-0.0787499752992269,-0.06114649820738427,1.226490485083397,-0.03187500641529939,0.0319786827831976,0.8623894769680471,0.006914471506125474,0.006013976476757753,0.009603917473092284,0.026910497765610022,0.004122854719664019,0.005285970793498849,0.01239553425955374,0.027638503448868923,-0.358963351515779,0.017998342727201,-0.011735639283501161,-0.005056890012638964,0.0,0.14875000420085802,0.5699999843887692,0.003750032817122273,0.04250003408403491,0.03860523038605246,0.004742635003326345,0.04349263627023898
2025-06-10,1599.7224488475624,1738.179124059151,1593.745901716127,1661.4801025390625,546600,0.04250003408403491,0.05972045515788271,0.06242038683907558,0.0386052303860524,0.090625,0.003750032817122175,1570.835791015625,0.05770451121677933,1472.4219848632813,0.12839941240907748,1148.3437245686848,0.4468491158095227,1527.8664555158994,1415.7551999533969,112.11125556250249,109.8493603268422,2.2618952356602904,51.094724522997225,68.51336621831376,80.35714101290355,78.58083314123068,-19.64285898709644,119.79192421607425,0.07209952381189336,1639.4669065059572,1305.3770632206054,22.689816283636453,1.0658900486666498,0.04185064482997735,0.05157584287922997,1.8250356426188894,1.9117837368971464,2.617471872931833,-0.19622216556178818,-0.04076741745335122,0.016518388979217757,0.5045058280272854,-0.05635491404154047,0.0031867513623948795,0.35225258012494115,-0.059352523668273816,0.06445047472902177,1.359928681373351,-0.05875300174292708,0.013557169029558835,0.7315501450746408,0.005093567987766669,0.010212270893473601,0.03740646609626824,0.05220811594560198,0.002765190880942729,0.008109648279151139,0.03973484320309218,0.054310738559924444,-0.010875187817117342,0.042530106054215346,0.038605230386028276,-0.011735639283501161,0.0,0.10191843323075407,0.587529974529881,0.047961597853497295,0.016187018513545537,-0.030320366132723153,0.04801739576778671,0.016242816427834945
2025-06-11,1741.1673430586284,1752.1243457895464,1633.5894980641592,1688.37451171875,455700,0.016187018513545537,0.059375001436125174,0.1499321281207575,-0.030320366132723143,0.0725609756097561,0.04796159785349724,1614.8630126953126,0.0455218172962526,1484.1260559082032,0.13762204025480873,1157.989205932617,0.4580226681452657,1552.5600026240302,1435.9492230471267,116.6107795769035,111.20164417685447,5.409135400049024,51.4397123180766,69.70727378770155,82.41757869822278,81.4648810796709,-17.58242130177722,119.70213303816804,0.0708978560190662,1675.482874813926,1292.7692370024804,25.787138247987023,1.0336848119093562,0.03368364215106565,0.05814111512533268,1.3674787916252802,1.6847763798566258,-0.16630076838638863,-0.3336804582048304,-0.015929172700725802,0.04250003408403491,1.640254350455076,-0.05604719892033183,0.016518388979217757,0.4534255988908928,-0.07138639958340509,0.0031867513623948795,0.3165876947914572,-0.13038345868844614,-0.06114649820738427,0.8612385630819737,0.005576269894227417,0.012425071432859095,0.01061074861931812,0.13750705668789842,0.005130754082387753,0.008869087307615075,0.011056264431157783,0.14106304081314244,-0.2571561893109489,0.017506423681663965,-0.03032036613270573,0.038605230386028276,0.0,0.08436578420636084,0.594100280799223,0.0920354330143267,0.18112098157465262,0.08157752566180454,0.09249356534087658,0.1815791139012025
2025-06-12,1843.7647909951377,2079.838402808129,1814.8781465116913,1994.174560546875,2799100,0.18112098157465262,0.20023980877013892,0.2759719650235293,0.08157752566180443,0.14599341383095493,0.09203543301432676,1701.12451171875,0.17226842997569092,1512.7138732910157,0.318276110079621,1172.1503021240235,0.7012959489338366,1620.5007038429294,1477.299248047108,143.2014557958214,117.60160650064786,25.59984929517354,52.80951215177182,79.31257721446089,87.46355731519242,83.41275900877292,-12.536442684807586,139.11368718468313,0.06976003502244224,1803.603375971532,1221.8243706104995,38.45928933641173,1.327566280012255,0.08572831926976042,0.07482954062883833,3.4488621872077534,7.101683132646278,5.142418257625631,-0.8848476919386843,-0.1533466803152429,0.016187018513545537,0.5614827975815703,-0.16683316726165076,0.04250003408403491,0.6734836452887564,-0.20079922733970046,0.016518388979217757,0.1861752264967638,-0.21628372142090257,0.06445047472902177,0.5018475827407802,0.004144402004008401,0.016321707134672982,0.17697657957064422,0.2596502578888563,0.0017815333466304748,0.012263462345015587,0.17933944822802214,0.2637085026785137,-2.0552201389727185,0.18478242478689905,0.08157752566176019,-0.03032036613270573,1.0,0.04295704295702128,0.6563436552793479,0.04295701409692865,0.03646350778310703,-0.006226053639846629,0.024644446774696075,0.018150940460874457
2025-06-13,2079.838345256024,2340.8142295745483,2033.0220606645332,2066.88916015625,1865900,0.03646350778310703,0.2241887956790911,0.31829729300666076,-0.006226053639846595,0.15139637432631065,0.04295701409692874,1800.9328369140626,0.14767698039020805,1547.2284301757813,0.33586555148814967,1188.6356109619142,0.738875346736299,1689.1758509680556,1520.9725748700073,168.20327609804826,127.72194042012795,40.48133567792031,54.548078479318235,80.86619049419508,70.43010547142408,80.1037471616131,-29.569894528575915,153.9369716020396,0.07447761329897729,1918.1303430407663,1176.3265173107964,47.94404053483514,1.2005366000493431,0.10351859227216367,0.09205557334228245,1.6034463053018826,3.998619909308326,-0.3333928762816619,-1.2985760835602376,-0.035180696194102024,0.18112098157465262,2.405384293461868,-0.1831325335363907,0.016187018513545537,0.391602165885668,-0.1961445564828178,0.04250003408403491,0.4697163569741192,-0.24144576090359637,0.0031867513623948795,0.0906605848166293,-0.011750792690584025,0.00785346858458957,0.04821430047369105,0.3104438244220712,-0.008910270474181869,0.0039194920278844796,0.0453737782572889,0.31437780097877627,-1.4687967795336856,0.023376131205854616,-0.006226053639843601,0.08157752566176019,1.0,0.13253012048186366,0.6684337247379745,0.024096426966446316,-0.03036140656165187,-0.05317647058823538,0.03436266966668529,-0.020095163861412895
2025-06-16,2116.6938038516946,2174.4670935568233,1976.2449443961232,2004.135498046875,532000,-0.03036140656165187,0.0049950178369884135,0.25750005782796914,-0.05317647058823533,0.10030241935483886,0.024096426966446302,1883.0107666015624,0.0643250339257766,1577.1609741210937,0.27072349045565947,1204.191236368815,0.664300019396082,1737.631181287874,1556.7624210312567,180.86876025661718,138.3513043874258,42.517455869191366,55.53599015199064,75.59019811611111,62.69316290682948,73.52894189781533,-37.30683709317053,157.10019857051535,0.07838801254882145,1991.5508296430535,1162.7711185991338,52.54883456051622,1.015184575872363,0.095913251287419,0.10606943031131051,0.4290803565883595,1.1321051836372498,-0.714882898333244,-1.18611848943296,0.031312085519916266,0.03646350778310703,1.5049267619515414,-0.004970191641584298,0.18112098157465262,2.257591778433228,-0.15755470956763729,0.016187018513545537,0.36754120018292374,-0.20477140833952567,0.016518388979217757,0.12186849977537804,0.009658130890231072,0.009161357128390243,-0.04001953745188294,0.2483387006995789,0.006989559647249709,0.005774005329596091,-0.03735096620890158,0.25172605249837304,-2.3597647162065383,-0.013867690324250989,-0.05317647058821021,-0.006226053639843601,0.0,0.16799200046883792,0.6580516931712844,-0.03081514662427487,-0.03827041472716508,-0.007692307692307776,-0.017666214748549576,-0.025121482851439787
2025-06-17,1942.3777688196465,2051.9477968043443,1896.5575752987727,1927.4364013671875,433400,-0.03827041472716508,-0.0674698776680025,0.16007191324271197,-0.0076923076923077665,0.08193277310924364,-0.030815146624274842,1936.2020263671875,-0.004527226436924048,1606.9440979003907,0.199442098753994,1218.983189900716,0.5811837417730039,1766.8319843769991,1584.2197529079924,182.6122314690067,147.203489803742,35.4087416652647,55.61598291169146,69.61216681499126,53.78619038628637,62.30315292151331,-46.21380961371363,156.97805735159076,0.08144396216661684,2031.9928348696913,1181.8953609310902,52.901496389907145,0.8770065354763594,0.07631747869767053,0.11312715750363557,0.35605695268155907,0.9004011708954774,-0.1853383458646617,-1.0984429934706177,0.039793321649545854,-0.03036140656165187,0.437061141731863,0.07235141906060938,0.03646350778310703,1.5329180157095548,0.03462534957382446,0.18112098157465262,2.299582409439206,-0.13798447442433714,0.04250003408403491,0.44905567682450437,0.006761444499952234,0.011386451622022745,-0.04503185922711732,0.14868546162068924,0.005572136825938724,0.008777546843752836,-0.043842551553103806,0.15129436639895913,-4.3620724090464496,-0.013964350419306115,-0.007692307692303806,-0.05317647058821021,0.0,0.2144702818281969,0.6444444342099543,0.002584036244844601,0.09715768502464184,0.0943298969072166,0.012921509150555469,0.1074951579303527
2025-06-18,1932.416966887953,2166.4984035986076,1922.4560546875,2114.70166015625,573800,0.09715768502464184,0.05516900539765257,0.2525074534580025,0.09432989690721665,0.1269430051813472,0.002584036244844568,2021.4674560546875,0.046122040610281356,1643.6998657226563,0.28654975537473204,1236.8796295166017,0.7097069186764842,1820.3503960353455,1623.514709000456,196.8356870348896,157.12992924997152,39.70575778491806,55.99148638287354,74.8433223748239,74.7216165906143,63.73365662791006,-25.278383409385707,163.1969353201277,0.07717255743204567,2108.9822724567216,1178.417458988591,56.6140347683855,1.006146146530313,0.03397082601569014,0.11286927274642923,0.46242830467400736,1.1490224898424248,0.32395016151361333,-1.2843832652079827,-0.08855398485672794,-0.03827041472716508,0.3492792388388198,-0.05228452040944309,-0.03036140656165187,0.4287414745321923,-0.022609572263467492,0.03646350778310703,1.503738190469206,-0.20160155754868903,0.016187018513545537,0.36725092094796996,0.004574316894783628,0.0106595271152844,0.0925833681298582,0.24184792634271812,0.0034458243019036224,0.0072332330423507014,0.09371186072273821,0.2452742204156518,-3.9122071138496017,0.11063846337162503,0.09432989690716784,-0.007692307692303806,0.0,0.10692409888281097,0.6759302963984832,-0.04616112981249676,-0.05982104449666337,-0.014320987654320994,-0.045772713949475935,-0.05943262863364254
2025-06-19,2017.084642307075,2047.9634689300476,1980.2292685957852,1988.197998046875,266800,-0.05982104449666337,0.03152456632892653,-0.002997010702193048,-0.014320987654320945,0.03420523138833003,-0.04616112981249673,2020.2721435546875,-0.01587615094883299,1671.1421752929687,0.18972402674065325,1252.7672841389974,0.587044954970817,1846.1731040371194,1650.5282859668573,195.6448180702621,164.83290701402964,30.811911056232447,56.340168177542616,66.51345690475718,60.57906767474064,63.02895821721378,-39.42093232525936,161.1451821944375,0.08105087237420967,2149.534862719197,1192.7494878667403,57.25337969432327,0.8313761174524628,0.03644149659888555,0.12343351657557881,0.3632991594281442,0.5450114497345419,-0.5350296270477518,-2.286498769172505,0.06362729578874116,0.09715768502464184,0.781338297150934,-0.03056113965527918,-0.03827041472716508,0.5901568804203813,0.00801605273451056,-0.03036140656165187,0.7244196132525215,0.0030060197751271556,0.18112098157465262,3.8115092846900995,0.00012133761373103073,0.007251905360778503,-0.0599423821103944,-0.010248916062971552,0.00012947195434027584,0.0060451774243276005,-0.05995051645100364,-0.009042188126520648,-3.047473764780841,-0.059426482112536476,-0.014320987654313845,0.09432989690716784,0.0,0.17735468593867001,0.6553106175110969,0.002004038968135724,-0.03607211451265335,-0.03799999999999992,-0.010725295071283971,-0.04880144855207305
2025-06-20,1992.1824243113304,2041.986984919114,1897.5537591565424,1916.4794921875,188000,-0.03607211451265335,-0.09373528744196657,-0.07277103720326228,-0.037999999999999895,0.0761154855643046,0.0020040389681357136,1990.1902099609374,-0.03703702158993494,1697.488787841797,0.12900863081575986,1268.0738861083985,0.5113310929124857,1856.9894714448703,1670.2283753165345,186.7610961283358,169.21854483689089,17.54255129144491,55.79859794286507,62.28135788301012,52.561256487483206,62.620646917612724,-47.4387435125168,159.95147102073284,0.08346109189933373,2168.935418802042,1226.0421568815518,55.54636170052666,0.7322539710376778,0.041311188841127534,0.12619337684024515,0.4714130606492963,0.38500842717913747,-0.29535232383808097,-0.6326805202571386,0.037422005375323364,-0.05982104449666337,0.6690053435171928,0.10343036216964308,0.09715768502464184,1.4388128414923733,0.005717206588094159,-0.03827041472716508,1.0867575557734308,0.07848227365897431,0.03646350778310703,4.678774626944265,-0.006695980852880507,0.012177789785681885,-0.029376133659772846,-0.08494882698894417,-0.004243111346473232,0.010860050577675152,-0.03182900316618012,-0.08363108778093743,-1.7177345404289734,-0.04336065343137651,-0.03799999999998083,-0.014320987654313845,0.0,0.2214136593251434,0.6424116495866004,-0.010395010119155002,-0.04989604963120553,-0.03991596638655459,-0.014047065967019394,-0.05354810547906992
2025-06-23,1896.557668473058,1896.557668473058,1781.011087830792,1820.854736328125,186000,-0.04989604963120553,-0.08416830812783294,-0.09145128255917112,-0.03991596638655458,0.06487695749440708,-0.010395010119155,1953.5340576171875,-0.0679175880106383,1717.8090515136719,0.059986693353718756,1281.4381103515625,0.42094629589809274,1851.4302814269095,1681.3858835396154,170.04439788729405,169.38371544697154,0.6606824403225176,54.20560256220792,57.06750276609335,41.87083247319324,51.670385545139034,-58.12916752680677,158.20268054473107,0.08688374607173246,2173.4754348868705,1262.1426681404732,53.05204125821572,0.6130714142786093,0.05942616723835826,0.1283748329249845,0.5643186762176086,0.3816825222237727,-0.010638297872340385,-0.6209977661950856,0.05251641108458549,-0.03607211451265335,0.5703866189726366,0.09190368587837883,-0.05982104449666337,0.8094635635207418,0.16137856467316314,0.09715768502464184,1.7408927764175472,0.10065644340593982,-0.03036140656165187,1.614072772837461,-0.0034831321558159802,-0.0002570043215854029,-0.04641291747538955,-0.09119427823758572,-0.0021260886137577212,0.0018683580896493857,-0.04776996101744781,-0.0933196406488205,-0.8734254082416091,-0.05175302944663471,-0.03991596638653353,-0.03799999999998083,0.0,0.28555792116326134,0.6236323927770351,0.08260392824608553,0.022428874124271747,-0.055583628094997506,0.08818332907764337,0.028008274955829582
2025-06-24,1971.2644903143184,2042.9830569149403,1852.729637182735,1861.6944580078125,256800,0.022428874124271747,-0.02858628772341054,-0.034108489033797595,-0.05558362809499753,0.10268817204301067,0.08260392824608553,1940.3856689453125,-0.040554417710800594,1739.1752075195313,0.07044675542606882,1295.8980346679687,0.43660566510803767,1853.0093855162793,1694.7420742409633,158.26731127531593,167.16043461264042,-8.893123337324482,53.30541543074092,58.65925794551307,46.43653240578707,46.9562071221545,-53.56346759421294,162.76879769059423,0.08743045723232408,2179.492158120083,1298.8582569189798,50.63514575147906,0.6391262025243137,0.06225065236136651,0.12132916264237376,0.8726353383330898,0.5180699071589676,0.38064516129032255,0.5096670247046187,-0.021936855161704627,-0.04989604963120553,0.6320489600076118,0.029427511019871178,-0.03607211451265335,0.6388451853840377,0.06795075287131991,-0.05982104449666337,0.9066164652152194,0.03531296076837975,-0.03827041472716508,1.4727420390714996,0.011775480598362736,0.0058050000205143735,0.010653393525909011,-0.03991348905431197,0.006387953429005864,0.0033055777756256215,0.016040920695265883,-0.03741406680942322,-0.7307688444098029,0.02709699146973,-0.055583628094969334,-0.03991596638653353,0.0,0.25735682324541137,0.6318887144640404,0.021401805999873957,0.04601389771071429,0.024096385542168752,0.021685131335405696,0.04629722304624603
2025-06-25,1901.538081629136,2019.0768420441375,1889.5849873496445,1947.3582763671875,242200,0.04601389771071429,0.0694748117547066,-0.07913332974671139,0.02409638554216866,0.06852925672113848,0.021401805999873885,1906.9169921875,0.02120767938213941,1762.384130859375,0.1049567697914473,1312.8813893636068,0.48327053162787803,1867.524599493342,1713.4543855095726,154.07021398376946,164.54239048686622,-10.472176503096762,52.46952738009299,61.854018089896265,51.88794882883436,46.731771235938226,-48.11205117116564,162.38405385814642,0.08338684043338537,2195.149320971195,1329.6189407475554,49.11133532515348,0.7137119039773254,0.03424168366431336,0.11400257517553863,1.062462438750488,0.4847626024266151,-0.05685358255451711,-0.14986260832804899,-0.043989757508894334,0.022428874124271747,1.1265084817139774,-0.06496161573102555,-0.04989604963120553,0.8159290404937687,-0.01585675556234889,-0.03607211451265335,0.8247024710367125,0.08593353663721137,0.09715768502464184,2.5170972227705617,-0.00028882765447161863,0.000728157721925108,0.04630272536518591,-0.0798614874686365,0.00038770855886797496,0.0002643937505091672,0.04562618915184632,-0.07939772349722056,-0.8592478760176727,0.04634703546643547,0.024096385542155988,-0.055583628094969334,0.0,0.20204600148933766,0.6480818406508656,-0.009718642223908724,-0.06291557466642606,-0.05371900826446274,-0.007641481651079905,-0.060838414093597235
2025-06-26,1928.4325979974071,1940.3856926130936,1808.901651840543,1824.839111328125,157900,-0.06291557466642606,-0.019796667772823517,-0.08216429494407862,-0.05371900826446277,0.07268722466960355,-0.00971864222390878,1874.24521484375,-0.02636053336314248,1780.5627990722655,0.024866470465351842,1328.5366231282553,0.3735707992978554,1860.957601314078,1721.7051059405765,139.25249537350146,159.48441146419327,-20.23191609069181,50.96240095904498,55.2747435429982,36.906225233712554,45.07690215611134,-63.09377476628745,160.67495176303913,0.088048831683584,2191.1836979150607,1369.9419002294703,46.12259663705687,0.5539138562852478,0.030729541638182208,0.11543158805370238,0.7658319631779844,0.3150684111493113,-0.3480594549958712,-0.04842508095378273,0.06713970797613245,0.04601389771071429,1.1746960195168323,0.02019649099467391,0.022428874124271747,1.2455075879930742,-0.0021834116642195367,-0.04989604963120553,0.9021199819576003,0.089519610635026,-0.05982104449666337,1.2940086622918698,-0.0009609963490971297,-0.0006427254617443303,-0.06195457831732892,-0.08152156948233429,0.0024174171747223467,0.002492890004898461,-0.06533299184114841,-0.08465718494897709,-0.86801790927761,-0.060817213264571776,-0.05371900826443492,0.024096385542155988,0.0,0.2827510190038682,0.6244541582004738,-0.002183451603747222,-0.06932318653412961,-0.0672866520787746,0.0008403886693936599,-0.06629934626098873
2025-06-27,1820.854663443915,1843.7647604128483,1698.33544921875,1698.33544921875,216000,-0.06932318653412961,-0.1278772530820531,-0.11382539904966937,-0.06728665207877459,0.08563049853372438,-0.0021834516037472565,1830.61640625,-0.07226033623458772,1790.7229309082031,-0.051592281584033395,1341.9838541666666,0.26554089599841135,1835.9388086840274,1719.9740202574783,115.96478842654915,150.78048685666445,-34.815698430115305,48.65861046043936,49.42856773296398,13.999997537366351,34.26472386663776,-86.00000246263366,159.5859774366862,0.0939661110589214,2182.2006715482403,1399.245190268166,43.72287123631023,0.3820016158027192,0.052846827961940984,0.11824745441320497,1.0199215227050584,0.4280609828359436,0.3679544015199494,-0.12393162393162394,0.07448685250401699,-0.06291557466642606,0.7455815205330034,0.1466275860059587,0.04601389771071429,1.143634225922061,0.0961877165451106,0.022428874124271747,1.2125733658826807,0.12844579265419553,-0.03607211451265335,0.8877094734655139,0.00047917404634251345,0.007352059699277764,-0.06980236058047212,-0.12117745874894714,0.0034836150738611032,0.010529164432762328,-0.07280680160799072,-0.12435456348243171,-1.5565737458583089,-0.06390068276948116,-0.06728665207873763,-0.05371900826443492,0.0,0.3782991049565421,0.5964809304736345,-0.03401758127170007,-0.022287375822661826,0.012143290831815312,-0.027551384394272117,-0.015821178945233872
2025-06-30,1640.562185048342,1691.3628355871797,1616.6559965594772,1660.4840087890625,198100,-0.022287375822661826,-0.09006553044528087,-0.08807442150078415,0.012143290831815408,0.04621072088724596,-0.03401758127170008,1798.5422607421874,-0.07676119431137352,1796.599871826172,-0.07576303726420586,1354.9662424723308,0.22547998373601175,1808.9457625463406,1715.5673527412994,93.3784098050412,139.3000714463398,-45.92166164129861,45.91556408171976,47.7995241440025,6.052270102226834,18.986164291101918,-93.94772989777317,154.02122566687098,0.09275682563128142,2176.376571098308,1416.8231725540359,42.277271108352934,0.32079487327950434,0.07121109884971467,0.11732804110636527,0.9248322836961546,0.3927313963078094,-0.08287037037037037,-0.2390307793058284,0.02279542604946161,-0.06932318653412961,1.008398653601057,0.09898023809203815,-0.06291557466642606,0.7371580898315134,0.1727654503497209,0.04601389771071429,1.130713675473037,0.09658071182204231,-0.04989604963120553,0.8683432850453546,0.005513931312120806,0.015446167574369413,-0.027801307134782634,-0.10352058907515356,0.004154121765597707,0.016271568621906162,-0.026441497588259533,-0.10434599012269032,-1.6194880795876172,-0.015559825142120873,0.012143290831808005,-0.06728665207873763,0.0,0.4097180202784482,0.5872825413644557,-0.020995829745270145,-0.03959210994005968,-0.01899509803921562,-0.029599760388937246,-0.048196040583726785
2025-07-01,1625.6207692457838,1640.5621366101752,1582.7888494678618,1594.741943359375,153100,-0.03959210994005968,-0.060997081528875174,-0.14339222717249833,-0.018995098039215622,0.03650094398993077,-0.020995829745270093,1745.1517578125,-0.08618724061142591,1798.1438110351562,-0.1131176863765827,1367.2513661702474,0.16638533543775202,1775.991328825269,1706.6173224167123,69.37400640855662,125.31485843878319,-55.940852030226566,43.125746598683335,45.0240038441219,1.5768725170957802,7.209713385562993,-98.42312748290422,148.56936378503738,0.09316200931667859,2174.3576538043944,1421.929968265918,41.84468900211705,0.22967253653058203,0.08824699069743601,0.12101872031492124,0.7913739720150315,0.3055180836373215,-0.22715800100959116,-0.8589469939523301,0.04122426559507075,-0.022287375822661826,1.0239789931820884,0.06495941634298963,-0.06932318653412961,1.1165041016018733,0.14428489131156774,-0.06291557466642606,0.8161851742728509,0.16739543081492303,0.022428874124271747,1.3273993207933381,-0.007992395146265041,-0.004544692508864745,-0.03159971479379464,-0.1388475346636336,-0.005312747128004787,0.004570707622332403,-0.034279362812054896,-0.14796293479483075,-0.4680840127654112,-0.04207892193454408,-0.018995098039203937,0.012143290831808005,0.0,0.4678326103614484,0.5702685672336825,-0.020612064135706598,-0.03872574407197238,-0.018494897959183798,-0.022712330001056876,-0.04082600993732265
2025-07-02,1561.87102014295,1582.788935591293,1519.039098034438,1532.984375,152300,-0.03872574407197238,-0.0767846200952238,-0.21278770650268086,-0.018494897959183756,0.04196721311475405,-0.02061206413570665,1662.2769775390625,-0.07778042064409596,1801.3811096191407,-0.1489949756810417,1379.5696940104167,0.11120473409537923,1738.6056436213814,1693.755622608067,44.85002101331452,109.22189095368947,-64.37186994037495,40.086407187031035,42.525925058039846,1.6969699410867796,3.108704186803136,-98.30303005891322,143.3646124664588,0.09351994371525495,2167.1533403563944,1435.6088788818872,40.61019945019713,0.13310947077890783,0.07220433210561096,0.12239993983307017,0.867900228514768,0.3080620007645925,-0.0052253429131287055,-1.090750870213824,0.04028584332983476,-0.03959210994005968,0.8724591266290938,0.0831708632307353,-0.022287375822661826,1.1288971455599182,0.10786220454311035,-0.06932318653412961,1.230902490867957,0.2703053652232543,0.04601389771071429,1.380206404112126,-0.009244883171028494,-0.01416615126796095,-0.029480860900943887,-0.19862155523471992,-0.004486942104563745,-0.0003007230542398889,-0.03423880196740863,-0.21248698344844097,0.7813369397962476,-0.03521993045894961,-0.018494897959171915,-0.018995098039203937,0.0,0.5269654849378497,0.5529564740590729,-0.020142954844088123,-0.0019493227059147467,0.018567639257294433,-0.020178580667264506,-0.0019849485290911275
2025-07-03,1502.1055399576824,1574.820198059082,1502.1055399576824,1529.99609375,132100,-0.0019493227059147467,-0.040599577805664144,-0.16157206174934358,0.018567639257294377,0.048408488063660424,-0.02014295484408811,1603.3083740234374,-0.04572562674915581,1799.7375610351562,-0.1498782228731499,1393.5813771565756,0.09788787280629663,1706.511866718092,1681.625287137099,24.886579580993157,92.35482867915022,-67.46824909815706,37.30085527122532,42.40332859710464,4.148148216241683,2.4739968914747523,-95.85185178375832,138.31818715466886,0.09040427470344871,2170.04918019293,1429.4259418773825,41.15173536132474,0.1357912453589107,0.04922923924913759,0.1241610048330326,0.7755943189624298,0.2748527425975977,-0.1326329612606697,-1.3172467130703789,0.001953129985890145,-0.03872574407197238,0.8941939044510072,0.04231765680501942,-0.03959210994005968,0.8988909177376836,0.08528643672426184,-0.022287375822661826,1.1630979151132275,0.19270834663000747,-0.06291557466642606,0.9270729974577415,-0.003528681199662443,-0.015344895538759553,0.0015793584937476963,-0.14622716621058401,4.5595979611140605e-05,-0.002417728559856124,-0.0019949186855258874,-0.15915433318948746,1.3496812140098753,-0.0020108627430302805,0.01856763925728202,-0.018494897959171915,0.0,0.5299478470148992,0.5520833399432673,-0.021484401297464095,-0.010416693261573906,0.01131071190951416,-0.022374369452775312,-0.011306661416885123
2025-07-04,1497.1250436883224,1548.921785053454,1495.132861328125,1514.05859375,66900,-0.010416693261573906,-0.012345710470793247,-0.10850439208197593,0.011310711909514269,0.035976015989340415,-0.021484401297464147,1566.4530029296875,-0.03344780155080451,1797.048114013672,-0.15747464859605953,1405.6672831217447,0.07711021799302298,1676.9036708768472,1669.2129394787953,7.690731398051867,75.42200922293055,-67.73127782487869,34.765718172989054,41.71265100386654,2.818990733106477,2.888036296811651,-97.18100926689353,132.28038262400173,0.08736807358048415,2174.764489540261,1419.331738487083,42.0374248837408,0.1253941600107418,0.04022475408837415,0.12797682537446087,0.47615319463918404,0.13975612660359188,-0.4935654806964421,-1.631823461091754,0.010526342946553857,-0.0019493227059147467,0.9402068312681049,0.012500032249156412,-0.03872574407197238,1.083978049978292,0.053289449920485676,-0.03959210994005968,1.0896719596301805,0.12171051782825248,-0.06932318653412961,1.5373556060099216,0.0003769084246435074,-0.015199173611907346,-0.010793601686217413,-0.09330521847006859,0.0006593913778107195,-0.005058976639438755,-0.011076084639384625,-0.10344541544253717,1.3820287754188747,-0.011327991119971419,0.011310711909506714,0.01856763925728202,0.0,0.5460526027439302,0.5473684155677394,0.014473720961773129,0.07763161798663054,0.0622568093385214,0.012675718562065834,0.07583361558692325
2025-07-07,1535.972655355712,1659.4879661625268,1519.0391046805842,1631.597412109375,158000,0.07763161798663054,0.06640625997309013,-0.017396491942583414,0.06225680933852137,0.09245901639344273,0.014473720961773082,1560.67568359375,0.04544296374969403,1798.940692138672,-0.09302323348484476,1420.1936136881511,0.14885561826395843,1669.933477220313,1666.4266041180974,3.50687310221565,61.03898199878758,-57.53210889657193,32.957516918323186,48.38933304933831,20.326415669136406,9.09785153949486,-79.67358433086359,133.21959618032494,0.08164979620065299,2172.924325126599,1424.9570591507452,41.578205954451576,0.2762692464743513,0.03075432800120166,0.11758388087398347,1.1926238479480076,0.32982907338905637,1.3617339312406576,-1.4905335628227194,-0.0720391056567965,-0.010416693261573906,0.5049780723273526,-0.062271071041329784,-0.0019493227059147467,0.9971241159109608,-0.0604395645509298,-0.03872574407197238,1.1495988103954529,0.017704487923478895,-0.022287375822661826,1.4953087612563312,0.006744199303259326,-0.01387772201351396,0.07088741868337121,-0.0035187699290694548,0.0013009876723893423,-0.007668316714861861,0.0763306303142412,-0.009728175227721552,1.3403130270370622,0.07588788726131249,0.06225680933848083,0.011310711909506714,0.0,0.43467635594484255,0.5799755901019807,-0.02869352117444901,0.0030525108173351523,0.03268384663733492,-0.038253692198203425,-0.006507660206419264
2025-07-08,1584.7811372168385,1654.507522889484,1575.816316201784,1636.577880859375,110600,0.0030525108173351523,0.0809211001576371,0.02623367227168516,0.03268384663733501,0.049936788874842195,-0.028693521174448983,1569.04287109375,0.043042169853207746,1797.6955810546874,-0.08962457375664068,1433.2590108235677,0.14185773017944325,1664.801847010938,1664.2155875804142,0.5862594305237963,48.948437485134825,-48.36217805461103,31.278472896133454,48.657703849774244,25.585598479218152,16.24366829382035,-74.41440152078185,129.32471121656602,0.07902142191276468,2173.662082614456,1421.729079494919,41.82760479827103,0.28572864932529224,0.036562675217222604,0.11784758190264841,0.892072172348989,0.2418882152761375,-0.30000000000000004,-1.042875157629256,-0.0030432213518502005,0.07763161798663054,1.2743888176414129,-0.07486309606357666,-0.010416693261573906,0.5395988094950033,-0.06512478773961139,-0.0019493227059147467,1.0654858405723457,-0.025563059351019768,-0.03959210994005968,1.2348666327905082,0.008751745422889418,0.0011880117241134386,-0.005699234605554266,0.02504566054757172,0.007132789752024144,0.0035563148619411245,-0.004080278934688992,0.022677357409744036,1.0532857113701408,-0.004460354710679249,0.032683846637314384,0.06225680933848083,0.0,0.43031031822631327,0.5812538173542241,0.023737027494163954,0.04321359401010505,0.01902497027348371,0.014222129774526443,0.03369869629046754
2025-07-09,1675.4253750136745,1723.237751946288,1640.56218350031,1707.30029296875,150100,0.04321359401010505,0.04639801479061201,0.11371017266157724,0.01902497027348373,0.05039465695203394,0.023737027494163922,1603.9060546875,0.06446402392335293,1798.6418701171874,-0.050783637736307896,1447.320497639974,0.17962835166884172,1671.340069465986,1667.4070472388094,3.933022227176707,39.9453544335432,-36.012332206366494,30.196978432707624,52.439625959631805,38.72727131426273,28.21309515420577,-61.27272868573727,126.2772226358765,0.07396310019734406,2173.5968951863406,1423.686845048034,41.693127609080264,0.3781966222061018,0.047276603369157524,0.1126620022003691,1.2149812612816797,0.3396265691607309,0.3571428571428572,-3.0095890410958903,-0.04142353422042555,0.0030525108173351523,0.8952493504180798,-0.044340694587883034,0.07763161798663054,1.2789276434543997,-0.11318553626182382,-0.010416693261573906,0.5415206287791098,-0.10210032686548509,-0.03872574407197238,1.232789114544969,0.009060167966869925,0.01997006770071931,0.034153426043235124,0.09374010496085793,0.009033539159341951,0.01720281180046411,0.0341800548507631,0.09650736086111313,1.5759913949870035,0.028976814028704008,0.019024970273472375,0.032683846637314384,0.0,0.37106180981427556,0.5985997641804787,0.013418936905567058,-0.04317383044033962,-0.05584340817501432,0.013931579152854746,-0.04266118819305193
2025-07-10,1730.2104478789538,1762.0853668957222,1617.652140100991,1633.589599609375,174900,-0.04317383044033962,-0.0018259328107446127,0.06770834663078684,-0.05584340817501435,0.0892857142857143,0.013418936905567053,1624.624755859375,0.00551810115945961,1780.6126220703125,-0.08256878595576378,1459.9708567301432,0.11891932094244817,1665.5323048726614,1664.9020511181104,0.6302537545509495,32.08233429774475,-31.4520805431938,29.450407138634656,48.435061715765706,25.272736853355628,29.86186888227884,-74.72726314664438,127.5740800757947,0.07809432681636942,2150.8732052798796,1410.3520388607453,41.58799939080139,0.30146006741187115,0.04255643703745038,0.11627135208685346,1.3239869493796412,0.5628391033191095,0.1652231845436376,-0.8625060945880059,0.04512191640786378,0.04321359401010505,1.1362518073292405,0.0018292729396127694,0.0030525108173351523,0.8372381738215456,-0.0012195152940953635,0.07763161798663054,1.1960545340307795,-0.06341464581133649,-0.0019493227059147467,0.9999924300345947,0.00037741216214394176,0.0243150327836295,-0.04355124260248357,0.04339331384715735,-0.00032528238981401015,0.01695107434795934,-0.04284854805052561,0.050757272282827504,1.5305700239697895,-0.04267596296516504,-0.05584340817498207,0.019024970273472375,0.0,0.43292674618756904,0.5804878162934877,0.027438976208496335,0.039634097587825545,0.011869436201780381,0.021260164951699745,0.033455286331028955
2025-07-11,1678.4136257675036,1787.9836547493585,1678.4136257675036,1698.33544921875,258200,0.039634097587825545,-0.005250888661426645,0.12171051782899345,0.011869436201780444,0.0652818991097923,0.027438976208496287,1661.480126953125,0.022182222746286673,1762.1849365234375,-0.036233136478636574,1473.451289876302,0.15262408800780558,1670.5789424643674,1667.3785991255652,3.200343338802213,26.305936105956246,-23.105592767154032,28.928896434079707,51.909026186481775,37.09090359509133,33.6969705875699,-62.90909640490867,129.4897925803796,0.07624512144515964,2109.6005902914076,1414.7692827554674,39.43010141187294,0.40810792977778293,0.022322069981991946,0.104938320667217,1.5156050974107924,1.1208494493425536,0.4762721555174385,-1.8455882352941178,-0.038123122048780544,-0.04317383044033962,1.0266434219099443,0.005278606033406685,0.04321359401010505,0.8810701979913244,-0.036363586704115325,0.0030525108173351523,0.6492096195725547,-0.10850439208250084,-0.010416693261573906,0.3926955112965996,0.0020179410075584986,0.02608997658866236,0.03761615658026705,0.09562054124033109,0.004036934710618994,0.020498191516799717,0.03559716287720655,0.10121232631219373,3.9224848700996815,0.023799282263842304,0.011869436201773373,-0.05584340817498207,0.0,0.3782991049565421,0.5964809304736345,-0.004105579426709083,-0.0029325589077771053,0.0011778563015312216,-0.010908839590975387,-0.00973581907204341
2025-07-14,1691.3627981387867,1735.190809397978,1674.4292483340992,1693.35498046875,97500,-0.0029325589077771053,0.03658530935411575,0.03785098450207336,0.0011778563015312341,0.03628792385484841,-0.004105579426709108,1673.831640625,0.011663861148812016,1746.6459106445313,-0.0305104370908732,1487.5459798177083,0.13835471537836042,1674.0829483111954,1669.3027755213566,4.7801727898388435,22.000783442732768,-17.220610652893924,28.401544270530994,51.62092857918194,37.832693271852875,33.39877790676662,-62.167306728147125,124.58063318634383,0.07357029956694856,2076.7539064697785,1416.5379148192842,37.79907465084709,0.4192825819887251,0.021105249081975017,0.10000373857611547,0.6160709208206696,0.4673210759408731,-0.6223857474825716,-2.162280701754386,0.0029411841028266217,0.039634097587825545,1.631482171855353,-0.03529406506590582,-0.04317383044033962,1.1051364518106166,0.008235315488977601,0.04321359401010505,0.9484332842582822,-0.03647053870727268,0.07763161798663054,0.9983508255350338,0.001699323794219059,0.02142131051251201,-0.004631882701996165,0.01642967398956135,0.002267753388088768,0.02116508833878547,-0.005200312295865874,0.01668589616328789,4.692508921496365,-0.013574011913137257,0.0011778563015305376,0.011869436201773373,0.0,0.38235293637379447,0.5952941066009179,-0.013529416074556821,-0.029411768946343897,-0.01610017889087645,0.00021370555349619832,-0.015668647318290877
2025-07-15,1670.4448763760652,1702.3197935162168,1618.648136023319,1643.5504150390625,137700,-0.029411768946343897,-0.032258076109103806,0.0042604353029787045,-0.016100178890876463,0.05169230769230774,-0.013529416074556865,1675.2261474609375,-0.018908332150178953,1732.451611328125,-0.051315255045916164,1500.8105936686197,0.09510848468921762,1669.385635500098,1667.3951932634088,1.990442236689205,17.998715201524057,-16.008272964834852,27.310176678599515,48.70957641677641,33.33332059509083,36.08563915401169,-66.66667940490917,121.65856349395483,0.07402180205770525,2054.560400887035,1410.342821769215,37.185314435648365,0.36200128780900037,0.020696761097936726,0.10053742254561095,0.841270520097018,0.7103393843725335,0.41230769230769226,0.5294117647058822,0.030303034803756512,-0.0029325589077771053,0.5956708475632481,0.033333345711425544,0.039634097587825545,1.5774585932392886,-0.006060547543620509,-0.04317383044033962,1.0685418588596112,-0.004242360999018979,0.0030525108173351523,0.675704571697387,-0.0094781913267964,0.0028083334016574444,-0.019933577619547498,0.0014521019013212602,-0.00458104054268434,0.009381442845604647,-0.024830728403659557,-0.005121007542625943,5.253938990950909,-0.005343261420007732,-0.016100178890866824,0.0011778563015305376,0.0,0.4242424255166457,0.5830302898277139,3.603567266807772e-08,0.04303034061660149,0.043030303030302974,0.0006450062009061423,0.04367531078183497
2025-07-16,1643.550474265507,1738.1791379353392,1643.550474265507,1714.27294921875,141000,0.04303034061660149,0.012352973234359688,0.004084024514442897,0.043030303030302954,0.05757575757575751,3.6035672559471734e-08,1676.6206787109375,0.022457238530386503,1712.43017578125,0.0010761159564700584,1514.5732533772787,0.13185212098195853,1676.2913760721983,1670.8676196304712,5.423756441727164,15.483723449564678,-10.059967007837514,26.580871232141195,52.78197337532201,62.857153480774954,44.67438911590622,-37.142846519225046,119.72786059412067,0.06984177207521983,1982.6036636942424,1442.2566878682576,31.554394653169794,0.5034103520884577,0.020859069080502394,0.08084831240912776,0.8711178109612568,0.8187630290747978,0.023965141612200425,-0.0743012951601909,-0.04125511880291688,-0.029411768946343897,0.8507299473004615,-0.01220223929947728,-0.0029325589077771053,0.6023686990689542,-0.009296944228312065,0.039634097587825545,1.5951958779446562,-0.004067413100214634,0.04321359401010505,0.927338889541026,0.0013939909056806092,-0.004606881648033991,0.04163634971092088,0.008690906162476888,-0.00021499005507782473,0.00029847364522892644,0.043245330671679315,0.0037855508692139703,4.284243314339104,0.04395141032271806,0.04303030303027677,-0.016100178890866824,0.0,0.3654851350486328,0.6002324247578461,0.0023241860596778796,0.01045899104798842,0.008115942028985579,-0.014798732724510853,-0.0066639277362003126
2025-07-17,1718.2572385098072,1733.198605801197,1683.3940481632314,1732.2025146484375,64000,0.01045899104798842,0.0539393856118906,0.06036578285185157,0.008115942028985516,0.029585798816568056,0.0023241860596779156,1696.34326171875,0.021139148978805977,1699.6304016113281,0.01916423300336967,1528.7177469889323,0.13310813461750515,1684.893089699312,1675.4109451873576,9.482144511954402,14.283407662042624,-4.8012631500882215,25.90365903185847,53.78382735607841,80.95236845724165,59.047614177702485,-19.047631542758364,114.7333389543953,0.06623552268518383,1938.8102239486202,1460.450579274036,28.144921638320724,0.5680912643859566,0.01916283523417431,0.07083274556476941,0.4581868686507113,0.3948886599083118,-0.5460992907801419,-8.085106382978722,-0.010350732826592157,0.04303034061660149,1.0094429449960982,-0.05117883091649733,-0.029411768946343897,0.9858176845812959,-0.022426670006624128,-0.0029325589077771053,0.6980190577100679,-0.056929206721547665,-0.04317383044033962,1.2521388019845219,0.009652995560135685,0.003979781923078019,0.0008059954878527342,0.05638600092877355,0.005707639594729578,0.006492083714011685,0.004751351453258842,0.05387369913783988,4.1167598670353165,-0.013037990571096024,0.008115942028980793,0.04303030303027677,0.0,0.3513513632378495,0.6043703121216815,0.010350829698356101,-0.006900465060295513,-0.0170745589072282,0.022568456033550056,0.005317161274898442
2025-07-18,1750.1322478806276,1763.0814335507744,1695.347231583852,1720.24951171875,62200,-0.006900465060295513,0.0034863540854002117,0.012903259194219086,-0.017074558907228254,0.03995299647473564,0.010350829698356047,1700.72607421875,0.011479472088388398,1689.8189025878905,0.01800820731928021,1542.8124379475912,0.11500884320461457,1690.332539240764,1678.7323204859792,11.600218754784692,13.746769880591039,-2.146551125806347,25.5257273026736,52.97682561256283,76.87076676852966,73.56009623551542,-23.129233231470344,111.37625774100437,0.06474424610047437,1907.7690099164547,1471.8687952593264,25.795676328958354,0.5698109523868798,0.020301903043752553,0.06499408673867191,0.6190225017665031,0.39927847426836394,-0.028124999999999956,-0.4017391304347826,0.006948412336265086,0.01045899104798842,0.6369363362227685,-0.0034742416494134565,0.04303034061660149,1.4032503657407869,-0.04458603019977647,-0.029411768946343897,1.3704083359043002,-0.012738886046299358,0.039634097587825545,2.5696400314487318,-0.0065927433358652435,-0.005079756339310114,-0.00030772172443026963,0.017983015533529198,-0.004072542111731318,-0.0017806553284086671,-0.002827922948564195,0.014683914522627753,3.6382390101368536,0.007916416521030489,-0.0170745589072185,0.008115942028980793,0.0,0.3607411097215856,0.601621313917605,0.004632258782312437,0.007527452611656216,0.0028818443804035088,-0.0016664995952249215,0.001228694234118857
2025-07-22,1728.2181526271777,1821.8507211268632,1687.3784153028466,1733.1986083984375,158100,0.007527452611656216,0.0005750446276209242,0.023529400739505935,0.0028818443804034203,0.07969303423848868,0.004632258782312336,1708.6947998046876,0.014340658492983271,1685.4360961914062,0.028338370297119164,1557.1561503092448,0.11305382446912482,1696.9273191111752,1682.7668603313466,14.16045877982856,13.829507660438544,0.330951119390015,25.64177311424013,53.78581934563187,72.86585043650923,76.89632855409353,-27.134149563490766,113.02597546121953,0.0652123622263902,1896.0725012768962,1474.7996911059163,24.994884773319708,0.6133766790874685,0.02151376229509744,0.062343804896751676,1.4040727879858972,1.0240565854416852,1.5418006430868165,1.231698113207547,-0.00747121340735768,-0.006900465060295513,0.5523929627623201,-0.0005747141419181201,0.01045899104798842,0.5683786112023872,-0.010919498255404725,0.04303034061660149,1.2522091278052592,-0.022988495223569383,-0.0029325589077771053,0.8658892905036367,0.003060659044197965,-0.003909240213188935,0.004466793567458251,0.027438640952694868,0.002099586125845786,-0.0020129289974103355,0.00542786648581043,0.02554232973691627,3.270957190908098,0.0006597962753900673,0.002881844380401753,-0.0170745589072185,0.0,0.350574722499476,0.6045976860980395,-0.0017241379310344307,0.0,0.0017271157167528806,-0.03487137677053344,-0.03314723883949901
2025-07-23,1730.2103349356817,1819.8585388183592,1730.2103349356817,1733.1986083984375,159100,0.0,0.007527452611656216,0.05454544779342485,0.0017271157167529734,0.05181347150259052,-0.001724137931034434,1726.6244384765625,0.0038075274358282396,1679.0113037109375,0.03227334120187475,1571.649275716146,0.1027896841727467,1702.5075174630617,1686.5025453733533,16.004972089708417,14.26460054629252,1.7403715434158968,25.749529939266193,53.78581934563187,72.86585043650923,74.20082254718271,-27.134149563490766,111.3561346341808,0.06424891763386263,1875.0863730239305,1482.9362343979444,23.356015397827218,0.6381799962569471,0.005085452120357155,0.05803396550280552,1.3612135419785936,1.06420692838175,0.006325110689437086,-88.46153846153847,-5.769829058976939e-13,0.007527452611656216,1.3526578314696145,-0.00747121340735768,-0.006900465060295513,0.5321651936585073,-0.0005747141419181201,0.01045899104798842,0.5475654725746699,-0.05172413185997349,-0.029411768946343897,1.1781213370864383,0.008077570686907934,0.014565651016389819,-0.008077570686907934,0.03997979677703503,0.011049079613166337,0.013888155482656348,-0.011049079613166337,0.040657292310768506,2.4399079222164,-0.02695873688136426,0.0017271157167519752,0.002881844380401753,0.0,0.350574722499476,0.6045976860980395,-1.4985245266885272e-09,-0.027586208353737707,-0.02758620689655178,-0.01534802497691116,-0.04293423183212434
2025-07-24,1733.198605801197,1733.198605801197,1682.397957010472,1685.38623046875,80200,-0.027586208353737707,-0.027586208353737707,-0.01685071141276806,-0.02758620689655177,0.03019538188277093,-1.4985245179995846e-09,1720.8470947265625,-0.020606632842313344,1665.9127014160156,0.0116894054743506,1585.0467010498046,0.0633038315851675,1699.8734733100907,1686.4198553804197,13.453617929671054,14.102404022968228,-0.6487860932971738,25.194762285862858,50.095197533298176,58.231701584303714,67.9878008191074,-41.76829841569629,107.03074297373685,0.06350517230932004,1818.7696530709911,1513.05574976104,18.35113586985057,0.5636985391959455,0.01220273865558779,0.04652581127354436,0.7658444820045646,0.5671812787745489,-0.49591451917033313,1.7584683357879234,0.028368795866666963,0.0,1.5192750260215238,0.028368795866666963,0.007527452611656216,1.5097258429541354,0.020685633131868553,-0.006900465060295513,0.59395918679157,0.01713952459487511,0.04303034061660149,1.3464348125017904,0.00406941847194818,0.01772541167434556,-0.03165562682568589,-0.03457612308711362,0.0062904109366736126,0.02091425640516917,-0.03387661929041132,-0.03776496781793723,2.2704570570203813,-0.041868316256466497,-0.027586206896535855,0.0017271157167519752,0.0,0.38888890110554525,0.5933805985695124,0.010047331827786943,0.04787239282075251,0.037448800468109944,0.005330953199085672,0.043156014192051236
2025-07-25,1702.3198651842526,1790.9719822125724,1699.3315915765563,1766.0697021484375,132200,0.04787239282075251,0.01896556666426963,0.019551517339110758,0.037448800468109916,0.05392731535756161,0.010047331827787012,1727.6205322265625,0.02225556434623943,1662.9742309570313,0.06199462942430167,1599.639437866211,0.10404236126056432,1710.0575085159903,1692.3198440299025,17.73766448608785,14.829456115592153,2.9082083704956982,25.18212473183948,55.628277650966204,81.57896991104315,70.89217397728537,-18.42103008895685,106.92752931445725,0.060545475178198534,1805.4013120909601,1520.5471498231025,17.129198815301297,0.861923695868141,0.01645632718452831,0.041370706324965346,1.1169219590912547,0.9435039538667961,0.6483790523690773,1.5365365365365364,-0.045685326905551715,-0.027586208353737707,0.6775880568768429,-0.01861256875138817,0.0,1.3441927661983255,-0.01861256875138817,0.007527452611656216,1.3357440373095868,-0.019176585986261485,0.01045899104798842,0.5407186488792761,0.004614385369496195,0.012004091618187065,0.04325800745125631,0.007547425720923692,0.0020772815826302295,0.01698945713093135,0.04579511123812228,0.002562060208179409,2.3370280517772497,0.04301772749070542,0.03744880046808792,-0.027586206896535855,0.0,0.3254370576238323,0.6119571388497738,0.03271289266894262,0.07162998146968369,0.03768432550518841,0.026742514050123768,0.06565960285086483
2025-07-28,1823.8429507606909,1935.4051629317437,1756.1087505139803,1892.5732421875,251000,0.07162998146968369,0.1229314729010964,0.10017368369811441,0.03768432550518837,0.10209869540555881,0.032712892668942666,1762.0852783203125,0.07405314911347527,1672.6861206054687,0.13145749155932873,1616.4235738118489,0.1708399164974217,1738.136852157761,1707.1534290786135,30.983423079147542,18.060249508303233,12.923173570844309,26.17519479354637,62.62518950022859,88.08864036419651,75.96643728651446,-11.911359635803489,112.09673525040769,0.05922980033300232,1846.4711840556058,1498.9010571553315,20.779160095766382,1.1326410256918367,0.04143212978762986,0.047105102471333336,1.6077273396916494,1.7692752315565392,0.8986384266263236,4.507267441860465,-0.06684208421639659,0.04787239282075251,0.8467791008256417,-0.10947370865296968,-0.027586208353737707,0.5137041141166147,-0.08421055007930245,0.0,1.0190813535655037,-0.09105260849534225,-0.006900465060295513,0.3984089264096438,0.004618556281705724,0.022930250605363647,0.06701142518797797,0.07724343309275077,0.00255468847037524,0.023429448626577868,0.06907529299930845,0.07674423507153655,2.7210294776976145,0.06467859883545843,0.037684325505167704,0.03744880046808792,0.0,0.2368420821953075,0.6378947324541436,-0.0136841771352042,-0.03736838846333457,-0.024012806830309708,-0.006589592667327023,-0.03027380399545739
2025-07-29,1866.6749347000584,1892.5733062593972,1816.8703740090216,1821.850830078125,121300,-0.03736838846333457,0.03158489603316861,0.05114948814873932,-0.024012806830309676,0.04166666666666652,-0.013684177135204255,1779.81572265625,0.023617673945545814,1680.754461669922,0.08394823373958626,1630.2028361002604,0.11756082723742756,1751.0159256839709,1715.649532856355,35.366392827615755,21.52147817216574,13.844914655450015,27.097331279417055,57.19520253504799,64.26333513934752,77.9769818048624,-35.73666486065248,109.49717789326255,0.060102164285594645,1866.121933390543,1495.3869899493009,22.05765041211889,0.8805855663308021,0.044048608295739096,0.05219500137611549,0.8154018862470674,0.8788199324764899,-0.5167330677290837,1.152519445383835,0.03881899162145097,0.07162998146968369,1.687270185061945,-0.03061783490159009,0.04787239282075251,0.8886737787457735,-0.07490437600999866,-0.027586208353737707,0.5391197961831394,-0.0486605270953151,0.007527452611656216,1.0627785508298546,-0.002090513955069999,0.018176301024218983,-0.03527787450826457,0.03297318712452034,-0.002607316284526335,0.0187979155281158,-0.034761072178808236,0.03235157262062352,3.258489806844686,-0.028872474926985345,-0.02401280683029681,0.037684325505167704,0.0,0.28485504462178396,0.6238381711069991,0.020229585950161777,-0.01804269219373489,-0.03751339764201489,0.010127009979885497,-0.028145268164011167
2025-07-30,1858.706118033564,1862.6904827024464,1783.999280492022,1788.979736328125,84600,-0.01804269219373489,-0.05473685432624953,0.03218392148446969,-0.037513397642014945,0.044109436069235126,0.0202295859501618,1790.9719482421874,-0.0011123635504266538,1690.4663513183593,0.05827586271201368,1640.9440185546875,0.09021375263169196,1756.8565119369177,1721.08139978019,35.7751121567278,24.372204969078155,11.402907187649646,27.48486216491866,54.81617097359052,53.91847879237632,68.75681809864012,-46.08152120762369,107.2967510587741,0.059976504417506904,1877.1391338113242,1503.7935688253945,22.085359149252827,0.7638664932673791,0.042431500761079384,0.05352834072740093,0.631998864493766,0.6285243051686095,-0.30255564715581207,0.2135004397537379,0.018374212452763494,-0.03736838846333457,0.9061638565377519,0.057906472474049675,0.07162998146968369,1.8750793733798492,-0.012806201051610233,0.04787239282075251,0.9875916062183907,-0.031180413504932614,0.0,1.1885463279073067,0.002974275078097248,0.01204372695960099,-0.021016967271832138,0.0201401945248687,0.0033675253234254268,0.010919374721778369,-0.021410217517160317,0.021264546762691322,2.6912995504126185,-0.027105711582672845,-0.03751339764199476,-0.02401280683029681,0.0,0.30846324418338766,0.6169264937460888,0.0005568009224965476,0.029510030554088074,0.028937117417918712,-0.01875552650108174,0.010197703130509786
2025-07-31,1789.9758418956403,1842.7686741830464,1747.143921360575,1841.7725830078125,79700,0.029510030554088074,0.010934897962438184,0.09278962276532154,0.02893711741791879,0.054732041049030705,0.0005568009224966506,1822.24921875,0.010713882632472194,1705.90576171875,0.07964497473242194,1647.5846252441406,0.11786220555061266,1769.9205228709016,1730.0214874266806,39.899035444221,27.477571064106726,12.421464380114273,27.334502204215877,57.84864930315567,70.44025168508712,62.874021872270326,-29.559748314912877,106.4630368990382,0.05780465942495181,1888.9681191989384,1522.8434042385616,21.462188778323576,0.8710943723200069,0.02658510882058168,0.050988384122191144,0.5958388468985728,0.6085316596803872,-0.05791962174940901,0.6860651361452215,-0.028664150594772342,-0.01804269219373489,0.6324713481508063,-0.010816619334262367,-0.03736838846333457,0.9068413065093712,0.02758248203244351,0.07162998146968369,1.8764811865939997,-0.0849107832219882,-0.027586208353737707,0.5995768572304334,0.007346562432671928,0.015083703085557336,0.022163468121416147,0.0777059196797642,0.007175837197541762,0.011713524462940475,0.022334193356546312,0.08107609830238106,2.229454160041463,0.013511830462248322,0.028937117417902624,-0.03751339764199476,0.0,0.27095725670510107,0.6279069704180104,-0.021633299389424487,-0.019469967823674272,0.002211166390270858,-0.03503961191224855,-0.03287628034649834
2025-08-01,1801.9289653123708,1820.8546979497037,1776.030594334968,1805.913330078125,38300,-0.019469967823674272,0.009465503385050145,0.022560620275189347,0.0022111663902708305,0.025238362310712272,-0.021633299389424508,1830.2179443359375,-0.013279628436611013,1719.7016235351562,0.050131781794038766,1655.9517903645833,0.09055912169969327,1775.457877825859,1735.6431054008617,39.81477242499727,29.945011336284836,9.869761088712437,27.194882240706146,55.141548233312015,59.11950742893696,61.159412635466815,-40.88049257106304,103.55439059716721,0.05734183854361939,1888.7045347586927,1550.6987123116196,19.654910934621398,0.7550598268361735,0.02212002994943487,0.04800710130068107,0.3330985119280577,0.3032918649678099,-0.519447929736512,0.17067876874506704,0.019856574693491114,0.029510030554088074,0.6931580000173941,-0.00937674774805397,-0.01804269219373489,0.7357737365303832,0.008825174350034715,-0.03736838846333457,1.0549569059235875,-0.022062868282245685,0.04787239282075251,1.1497551769422774,0.005588689216655767,0.016639590122481146,-0.02505865704033004,0.005921030152708201,0.006013271213692384,0.01586822149548115,-0.025483239037366656,0.006692398779708196,1.8419980983997353,-0.03054640196445751,0.0022111663902696036,0.028937117417902624,0.0,0.2961941144058043,0.6205184773829822,-0.029784916131995076,-0.011583041335153754,0.018760659465605345,-0.025403073685452644,-0.007201198888611321
2025-08-04,1752.124353000096,1822.846825463431,1752.124353000096,1784.995361328125,53200,-0.011583041335153754,-0.03082748771673216,-0.056842122915693793,0.018760659465605345,0.04036384309266608,-0.029784916131995076,1808.7023681640626,-0.01310719068775723,1733.2484619140625,0.02985544228084147,1664.518174235026,0.07237961649015645,1776.9251829800537,1739.2988280621405,37.626354917913204,31.48128005261051,6.145074865302693,26.716252187163683,53.56680431026178,52.515717465960876,60.69182552666167,-47.48428253403912,101.20925358760778,0.05670000929988209,1875.4552127416002,1591.0417110865249,16.409274717658864,0.6819424855463398,0.013213796479783258,0.04086874706519741,0.7053738348735763,0.4235803688015542,0.3890339425587468,-0.2872789654262339,0.011718780452977917,-0.019469967823674272,0.5078161254822927,0.031808049986421505,0.029510030554088074,1.056734861643309,0.0022321486572565163,-0.01804269219373489,1.121703504329033,0.06026787698667824,0.07162998146968369,3.3279855743095426,-0.001039716051003702,0.01096177043200618,-0.010543325284150052,-0.06780389334769997,-0.0023788528611127383,0.010903551302715543,-0.009204188474041017,-0.06774567421840934,1.906240571370601,-0.007048375497979619,0.018760659465594638,0.0022111663902696036,0.0,0.3113839286576942,0.6160714167332589,0.010044673260295678,0.011718780453544797,0.0016574585635358297,-0.0016336660577418415,4.044113550727771e-05
2025-08-05,1802.9250565038096,1877.631895861702,1787.983688632231,1805.913330078125,71400,0.011718780453544797,0.0,-0.008747971972719926,0.0016574585635357258,0.05013927576601669,0.010044673260295784,1805.5148681640626,0.00022069157119020133,1741.9642578125,0.03671089804385175,1668.452734375,0.08238806702158996,1781.3848979182185,1744.2332356188801,37.15166229933834,32.61535650195608,4.536305797382262,26.770044458009316,54.95224773118735,55.631402241509015,55.755542378802296,-44.368597758490985,100.59691651231988,0.05570417740252922,1879.4718903865996,1604.4566252384002,15.787652583271388,0.732529173357575,0.01241098693773823,0.03906052741227743,1.0910591219571828,0.5887882836079362,0.3421052631578947,-0.03927729772191668,-0.011583041335700983,-0.011583041335153754,0.8129460124386853,-5.537792446830281e-13,-0.019469967823674272,0.5852600051955197,0.019856574693491114,0.029510030554088074,1.2178909246496845,0.008825174350034715,-0.03736838846333457,1.853578032120536,0.005978435613359102,0.019932823673448313,0.005740344840185695,-0.02868079564616824,0.006126372239386715,0.019940095839136175,0.005592408214158082,-0.0286880678118561,2.2170671535315796,-0.0018637982087071955,0.0016574585635348066,0.018760659465594638,0.0,0.2961941144058043,0.6205184773829822,0.011582983763935184,0.015443987518759306,0.003816793893129722,-0.004369207234143552,-0.0005082034793194301
2025-08-06,1826.831194859494,1903.5302144909992,1826.831194859494,1833.8038330078125,130200,0.015443987518759306,0.027343752671363575,0.02505567601994696,0.0038167938931296936,0.04198473282442738,0.011582983763935139,1814.4796875,0.01064996518832717,1751.8255554199218,0.046795913744501316,1673.9810404459636,0.09547467306928104,1789.4493494704636,1750.8680946847269,38.581254785736746,33.808536158712215,4.772718627024531,27.04149418383411,56.80294702216098,59.842515333121966,55.99654501353063,-40.157484666878034,100.38405707664519,0.05474089172991863,1885.9337657542444,1617.7173450855992,15.310680897354095,0.8056422771712651,0.012596694013782685,0.037515495977054246,1.7462212148442215,1.0650655236163147,0.8235294117647058,0.3439028809566951,-0.015209098393543119,0.011718780453544797,0.9576051823339279,-0.026615972113333997,-0.011583041335153754,0.7135097436997895,-0.015209098393543119,-0.019469967823674272,0.513673368114698,-0.02444323426194528,-0.01804269219373489,1.1346414345301163,0.0040322688141935705,0.021454973284919684,0.011411718704565735,0.003600702735027276,0.0071951771838161946,0.023579771791953537,0.00824881033494311,0.0014759042279934229,2.3541412727359723,-0.0014944760543105784,0.003816793893127604,0.0016574585635348066,0.0,0.27648017058338176,0.626290049198789,0.005431880418894863,0.04562742831246491,0.03997839005942749,-0.0052670764643977745,0.03492847142917228
2025-08-07,1843.764836140422,1925.444315645292,1842.768744926948,1917.4755859375,122000,0.04562742831246491,0.06177608526459499,0.04110333904854646,0.03997839005942741,0.04486486486486468,0.005431880418894845,1829.6202880859375,0.0480183229397968,1762.3343200683594,0.08803168848350795,1681.7007486979167,0.14020023325850062,1809.1456935423155,1763.2093903330804,45.93630320923512,36.2340895688168,9.702213640418321,27.47952114903935,61.86466046865958,92.91341251370412,69.46244336277837,-7.0865874862958815,99.7595160452762,0.052026485644378805,1912.7828569976218,1611.885783139097,17.073779386356918,1.0155957945343284,0.02716343150614973,0.04025004102379689,1.4695077149155034,1.0095911155981827,-0.06298003072196623,0.3674794173527549,-0.04363641109398253,0.015443987518759306,1.568277905590152,-0.05818183901714258,0.011718780453544797,0.8600233675816962,-0.06909095770600548,-0.011583041335153754,0.6408017248647933,-0.03948055635536818,0.029510030554088074,0.9599980727767673,0.005322096617554338,0.019244640331080417,0.04030533169491057,0.021858698717466044,0.004544738672738344,0.020930836738351583,0.04108268963972657,0.02017250231019488,2.111322246416129,0.03603202044856474,0.039978390059405726,0.003816793893127604,0.0,0.22077915710715404,0.6425974102416677,-0.0020779181237911004,0.0015584455269812558,0.0036439354502864063,-0.005811218721171134,-0.002174855070398778
2025-08-08,1913.4912286655535,1924.4482320571835,1878.628036055822,1920.4638671875,81800,0.0015584455269812558,0.04725698170100734,0.0634308054553312,0.0036439354502863864,0.02439024390243909,-0.0020779181237910865,1852.5303955078125,0.036670638086901075,1776.6780334472655,0.08092959502638064,1690.0015096028646,0.13636813711347262,1826.2715664108055,1774.8578701000745,51.413696310730984,39.27001091719964,12.143685393531342,27.886260473872785,62.03575867125642,94.09451770757353,82.28348185146655,-5.905482292426477,95.90670747071087,0.04993934492040995,1929.967771966774,1623.388294927757,17.25577010957719,0.9690001924751651,0.03284757711537842,0.04094634530876409,0.8918350214236652,0.704043516430551,-0.3295081967213115,0.5936288555536828,-0.0015560205542293204,0.04562742831246491,1.330120692098865,-0.045124532495138814,0.015443987518759306,1.4195222468137068,-0.059647327433487995,0.011718780453544797,0.7784476837365489,-0.059647327433487995,-0.019469967823674272,0.4175706762900535,-0.0013048973494747406,0.011292909054766674,0.0028633428764559964,0.05213789640056452,0.0017682287029927037,0.016301836514202306,-0.00020978317601144788,0.04712896894112889,1.6890588630732517,-0.0014281968357490907,0.003643935450284482,0.039978390059405726,0.0,0.21887959964715625,0.6431535360172804,-1.9936099771022953e-08,-0.007780102768547015,-0.00778008298755184,-0.007290220844158952,-0.015070303676606195
2025-08-12,1920.4638289009408,1932.4169232716936,1867.6709954301164,1905.5224609375,83900,-0.007780102768547015,-0.006233782107924912,0.06752236012518087,-0.007780082987551813,0.03466666666666658,-1.993609972504418e-08,1876.6358154296875,0.015392781737027184,1787.0373840332031,0.06630251720633784,1698.8169169108073,0.12167617473544601,1838.4640117226047,1784.5367286806245,53.92728304198022,42.20146534215576,11.72581769982446,28.06150283830639,60.572411469556585,88.18899173822649,91.73230731983472,-11.811008261773502,93.68093749720131,0.04916286184895557,1945.6600323387547,1628.4147357276515,17.752583099023113,0.8734809567548686,0.027842930483510817,0.04270309236653106,0.8573384698705306,0.7806757171702133,0.025672371638141733,0.5952601370116646,0.007841107389330526,0.0015584455269812558,0.8358794616854518,0.006272885911359438,0.04562742831246491,1.2466661897998181,-0.03763725141049501,0.015443987518759306,1.3304585074748878,-0.06325147148935384,-0.011583041335153754,0.5436282073553306,0.002352509670682988,0.01628729564474114,-0.010132612439230002,0.051235064480439726,0.004316131940360338,0.023159135898395498,-0.012096234708907354,0.044363224226785375,1.5096246059775675,-0.014295841748360684,-0.007780082987547762,0.003643935450284482,0.0,0.22843696548329337,0.6403554645715017,0.018295847777318963,0.016204891211041073,-0.002053388090349051,0.015576421826414126,0.013485465260136236
2025-08-13,1940.3856098190747,1947.3582480473776,1896.557598098315,1936.4012451171875,112300,0.016204891211041073,0.008298712723519008,0.07225591221114547,-0.0020533880903490756,0.02678571428571455,0.01829584777731896,1902.7333984375,0.017694463505143476,1799.189697265625,0.07626296885704598,1707.66552734375,0.1339464398090291,1853.5312783986944,1795.78595212037,57.745326278324455,45.3102375293895,12.435088748934959,28.37502292472114,62.53910562333902,95.86466225285662,92.71605723288555,-4.135337747143385,90.6180598151914,0.04679715014832092,1964.347390819185,1634.032003712065,18.35911953081585,0.9153955680153203,0.02069603730840451,0.043753384969529935,1.0590243396422139,1.0377872859505965,0.3384982121573301,0.5926410466067049,-0.015946480234163896,-0.007780102768547015,0.7912034024575401,-0.008230410908310892,0.0015584455269812558,0.7713997416093775,-0.009773624773481426,0.04562742831246491,1.1504983921313454,-0.06738681632695309,0.011718780453544797,0.6733244688375251,0.000909464233840558,0.010830056574092653,0.015295426977200514,0.061425855637052815,0.0018013921740125947,0.018360981222392773,0.014403499037028478,0.0538949309887527,1.4532747956128875,0.013586973367534264,-0.0020533880903480174,-0.007780082987547762,0.0,0.20884771969493215,0.6460905290468516,-0.012345689844530328,0.020061717207445984,0.03281249999999991,-0.011855788789821001,0.02055161826215531
2025-08-14,1912.4950359304084,1975.248779296875,1900.5419419558432,1975.248779296875,119900,0.020061717207445984,0.036591706363340526,0.07713199402417215,0.032812500000000015,0.03930817610062906,-0.01234568984453028,1931.0223876953125,0.022903096247021804,1815.7746154785157,0.08782706975735799,1718.3901082356772,0.14947634406704813,1872.2570477676454,1809.0794948741852,63.17755289346019,48.88370060220364,14.293852291256549,28.94321915669598,64.91048953620422,100.0,94.68455133036105,-0.0,89.48154392418,0.045301404492444367,1981.700709056819,1649.8485219002123,18.27606710258767,0.9805578205910715,0.013702289834373603,0.04309244026413403,1.1530952770217635,1.1172091203026435,0.06767586821015148,0.47472023729270596,-0.01966716020171211,0.016204891211041073,1.0800050009136284,-0.035300018453959026,-0.007780102768547015,0.8068781796674392,-0.027735702299661158,0.0015584455269812558,0.7866821823217703,-0.07160867419462003,0.015443987518759306,1.2521518354314731,0.0026736906237367257,0.009427590904766685,0.01738802658370926,0.06770440311940545,-0.000337101459536922,0.010833337191227643,0.020398818666982906,0.0662986568329445,0.5209205271717783,0.020237320277458334,0.032812499999982855,-0.0020533880903480174,0.0,0.1850731179328296,0.6530509233088112,0.12102879842304826,0.11598593383275113,-0.004498425551057061,0.11942973309182375,0.11438686850152663
2025-08-15,2214.3107656417687,2331.849528730266,2173.4710259245794,2204.349853515625,528600,0.11598593383275113,0.13837452804479144,0.1496103886182547,-0.004498425551057099,0.07286892758936746,0.12102879842304831,1988.3972412109374,0.108606372925796,1840.2784606933594,0.19783494758934306,1732.1361673990884,0.2726192634291116,1923.34824865195,1838.3587806994772,84.98946795247275,56.10485407225747,28.884613880215284,31.478975708407635,74.97257906031048,78.19421028161497,91.35295751149054,-21.80578971838503,108.56148717483791,0.04924875559188053,2071.0756449944706,1609.481276392248,25.082854495200053,1.2887258112024391,0.056019238486176015,0.05371037506532581,2.8526559489695145,4.172027055824342,3.408673894912427,0.8784300104202849,-0.10393135819809296,0.020061717207445984,0.6470553315956201,-0.12155448372769684,0.016204891211041073,0.606040981969876,-0.1355625977892766,-0.007780102768547015,0.4527768333684114,-0.13014008058724036,0.04562742831246491,0.6583882439922073,0.0004461736750464722,0.0041935981785367026,0.11553976015770466,0.145416790439718,0.0030696915322309636,0.009249195080888823,0.11291624230052016,0.1403611935373659,0.8970580163090627,0.1132322424361673,-0.004498425551055067,0.032812499999982855,1.0,0.061906859222559486,0.6891098120747433,0.016719325529577667,0.019882452320114208,0.0031111111111110645,0.008256509664253377,0.011419636454789918
2025-08-18,2241.2050962976296,2275.0721955305717,2195.3849032177673,2248.177734375,165100,0.019882452320114208,0.1381744709520989,0.17064307888668262,0.003111111111111131,0.03629764065335743,0.016719325529577656,2053.9400146484377,0.09456835075035741,1866.0772216796875,0.2047613615636832,1745.6165995279948,0.2878989206344664,1973.3220156862653,1868.7157402309974,104.6062754552679,65.80513834885956,38.80113710640835,33.83360679213989,76.36864982804745,85.68992783707601,87.961379372897,-14.31007216292399,106.49904468469266,0.047371274546606223,2151.6386292243756,1580.5158141349993,30.605529527620455,1.1690338795789779,0.07116418213161864,0.06515939951098552,0.8174845638514366,1.2530738638088588,-0.6876655315928868,0.8905341089370704,-0.019494846955478762,0.11598593383275113,2.6173370106109597,-0.1214000792312262,0.020061717207445984,0.5936789776243928,-0.1386796446257611,0.016204891211041073,0.556047949851704,-0.1457686650737423,0.0015584455269812558,0.40502869365867666,0.014034688307777776,0.019341938537051115,0.005847764012336432,0.1513011403496315,0.009433967158717863,0.016644218394257403,0.010448485161396345,0.15399886049242523,0.9569010752772839,0.010855079001806503,0.003111111111109743,-0.004498425551055067,0.0,0.041205147521514954,0.695170568708168,0.0035445082847977982,-0.00753214191702134,-0.011037527593819152,-0.00046136506717785793,-0.011538015268996997
2025-08-19,2256.14641898019,2291.0096086774556,2200.365315464565,2231.244140625,108700,-0.00753214191702134,0.012200552950559329,0.17093562860825462,-0.011037527593819098,0.041195110909914026,0.003544508284797736,2119.0843505859375,0.05292842165862677,1891.626953125,0.17953708416861325,1759.644881184896,0.2680082012464209,2013.0023425999168,1895.5696958157384,117.43264678417836,76.13064003592332,41.30200674825504,36.076876485410054,74.63634215199733,82.79383901279124,82.22599237716075,-17.20616098720876,105.3665624367068,0.04722323322590107,2209.9827193851784,1573.2711868648216,33.65946607329201,1.0333925493004037,0.06744219138964586,0.07319372149763623,0.5253212578713615,0.8107039774464689,-0.34161114476075105,0.948467966573816,0.007589305643733502,0.019882452320114208,0.7978890494439907,-0.012053493663328751,0.11598593383275113,2.5545981316541098,-0.11473211589355825,0.020061717207445984,0.5794481952049333,-0.14598208853878047,-0.007780102768547015,0.4054687537755955,0.0045919302939303455,0.019577951464313084,-0.012124072210951686,0.15135767714394155,0.004186298307601821,0.016235487397176486,-0.01171844022462316,0.15470014121107814,0.4797381586066916,-0.009540468958488547,-0.011037527593814206,0.003111111111109743,0.0,0.04910717162435091,0.6928571249847522,-0.017857107345126244,-0.07053568067843319,-0.05363636363636359,-0.016951324028486196,-0.06962989736179313
2025-08-20,2191.4005744926753,2191.4005744926753,2072.8657252360263,2073.86181640625,119600,-0.07053568067843319,-0.07753653783837078,0.07098764867853813,-0.05363636363636364,0.057184046131667374,-0.017857107345126282,2146.57646484375,-0.03387470683172655,1908.6601135253907,0.08655375659034292,1770.6350870768229,0.17125308966335862,2022.3653385701218,1908.7765195631837,113.58881900693814,83.62227583012628,29.966543176811854,36.25239530135027,60.82635664308513,55.87733227246129,74.78703304077618,-44.12266772753871,109.15312336186874,0.05263278512498252,2227.739853864183,1589.5803731865985,33.43494612557664,0.7588721281793881,0.0567830170313475,0.07892736719163031,0.573948680541892,0.904991071158328,0.10027598896044165,0.6009857274874217,0.0758885297817955,-0.00753214191702134,0.5216406486195958,0.08405377667338243,0.019882452320114208,0.7922987220523944,0.06292031420609878,0.11598593383275113,2.5366996031308036,-0.06628241583048122,0.016204891211041073,0.5389166958599872,-0.003971845397138291,0.014217775196291593,-0.06656383528129489,0.05676987348224653,-0.0018880785286513886,0.012612430132652331,-0.0686476021497818,0.0583752185458858,2.152133114351913,-0.0664722843544257,-0.05363636363633917,-0.011037527593814206,0.0,0.12872237246296653,0.6695485037667431,6.084188308719263e-08,0.07060525245752025,0.07060518731988452,-0.005007080477636896,0.06559811113800026
2025-08-21,2073.8619425839083,2220.287353515625,2073.8619425839083,2220.287353515625,113300,0.07060525245752025,-0.004910617762476588,0.12405453773067299,0.07060518731988463,0.07060518731988463,6.084188316327282e-08,2195.5841796875,0.01125129888239118,1933.01455078125,0.14861388530009867,1783.7336873372396,0.24474150445004406,2052.8148793309683,1931.8513961522533,120.96348317871502,91.09051729984404,29.872965878870986,36.581935817189155,66.952974661127,80.75602373588018,73.14239834037757,-19.243976264119823,111.81543862954776,0.05036079607103455,2268.7291403107724,1597.2999612517274,34.734822807602725,0.9278527232566288,0.031480069489607014,0.07756561347586498,0.5471817483736676,0.872437743520244,-0.05267558528428096,0.5290729566648382,-0.06594891281908055,-0.07053568067843319,0.5776075649204824,0.004934850928651535,-0.00753214191702134,0.524966072799803,0.012561608664842572,0.019882452320114208,0.7973495733141441,-0.11036345085317134,0.020061717207445984,0.5790564133274736,0.004739592990770182,0.014253120477305281,0.06586565946675008,0.1098014172533677,0.002326594617279433,0.014504147459508903,0.06827865784024081,0.10955039027116409,2.821337043971535,0.06404114487748501,0.07060518731985059,-0.05363636363633917,0.0,0.054284359124968935,0.6913414206826162,-0.017945278128603137,-0.004486328080114399,0.013704888076747412,-0.031407609364654296,-0.01794865931616556
2025-08-22,2180.443679431367,2210.326416015625,2153.5492165055343,2210.326416015625,57300,-0.004486328080114399,0.06580216605070222,0.002711258601019395,0.013704888076747346,0.02636447733580031,-0.017945278128603123,2196.7794921875,0.006166719907617635,1959.2615600585937,0.1281425926349491,1795.8527974446615,0.23079487314299474,2077.0474234363,1952.479175401392,124.56824803490804,97.78606344685684,26.782184588051194,36.88793772475383,66.19454188625215,79.0378065672961,71.89038752521253,-20.962193432703902,108.5956313710151,0.04913103810554934,2295.513074188644,1623.0100459285431,34.324310851073356,0.8733289597321011,0.03172964965460991,0.07803977997399374,0.5079742200867013,0.445148810217447,-0.4942630185348632,-0.004437869822485174,0.004506545923181449,0.07060525245752025,1.0044237196478754,-0.06173956869967956,-0.07053568067843319,1.0602742883485075,0.009463635984621854,-0.00753214191702134,0.963643939326779,-0.002703927554632779,0.11598593383275113,4.686128669072082,0.005946964432891047,0.017710345986461824,-0.010433292513005446,-0.01499908738544243,0.00477161396395963,0.01555605997713719,-0.009257942044074029,-0.012844801376117794,3.405706808942035,-0.020737046246814606,0.013704888076741062,0.07060518731985059,0.0,0.05903554000593452,0.6899504366201987,0.015322181665748502,0.02929243804907644,0.01375943186861961,-0.0034149127459156964,0.010555343637412243
2025-08-25,2244.193438902419,2325.8729160395687,2205.345882703043,2275.072265625,125600,0.02929243804907644,0.02467469448160764,0.01196281363291618,0.013759431868619585,0.054652213188798454,0.015322181665748443,2202.1583984375,0.03311018282708522,1984.711688232422,0.14629861813834832,1809.416239420573,0.2573515236893673,2107.5127837730233,1976.3749598624,131.1378239106234,104.45641553961016,26.681408371013248,37.80419483723004,68.67819214012525,89.56042852497754,83.11808627605129,-10.439571475022472,109.44787436855157,0.048107427628649994,2335.363803891246,1634.0595725735982,35.33532026217002,0.9140294103844676,0.033343157421477754,0.07906594555576069,1.1973193773176614,0.9782617161639056,1.1919720767888307,-0.026125874125874082,-0.0284588101172073,-0.004486328080114399,0.5462293019132325,-0.024080515128296676,0.07060525245752025,1.0800659669593236,-0.08844134415413207,-0.07053568067843319,1.1401225917770088,-0.011821396470498402,0.019882452320114208,1.5738648821269579,0.009904904904952525,0.014437240640768833,0.019387533144123916,-0.002474427007852652,0.006245698137221399,0.012457993786757375,0.023046739911855043,-0.0004951801538411946,3.6955254310978796,0.006211301748014108,0.013759431868613455,0.013704888076741062,0.0,0.028896648665997005,0.6987740782712113,0.006567403822927531,-0.008318760478933984,-0.014789038712483604,0.019768251321876023,0.004882087020014508
2025-08-26,2290.013583919702,2299.9744955504966,2225.2676583195366,2256.146484375,50900,-0.008318760478933984,0.020730000794168202,0.011160743594389677,-0.014789038712483646,0.0335720680393911,0.00656740382292747,2207.1388671875,0.022204138541100038,2002.8903503417969,0.126445331362677,1822.0998006184896,0.23821235456364165,2130.3795069425582,1997.0987764929628,133.28073044959547,110.22127852160723,23.059451927988235,38.65500501310081,67.12573635090351,85.00984236056719,84.53602581761362,-14.990157639432805,106.96637171586646,0.047411093409323105,2369.8679004114706,1635.9128002721231,36.64479685640787,0.845056712576996,0.03501441093795938,0.0834411738510998,0.5453123493427325,0.4299494872704543,-0.5947452229299364,0.00661186561829874,0.008388542756448958,0.02929243804907644,1.3456037539773518,-0.020308995305793665,-0.004486328080114399,0.6138781457237441,-0.0158939728021662,0.07060525245752025,1.2138288640575952,-0.01103755625951186,-0.00753214191702134,1.1645471979087432,-0.004001776433780973,0.007333074180413752,-0.004316984045153011,0.0038276694139759253,-0.004400282499649497,0.0047856367654543295,-0.003918477979284487,0.006375106828935348,3.6137113295856613,0.007582590243426918,-0.014789038712477188,0.013759431868613455,0.0,0.03752759219575477,0.6962472317473051,-0.015452506307335967,0.012803565260525174,0.028699551569506765,-0.010102511664634606,0.018153559903226535
2025-08-27,2221.2833665949215,2292.0058414954774,2215.306819420227,2285.033203125,43300,0.012803565260525174,0.004378294988912623,0.10182519637913212,0.028699551569506734,0.03462230215827329,-0.015452506307335934,2249.37314453125,0.015853331706849882,2026.0494689941406,0.1278269549155222,1834.4679341634114,0.2456108719969632,2154.1723832783186,2018.4272525397803,135.74513073853836,115.32604896499346,20.419081773544903,39.28739725007946,68.30345458324702,90.42769064832184,88.3326538446222,-9.57230935167815,104.80441817010818,0.045865599688762644,2402.7363408704978,1649.3625971177833,37.184370632704095,0.8437652775643687,0.014429519508193453,0.08456607447347143,0.5545523238688029,0.3782121831490313,-0.14931237721021606,0.11159569009748593,-0.012641706348722637,-0.008318760478933984,0.6518871428388469,-0.00435920908605314,0.02929243804907644,1.6085859556101996,-0.03269396129919411,-0.004486328080114399,0.7338533061820417,-0.0924150189287668,-0.07053568067843319,1.5317426774759544,-0.0050009286597830546,0.006791266504093133,0.01780449392030823,0.09503392987503899,-0.0017833315475671203,0.005178482469111476,0.014586896808092295,0.09664671391002065,2.645602674125018,0.017521551971620253,0.028699551569493813,-0.014789038712477188,0.0,0.024411473046972828,0.7000871850460343,1.1173160174848817e-09,0.0004359209085618154,0.0004359197907586321,-0.0023365373364157174,-0.0019006175451699195
2025-08-28,2285.0332056781044,2310.9315767973853,2208.334183517157,2286.029296875,68900,0.0004359209085618154,0.013245067510888164,0.029609655369733368,0.0004359197907585671,0.04645917907081631,1.1173161157986214e-09,2262.521533203125,0.010390072901354408,2050.9019470214844,0.11464582701960735,1846.5040364583333,0.23803103147202176,2174.4580622931926,2038.249626194241,136.20843609895155,119.50252639178508,16.70590970716647,39.98440279574395,68.34556665364491,90.12874819317909,88.5220937340227,-9.871251806820904,104.64677353511676,0.04577665460286228,2427.3324284378036,1674.4714656051651,36.70877410429178,0.8123117832658626,0.013801695436650746,0.08447169192580242,0.9956503518735278,0.6059753212372803,0.5912240184757507,0.07748878923766811,-0.0004357309647611274,0.012803565260525174,0.6257135012499819,-0.013071928930148302,-0.008318760478933984,0.7355385037788471,-0.0047930406079981225,0.02929243804907644,1.8150026733717721,-0.02875813684899642,0.07060525245752025,1.6372595771737402,-0.002628627048127167,0.0017709098123917365,0.0030645479566889823,0.02783874555734163,0.0008831781418215038,0.004578076979737693,-0.0004472572332596884,0.025031578389995673,2.7395327495028674,-0.0019835745346032823,0.0004359197907583763,0.028699551569493813,0.0,0.02396510524795781,0.7002178663461073,-4.7781260392731895e-08,-0.018300700501603262,-0.018300653594771177,-0.004142929243822841,-0.02244358196416571
2025-08-29,2286.029187645639,2295.9900991386485,2236.2246301805926,2244.193359375,39700,-0.018300700501603262,-0.017872757251031435,0.015322145685805255,-0.018300653594771184,0.026726057906458767,-4.7781260343664454e-08,2269.294921875,-0.011061392796071101,2071.022985839844,0.08361586265246035,1859.4366190592448,0.20692113749443664,2185.1865695365477,2053.504717540964,131.68185199558366,121.9383915125448,9.74346048303886,40.631622231003824,64.47125325460091,81.11585024579645,87.22409636243248,-18.88414975420354,101.4409660653267,0.04520152670513759,2443.589460936803,1698.456510742885,35.97898020874696,0.7324019807338934,0.008228671181944073,0.08516314705352218,0.6044365950579316,0.3554131117895095,-0.4238026124818578,0.09113422486379386,0.018641859590312837,0.0004359209085618154,1.0490096070400876,0.01819800579053288,0.012803565260525174,0.6592469663981974,0.005326245596914081,-0.008318760478933984,0.7749577503387586,-0.015090920405268382,-0.004486328080114399,0.8723984104992312,0.004006135990355527,0.000241767263399864,-0.02230683649195879,0.01508037842240539,0.001512258418270138,0.0016197813201097363,-0.019812958919873398,0.013702364365695519,2.777015430287665,-0.02250026546372185,-0.01830065359476318,0.0004359197907583763,0.0,0.04305371896582648,0.6946293699027134,-0.0026630364817259444,-0.011540090006588177,-0.008900756564307999,-0.0030879330862815892,-0.011964986611143822
2025-09-01,2238.2169905869373,2264.1153625296433,2206.3420712728375,2218.295166015625,37300,-0.011540090006588177,-0.029629598777219268,-0.02495617412565021,-0.008900756564307964,0.026185101580135497,-0.0026630364817259323,2257.939501953125,-0.017557749401252654,2091.6420776367186,0.06055198914383442,1870.360420735677,0.18602550686028052,2190.280199764098,2065.711417427976,124.56878233612224,122.4644696772603,2.104312658861943,40.690834622373984,62.12353900915847,73.91305587728581,81.71921810542047,-26.08694412271419,98.32184643614664,0.04432315768541407,2448.554368928553,1734.7297863448841,34.12747287003314,0.6774288690373889,0.012922520106221387,0.0825373219191761,0.7767435080485621,0.3340767212116327,-0.06045340050377834,-0.009018841911764719,0.01167481846199947,-0.018300700501603262,0.8267216426146894,0.030534318379282555,0.0004359209085618154,1.4347889465025718,0.030085282666966195,0.012803565260525174,0.9016888444638804,0.025594925543803715,0.02929243804907644,2.6155223756273296,-0.00044453139226436955,-0.009457985150659376,-0.011095558614323807,-0.015498188974990834,0.0001530047690486295,-0.004258414455747473,-0.011693094775636808,-0.020697759669902737,3.5129843900143873,-0.01207759337185377,-0.008900756564303988,-0.01830065359476318,0.0,0.05523118178133609,0.6910642232325636,-5.696059512949603e-09,-0.0022451785615823505,-0.0022451728783114966,-0.008265112304102139,-0.010510285169624977
2025-09-02,2218.295153380084,2256.1466198499734,2183.4319605788705,2213.314697265625,50500,-0.0022451785615823505,-0.01375935900548897,-0.018984488554270595,-0.0022451728783114827,0.03330291970802918,-5.696059486788922e-09,2249.37314453125,-0.016030442683231838,2113.0580444335938,0.047446237028409444,1881.1182067871093,0.1765952236700321,2193.823968610487,2076.644993712246,117.178974898241,121.40737072145645,-4.22839582321545,40.338384141387046,61.658533872628254,72.51733215473544,75.84874609260591,-27.482667845264558,96.49276163864351,0.043596494324918675,2444.2773263130025,1781.838762554185,31.34975707382352,0.6513448315314762,0.01582660550696116,0.07676807401612068,1.053378110594272,0.45284981527314466,0.353887399463807,-0.009053790165098552,0.002250230730926228,-0.011540090006588177,0.7780396737656703,0.013951320228663855,-0.018300700501603262,0.828101207734507,0.03285325837223918,0.0004359209085618154,1.4371832043553534,0.01935187398397109,-0.008318760478933984,1.0617216995890781,-0.0007234909109175504,-0.005781484853069774,-0.0015216876506648001,-0.013203003701200821,0.0027550355360142086,0.002994904464751784,-0.005000214097596559,-0.02197939301902238,3.3691953910764694,-0.011527431591773312,-0.002245172878310471,-0.008900756564303988,0.0,0.0576056954152888,0.6903690464536593,-0.022502230996029327,-0.03600358139663662,-0.013812154696132617,-0.008542096043757857,-0.02204344644436515
2025-09-03,2163.5101786808473,2213.3147408051764,2100.756430404193,2133.62744140625,33000,-0.03600358139663662,-0.03816792548912695,-0.06625976441466508,-0.013812154696132568,0.05357989568515887,-0.02250223099602929,2219.0919921875,-0.03851329781870094,2129.44375,0.0019646874472492026,1890.1162333170573,0.12883398586589268,2184.56296442522,2080.865915763654,103.69704866156599,117.86530630947836,-14.16825764791237,38.69741642748518,54.61462321135255,23.46158923856226,56.63065909019451,-76.53841076143773,97.64030083595351,0.04576258204269913,2429.192465106735,1829.6950348932646,28.152771361698125,0.5069786644535913,0.026146683322039867,0.07206874236722724,0.7192519779429394,0.30110587977663417,-0.3465346534653465,-0.052850219247634445,0.037348252235552826,-0.0022451785615823505,1.1006734813975283,0.039682525151875536,-0.011540090006588177,0.8129726902203527,0.05182062989161107,-0.018300700501603262,0.8652819249798391,0.07096166780545765,0.012803565260525174,0.9437457771190689,-0.007634241874510987,-0.008003716765945563,-0.02836933952212563,-0.058256047648719514,-0.004653378317423823,-7.557712499846607e-05,-0.031350203079212796,-0.06618418728966662,4.168193272540133,-0.016607401199366517,-0.013812154696126183,-0.002245172878310471,0.0,0.09710541969391186,0.6788048715005307,0.0014005280426576672,-0.012605073748148898,-0.013986013986014068,-0.012165136863334428,-0.026170738654140994
2025-09-04,2136.615646470523,2168.490565205748,2106.73291015625,2106.73291015625,27000,-0.012605073748148898,-0.04815482734608334,-0.07843135998468964,-0.01398601398601405,0.029314420803782784,0.0014005280426575765,2183.23271484375,-0.03503969328067702,2143.090203857422,-0.016964891928820336,1897.5371134440104,0.11024595789404157,2172.5891099223013,2082.781989422365,89.80712049993645,112.25366914756998,-22.446548647633534,37.17366069314773,52.437310321350125,13.385858644041964,36.454926679113235,-86.61414135595804,95.07725470834956,0.045130189142606046,2410.9090862052876,1875.271321509556,24.99371065817103,0.43212335630997845,0.028245180573199538,0.06521386129294422,0.7199808005119863,0.25853154084798347,-0.18181818181818177,-0.1040452805060762,0.012765989993004156,-0.03600358139663662,0.8799765339590945,0.0505910296433445,-0.0022451785615823505,1.3466307565131597,0.052955101864359255,-0.011540090006588177,0.9946401429295219,0.08510636818426454,0.0004359209085618154,1.837284339084291,0.002419628748055904,-0.0031638213705670335,-0.015024702496204802,-0.07526753861412261,0.004521888301997365,0.0033249337756837624,-0.017126962050146265,-0.08175629376037341,4.152900799310324,-0.03138402729190576,-0.013986013986007505,-0.013812154696126183,0.0,0.11111105650351573,0.6747044977041523,-0.012765953881733405,0.0014184433326094315,0.014367816091954033,-0.03039713325699316,-0.016212736042650323
2025-09-05,2079.8384549840653,2149.564839969163,2043.9791712774431,2109.72119140625,41600,0.0014184433326094315,-0.01120450999835454,-0.05992004539492979,0.014367816091953969,0.051656920077972825,-0.012765953881733426,2156.33828125,-0.021618634817216598,2152.7024841308594,-0.019966202037873693,1904.5595581054688,0.10772130093099053,2162.9171224582933,2084.7774858656157,78.13963659267756,105.4308626365915,-27.291226043913937,34.865496519184056,52.66312577152634,23.321560463955272,20.05633611551984,-76.67843953604473,95.82785570716173,0.0454220472816323,2400.492066333991,1904.912901927728,23.021256678966946,0.4132705815505705,0.026214389644153163,0.06025126643465635,1.0981758665293946,0.41427660930529,0.5407407407407407,-0.060258738084430274,-0.0014164342014343356,-0.012605073748148898,0.7127583749109052,0.011331473607208542,-0.03600358139663662,0.8711491248911064,0.04910293657773557,-0.0022451785615823505,1.333122145666693,0.06373930759924384,-0.018300700501603262,1.048018795702331,0.004316637444255115,-0.0027464017568680035,-0.002898194111645684,-0.05717364363806179,0.005877059791753251,0.0077966391439059516,-0.00445861645914382,-0.06771668453883574,3.5048903721678197,-0.01918000694816115,0.014367816091947061,-0.013986013986007505,0.0,0.10953724080201899,0.6751652573790228,0.008498608776423167,0.009915039406726889,0.001404494382022392,-0.01206462037790864,-0.010648189747604918
2025-09-08,2127.650886439341,2186.4202695385547,2101.752514226128,2130.63916015625,35100,0.009915039406726889,0.011347546660875452,-0.03951503262607636,0.0014044943820224474,0.040284360189573404,0.008498608776423057,2138.807080078125,-0.0038189138230143582,2163.211248779297,-0.015057285155304356,1906.8339680989584,0.11737004678981022,2157.9512821041326,2088.174646924181,69.77663517995143,98.3000171452635,-28.52338196531207,33.1512658967925,54.29880277366698,30.742075866896016,22.483164991631096,-69.25792413310398,95.03070567896637,0.044601970833931685,2387.417277965995,1939.0052195925994,20.728999935925582,0.42736125620439025,0.020349769164732245,0.053981579014896836,0.9374749606046847,0.3578674768813532,-0.15625,-0.019593067068575776,-0.009817696558931277,0.0014184433326094315,1.1110814347907374,-0.011220224638711529,-0.012605073748148898,0.7211345850805267,0.0014025280793108497,-0.03600358139663662,0.8813867150984215,0.041140709087457816,-0.011540090006588177,0.9962340749445795,0.0072731029282420015,0.004619166954605098,0.0026419364784848872,-0.04413419958068146,0.006854409718110603,0.014872376424530471,0.003060629688616286,-0.054387409050606836,3.2813265628358588,-0.012576517273869683,0.001404494382021787,0.014367816091947061,0.0,0.09864414085151169,0.6783543863137216,-6.620619807939931e-08,0.018700259811451625,0.018700327255727345,0.00871067651365006,0.027411002531299765
2025-09-09,2130.639019094732,2191.4005806490936,2122.670289710554,2170.482666015625,33900,0.018700259811451625,0.02880071303112519,-0.019351984289859736,0.01870032725572726,0.03237916471140314,-6.620619804826686e-08,2130.240673828125,0.0188908195589772,2176.459259033203,-0.0027460164915883434,1908.560526529948,0.1372354378306011,2159.8791873212854,2094.271537227251,65.6076500940344,91.76154373501768,-26.153893640983284,31.617445389682683,57.32367934995215,44.876304312793856,32.97998021454839,-55.123695687206144,93.15210462607877,0.04291769111293389,2366.974814426368,1985.9437036400384,17.506925948872855,0.48431468494726215,0.01175691713795476,0.04502796512252126,0.9935230503209167,0.3546729998639897,-0.03418803418803418,0.03021617102591656,-0.018356979525433248,0.009915039406726889,1.0286920078544006,-0.02799445282918911,0.0014184433326094315,1.2191905278274378,-0.029371234729725693,-0.012605073748148898,0.791301544503385,0.019733873907229693,-0.0022451785615823505,1.4800269628674423,-0.0017390820301784358,0.003549703221111215,0.02043934184163006,-0.02290168751097095,-0.0029035809066160463,0.009064071932650077,0.02160384071806767,-0.02841605622250981,2.942507589232635,0.027244068665120316,0.018700327255718484,0.001404494382021787,0.0,0.07847635285266943,0.6842588282584579,-8.412658347722868e-10,0.04313905373465032,0.04313905461220746,-0.006408569119549023,0.03673048545636713
2025-09-10,2170.482664189672,2264.115234375,2156.5373877790917,2264.115234375,64200,0.04313905373465032,0.06264602505896,0.061157721557399514,0.043139054612207524,0.04988452655889138,-8.412658522087621e-10,2156.338232421875,0.0499814919253303,2192.8449584960936,0.03250128359587845,1912.8935221354166,0.18360756005191603,2175.915502252626,2106.852551830788,69.0629504218382,87.22182507238179,-18.158874650543595,30.983206608174395,63.44663989323959,78.09185808053932,51.236746086743075,-21.90814191946068,94.18251476678087,0.041597933416466754,2351.695064737095,2033.9948522550924,14.488038073603212,0.7243318483236574,0.028886794381577263,0.035991271061477405,1.5906444339833008,0.6890186314072293,0.8938053097345133,0.09003411306042874,-0.041355036589460714,0.018700259811451625,0.8399197244865092,-0.05895286255451415,0.009915039406726889,0.8696513961497485,-0.06819177779716745,0.0014184433326094315,1.0306979509922944,-0.057633017519849394,-0.03600358139663662,0.8176209707390798,0.0038267602612171692,0.015373561486922944,0.03931229347343315,0.04578416007047657,0.00217792752743739,0.01605416748751442,0.040961126207212935,0.045103554069885095,2.9768485301805665,0.03665569337575853,0.04313905461218765,0.018700327255718484,0.0,0.033875923820055436,0.6973163159684891,0.011878631845935628,-0.020237516034391834,-0.0317391304347826,0.018095262595328603,-0.014020885284998858
2025-09-11,2291.009825700915,2300.970737986571,2201.3616151300093,2218.295166015625,45100,-0.020237516034391834,0.02202851040859488,0.05295510186485908,-0.03173913043478261,0.045248868778280535,0.011878631845935643,2178.65068359375,0.018196805352688417,2204.997277832031,0.0060307957367014,1917.7411682128907,0.156722921102882,2182.4354505238566,2115.107560288924,67.32789023493251,83.24303810489194,-15.915147869959426,30.747360389943168,58.98657525378157,61.837482376658414,61.6018815899972,-38.162517623341586,94.57012963033662,0.0426318963675855,2328.700810376356,2081.2937452877063,11.220288912642198,0.553749023613489,0.02850996693271234,0.028606911382050782,1.025442804847548,0.5042712106981528,-0.29750778816199375,0.08032949337297168,0.020655532708324653,0.04313905373465032,1.4597212432641369,-0.021553714191631435,0.018700259811451625,0.770787385461904,-0.03951503262650935,0.009915039406726889,0.7980718946817944,-0.05029188972209975,-0.012605073748148898,0.6139014574475342,-0.004886654481021247,0.00804953980683953,-0.015350861553370586,0.044905562058019544,-0.0020883261900516963,0.009412644597299846,-0.018149189844340136,0.04354245726755923,3.3400095772179497,-0.013262486559264096,-0.03173913043476876,0.04313905461218765,0.0,0.05523118178133609,0.6910642232325636,0.013021917019494955,-0.032330571286785625,-0.04476950354609921,0.014952040029143389,-0.03040044827713719
2025-09-12,2247.181621592227,2247.181621592227,2146.576416015625,2146.576416015625,49100,-0.032330571286785625,-0.05191379686636011,0.017469239423437255,-0.04476950354609922,0.04686774941995352,0.013021917019494931,2186.021728515625,-0.018044336882125367,2202.108605957031,-0.025217734398820357,1918.2724141438803,0.11901542251626296,2176.9186759841286,2117.4385866390503,59.48008934507834,78.49044835292922,-19.01035900785088,29.68104515671868,52.73752609120584,38.4327852518705,59.454041903022755,-61.56721474812951,95.00120648364131,0.04425708107793985,2328.4086528713706,2075.8085590426917,11.470828148319208,0.28015768284286624,0.025521195529343635,0.03018320546023553,1.0795716892768408,0.7500649241533126,0.08869179600886912,0.023547880690737877,0.03341076025240586,-0.020237516034391834,0.9916228754864669,0.054756410012409606,0.04313905373465032,1.4115784613355027,0.01113692008382472,0.018700259811451625,0.7453661968734197,-0.01716930472886069,0.0014184433326094315,0.9146676634198896,-0.0042788344225422065,-0.0002594780313169448,-0.02805173686424342,0.0177287174547542,-0.0006433743365494776,0.0029440769269167754,-0.03168719695023615,0.014525162496520479,3.0791170004060744,-0.03034954642949115,-0.044769503546079295,-0.03173913043476876,0.0,0.09048725780718676,0.680742444061452,-0.010208759350380014,-0.021809688096859348,-0.011720581340834424,-0.02843886295208481,-0.04003979169856414
2025-09-16,2124.66253395732,2184.428006079889,2083.822794673565,2099.76025390625,40900,-0.021809688096859348,-0.053435139707886825,-0.014492790157736302,-0.011720581340834443,0.048279158699808776,-0.01020875935038005,2179.845947265625,-0.036739152810682296,2194.6877319335936,-0.043253295968746275,1920.1317850748699,0.09355007308692742,2165.0481495106087,2116.1290805106946,48.91906899991409,72.5761724823262,-23.65710348241211,27.840274262982145,49.082149600260266,20.895516007867496,40.38859454546548,-79.10448399213251,95.40149254954723,0.04543446918381439,2326.604328616275,2062.7711352509123,12.021445672041766,0.1401988816627569,0.03029672139190512,0.03222833945573813,0.876910872408396,0.6902837082918432,-0.1670061099796334,-0.021876662922012624,0.022295955941283863,-0.032330571286785625,1.0527218541626466,0.05645164103273426,-0.020237516034391834,0.966960399648378,0.07827321245933527,0.04313905373465032,1.3764713449540105,0.014705919969453696,0.009915039406726889,0.7525567633627066,0.00713683089429187,-0.00083737011762991,-0.028946518991151218,-0.013655420040106392,0.006076701200568265,0.002047447286953045,-0.02788638929742761,-0.016540237444689347,2.5576997087657327,-0.03735206498780917,-0.011720581340828927,-0.044769503546079295,0.0,0.11480071366230657,0.6736242916601721,-0.0033207149496107258,-0.012333997394140761,-0.009043312708234219,0.011145177543020371,0.0021318950984903356
2025-09-17,2092.787548640505,2105.7367338534164,2052.943901831547,2073.86181640625,38100,-0.012333997394140761,-0.03387468485484646,-0.04451583563518746,-0.009043312708234242,0.025715672003881782,-0.0033207149496107436,2160.52177734375,-0.04011066301076749,2186.8186157226564,-0.05165348351492194,1922.754823811849,0.07858879911363514,2151.0194828791687,2112.9981720585133,38.021310820655344,65.66520014999203,-27.643889329336687,25.955893574934116,47.135779205331794,11.193997323457173,23.507432861065066,-88.80600267654283,92.35801679757024,0.04453431567469182,2327.555258747484,2046.0819726978286,12.871359518614655,0.0986944235394355,0.03847409861203019,0.03481252896076625,0.8024262336513552,0.6837637515478904,-0.06845965770171147,-0.06318108045444004,0.012488024657238972,-0.021809688096859348,0.8613971904551294,0.0350624130465671,-0.032330571286785625,1.0340978496661823,0.06964463517564101,-0.020237516034391834,0.9498536256607907,0.04658982042292514,0.018700259811451625,0.7139697984456941,-0.0039129898561675565,-0.0023385784599916945,-0.008421007537973205,-0.04217725717519577,-0.0056558213003088985,-0.00040758259396790045,-0.0066781760938318625,-0.04410825304121956,2.4785096473713404,0.0016840102624831634,-0.00904331270822992,-0.011720581340828927,0.0,0.12872237246296653,0.6695485037667431,0.24015373172737586,0.24015373172737586,0.0,0.23406729734643705,0.23406729734643705
2025-09-18,2571.907470703125,2571.907470703125,2571.907470703125,2571.907470703125,24900,0.24015373172737586,0.22485767883191654,0.13594371507910008,0.0,0.0,0.24015373172737586,2222.080224609375,0.15743232049782985,2211.7208984375,0.16285353749603781,1935.2723693847656,0.32896408349974027,2215.771481005931,2146.9914534395957,68.78002756633532,66.28816563326069,2.491861933074631,27.30629883214306,70.97386569263958,100.0,44.029837777108234,-0.0,121.33570519037774,0.047177321335420755,2422.512609602646,2000.9291872723545,19.061330144690718,1.3543660713096892,0.07897501197517774,0.042044228829744255,0.6284546074051639,0.4883693562938846,-0.3464566929133859,-0.08287694199172913,-0.19364835631568122,-0.012333997394140761,0.9616112667524798,-0.18357861710655266,-0.021809688096859348,1.032280861159486,-0.16537572192364092,-0.032330571286785625,1.2392418162085763,-0.11967469274657028,0.04313905373465032,1.6203528431892178,0.003678178746986894,-0.002392606967614868,0.23647555298038897,0.13833632204671495,0.002455683151120254,-0.00010403554392575901,0.23769804857625562,0.13604775062302585,2.855327316010265,0.23314195254651604,0.0,-0.00904331270822992,0.0,0.0,0.7335398928542424,0.09682416915345904,-0.036405885291735274,-0.12146892655367236,0.09609053012540188,-0.03713952431979243
2025-09-19,2820.930274693529,2876.7113818202374,2370.6970528850984,2478.27490234375,1241300,-0.036405885291735274,0.1950048372259916,0.1171979907412799,-0.12146892655367236,0.21344537815126066,0.09682416915345893,2274.076171875,0.08979414717638767,2224.6202758789063,0.11402153851336072,1945.548710123698,0.2738179668526046,2256.1566227502108,2171.530968173237,84.62565457697383,69.95566342200333,14.669991154970504,29.51834829201872,65.0363072829806,52.153108234305336,54.44903518592084,-47.84689176569467,148.81274974357498,0.0600469098899319,2465.3755464579663,1983.8650052998464,21.644617123157524,1.0267893530529124,0.09401108410490185,0.04983500731311488,4.451321626186523,11.55923490957853,48.85140562248996,-0.7707963079745457,0.03778134873971695,0.24015373172737586,0.08929179770566698,-0.16318330365847467,-0.012333997394140761,0.13662720853758684,-0.15273311612056395,-0.021809688096859348,0.1466680532595092,-0.10490351013245236,-0.020237516034391834,0.16172932034239282,-0.0002330767925503771,0.002211663581950044,-0.036172808499184896,0.11498632715932985,0.0002569369276662363,0.002017029218732823,-0.03666282221940151,0.11518096152254707,2.7617570373373805,-0.037115482659869345,-0.12146892655362931,0.0,1.0,0.16077170417999956,0.7234726706208386,0.03255625186147504,0.03135046410141884,-0.0011677695601401972,0.020530809417359873,0.019325021657303675
2025-09-22,2558.9582442464257,2615.735441569137,2445.403849601002,2555.969970703125,270800,0.03135046410141884,-0.006196762590235383,0.19071930150401872,-0.0011677695601401631,0.06965376782077391,0.03255625186147509,2355.9548828125,0.0848976732741018,2241.902453613281,0.14008973342373587,1955.6922383626302,0.30693875067058607,2302.281753204505,2200.007931323599,102.27382188090587,76.41929511378383,25.85452676712204,31.57239421904612,67.46832669499989,61.483246708080905,71.21211831412874,-38.5167532919191,150.34980990247212,0.05882299542864088,2522.4128220645894,1961.3920851619728,25.024315219353895,1.0598144532478495,0.09718536036759107,0.056299089751666656,0.837868694713197,2.2937295127095316,-0.781841617658906,-0.6044124587069373,-0.030397488722831656,-0.036405885291735274,3.8406440574131886,0.006235401895042347,0.24015373172737586,0.0770418408358885,-0.18862042974826598,-0.012333997394140761,0.11788329862840771,-0.16017150411814862,-0.032330571286785625,0.15191784678884038,0.004385434334775042,0.010570155829780666,0.0269650297666438,0.18014914567423806,0.0043542724003371915,0.006957195534594417,0.026996191701081647,0.1837621059694243,3.217910588671433,0.01733880483841401,-0.001167769560139707,-0.12146892655362931,0.0,0.12548715939286006,0.7318784069970883,-0.017537007682676742,-0.06858922981419968,-0.0519635065450218,-0.017158153251423724,-0.06821037538294666
2025-09-24,2511.145905690213,2639.6416700035957,2342.80649352772,2380.657958984375,227200,-0.06858922981419968,-0.039389069899814944,0.13377608446276779,-0.05196350654502181,0.12670068027210876,-0.017537007682676797,2412.134423828125,-0.013049216716033096,2247.18173828125,0.05939716331272549,1964.9558858235678,0.21155796736137078,2314.3396310167927,2213.389414854027,100.95021616276563,81.3254793235802,19.62473683918543,32.499208836401785,57.71329824448451,40.430619044683866,51.355657995690045,-59.56938095531614,160.81305037200096,0.06754983418136165,2533.8961505291277,1960.4673260333725,25.517687987903482,0.7327685930690653,0.08557360676261172,0.06178182361033329,0.6303039718582593,1.8450394263486571,-0.1610044313146234,-0.7319712265006347,0.0736401510582676,0.03135046410141884,0.7512601918099323,0.0410041866745019,-0.036405885291735274,3.443645775825956,0.08033472889119264,0.24015373172737586,0.06907820818340958,-0.11799162665049212,-0.021809688096859348,0.11346581183539967,-0.0014416986703197493,0.0020876324484486904,-0.06714753114387993,0.13168845201431909,-0.00012628481041767264,0.0009256256784816233,-0.06846294500378201,0.13285045878428617,3.3927421969577303,-0.06816077800906084,-0.05196350654500112,-0.001167769560139707,0.0,0.20836820382516352,0.7121338923862579,0.0025104665089972222,-0.03765689775847525,-0.04006677796327218,-0.00015993261001484268,-0.04032729687748732
2025-09-25,2386.634521059783,2386.634521059783,2261.1270295516306,2291.009765625,106600,-0.03765689775847525,-0.10366326995822917,0.10470704822322308,-0.04006677796327222,0.05550660792951546,0.0025104665089971797,2455.564013671875,-0.06701281136700854,2248.92490234375,0.018713325303291395,1974.8337910970051,0.16010257468361488,2310.750420956517,2219.139070466692,91.61135048982487,83.38265355682914,8.228696932995732,32.645219096628196,53.456857626300604,29.665070141400747,43.85964529805518,-70.33492985859925,158.29122473886892,0.06909233959359275,2536.2593861226983,1961.590418564802,25.553052792425245,0.5732332275746383,0.0520236910936515,0.06433821553008791,0.28490409208869977,0.8465289138065213,-0.5308098591549295,-0.791609949263705,0.039130428295611974,-0.06858922981419968,0.6072252319188799,0.11565215000501183,0.03135046410141884,0.7237526091709184,0.08173912635705483,-0.036405885291735274,3.317555811535676,-0.09478263797815634,-0.012333997394140761,0.10182782278217131,-0.0013481461583943275,0.00414901727648052,-0.03630875160008092,0.10055803094674255,0.0008901330396706883,0.007278066991592938,-0.03854703079814594,0.09742898123163014,3.5500805521148973,-0.04081694175140508,-0.04006677796325543,-0.05196350654500112,0.0,0.255652169180169,0.7008695683034158,-0.015217402302740934,-0.004347837206744809,0.011037527593819041,-0.02341702187033667,-0.012547456774340545
2025-09-26,2256.146548341976,2324.8768405431224,2254.154365959334,2281.048828125,66900,-0.004347837206744809,-0.04184100890405518,-0.113090632494103,0.011037527593818939,0.03137428192664614,-0.015217402302740966,2397.39228515625,-0.04852916969515442,2248.72568359375,0.014373982903321147,1985.1765380859374,0.14904079529530767,2306.1809451362833,2223.7249784413816,82.45596669490169,83.19731618444365,-0.7413494895419603,32.72003810220696,52.989228410149416,28.468894783477793,32.85486132318747,-71.5311052165222,152.03631401350603,0.06665193315410602,2535.965260011296,1961.4861071762043,25.54687559386971,0.5562651305477895,0.05225086936757249,0.06459782527071638,0.17487407237015795,0.5263323525246645,-0.37242026266416506,-0.8355371397233563,0.0043668234437503894,-0.03765689775847525,0.2786483724164251,0.0436681274114632,-0.06858922981419968,0.5938922158819117,0.1205240059692132,0.03135046410141884,0.7078609685775602,0.12751092347991544,0.24015373172737586,0.06508765922297359,0.0017462798924635218,0.0016386325357468556,-0.00609411709920833,-0.11472926502984986,0.002733206522531912,0.007134627431655792,-0.007081043729276721,-0.1202252599257588,3.7475526642113377,-0.014590672592099082,0.011037527593814047,-0.04006677796325543,0.0,0.26113538051029145,0.6995633185214128,0.021834083860957865,0.008733646888381408,-0.012820512820512886,0.03574992279434658,0.022649485821770125
2025-09-29,2330.853439529221,2365.716632000812,2239.21304788961,2300.970703125,85000,0.008733646888381408,0.004347837206744698,-0.0715433945810734,-0.012820512820512851,0.056494661921708364,0.021834083860957837,2361.9314453125,-0.025809700069600705,2249.47275390625,0.022893342063512456,1996.9470174153646,0.1522442423645165,2305.3793694422397,2229.4468839735014,75.93248546873838,81.7443500413026,-5.811864572564218,32.97115507454082,53.85859649035509,30.10883620907907,29.414267044652547,-69.89116379092093,150.21254759191288,0.06528225126371255,2537.1738806067215,1961.7716272057787,25.579427552600777,0.5894990398705754,0.050162671722905096,0.06414143549593643,0.561794039695706,0.6645245522277209,0.27055306427503734,-0.11230615307653824,-0.008658030705882114,-0.004347837206744809,0.44216495594873795,-0.0043290153531583275,-0.03765689775847525,0.70455581919485,0.03463201671803784,-0.06858922981419968,1.5016424213984045,0.07705626107141317,-0.036405885291735274,8.20417578205035,-0.005374547084575001,-0.003214733495688052,0.014108193972956408,-0.06832866108538534,-0.004638612977796239,0.0025433508043828336,0.013372259866177648,-0.07408674538545623,3.100423975692693,0.023115313778700144,-0.01282051282050735,0.011037527593814047,0.0,0.25021643166210716,0.7021645085346973,-0.004329071941161611,-0.02597409211635371,-0.021739130434782594,0.00908342987526048,-0.012561590299931619
2025-09-30,2291.0096354166667,2294.994,2221.2832552083332,2241.205078125,71400,-0.02597409211635371,-0.017467293776762816,-0.1231489008814669,-0.021739130434782622,0.033183856502242266,-0.004329071941161594,2298.978466796875,-0.025130026012529227,2249.32333984375,-0.003609201743449808,2008.7506958007812,0.11572087208683501,2295.50640154728,2230.3178613180567,65.18854022922324,78.43318807888673,-13.244647849663494,33.03102727766482,50.822152303987714,22.853679086243808,27.14380335960023,-77.1463209137562,145.17504047225245,0.06477543795039123,2537.0383820256175,1961.6082976618827,25.582364001242574,0.4858918364900462,0.022749320544840492,0.06585506336053097,0.6408127731756132,0.5513683820349663,-0.16000000000000003,-0.5772442588726514,0.026666736383166523,0.008733646888381408,0.7628723490185871,0.017777824255295505,-0.004347837206744809,0.600425413521688,0.022222280319230903,-0.03765689775847525,0.9567316753574281,0.1404444848216737,0.03135046410141884,2.4304215542850987,-0.004050536658056407,-0.011427610787063025,-0.0219235554582973,-0.11172129009440387,-0.004470833938807363,-0.006069122077818359,-0.021503258177546346,-0.11707977880364855,3.3636002834373326,-0.010935993812580017,-0.021739130434773133,-0.01282051282050735,0.0,0.28355562366770143,0.6942222079981083,-0.01066666696658547,-0.0417777780682651,-0.03144654088050303,0.0538381687010101,0.02272705759933047
2025-10-01,2217.2988899528204,2236.2246217179163,2147.572509765625,2147.572509765625,70700,-0.0417777780682651,-0.06666673032865711,-0.09790799570308195,-0.03144654088050307,0.041280148423005446,-0.010666666966585475,2252.361376953125,-0.0465240028801267,2245.78720703125,-0.043732859889434206,2019.0436360677083,0.0636582941551358,2272.7473412731792,2224.1885760178766,48.55876525530266,72.45830351416993,-23.899538258867267,32.388079363051276,46.40785183641294,11.487295897548318,21.48327039762374,-88.51270410245168,141.4934353213326,0.06588528893802453,2536.6617939699154,1954.912620092585,25.90402029435175,0.33117346499861966,0.029250977953667365,0.06948101356615237,0.8824153467879832,0.5390116341124986,-0.009803921568627416,-0.5200721695985566,0.04359925820085575,-0.02597409211635371,0.8911521323997453,0.07142864450944408,0.008733646888381408,1.0608953957139826,0.06215218240658138,-0.004347837206744809,0.8349870820384169,0.10853437923876164,-0.06858922981419968,2.835710987131963,-0.02352196039916078,-0.03280760788556448,-0.018255817669104325,-0.06510038781751748,-0.021501611889198524,-0.02726344168401756,-0.02027616617906658,-0.07064455401906439,2.492562483955416,0.011816333071320878,-0.031446540880488885,-0.021739130434773133,0.0,0.33951769671974774,0.6808905230923878,0.010204088963003288,0.046382196832201794,0.03581267217630857,0.017458824210842064,0.05363693208004057
2025-10-02,2169.486530709774,2258.138643305352,2169.486530709774,2247.181640625,37900,0.046382196832201794,0.0026666736383624823,-0.01913048370967696,0.03581267217630856,0.040863177226813506,0.010204088963003382,2243.595751953125,0.0015982775273808425,2247.4805541992187,-0.00013299940444866376,2031.262353515625,0.10629807948469328,2268.814156558075,2225.8917659887748,42.922390569300205,66.55112092519599,-23.628730355895783,31.915130403006792,51.258142962667506,23.579194798527336,19.306723260773165,-76.42080520147267,139.2843423369322,0.06198179079913256,2537.97332818702,1956.9877802114174,25.850526132031813,0.4994855060074038,0.026264210545366498,0.06631402022882855,0.5709465057772556,0.2903413617699332,-0.46393210749646396,-0.2556413301662708,-0.04432624806983865,-0.0417777780682651,1.0650637983760414,-0.0026595814031904474,-0.02597409211635371,1.0756089844985763,0.023936232624264475,0.008733646888381408,1.2804868863078291,0.01950359695302195,-0.03765689775847525,1.605881200946054,-0.006511560393479652,-0.03783540534784168,0.052893757225681445,0.018704921638164722,-0.002910553013028716,-0.030668798529972435,0.04929274984523051,0.011538314820295475,2.3811844143030108,0.05331276030382844,0.035812672176292054,-0.031446540880488885,0.0,0.2801419030016054,0.6950354489270891,0.0031029256997017196,-0.007978635565208836,-0.011047282368537359,-0.014157541248570701,-0.025239102513481257
2025-10-03,2254.154478289593,2254.154478289593,2204.349916241657,2229.252197265625,37800,-0.007978635565208836,0.03803349462175509,-0.022707374879805342,-0.011047282368537312,0.022593764121102516,0.0031029256997016563,2233.23642578125,-0.0017840603308399983,2252.2617919921877,-0.010216216786770538,2041.2232666015625,0.09211580807425346,2262.7277012823133,2226.140686824097,36.587014458216345,60.55829963180006,-23.971285173583716,31.475963511536914,50.3743942035023,21.402677298756508,18.823055998277397,-78.5973227012435,132.89292945914676,0.059613232465170196,2538.213814437503,1966.3097695468723,25.3924320398281,0.4597666865060152,0.024773773589638556,0.06580246620897968,0.6241640659830584,0.2890438612589466,-0.0026385224274406704,-0.21118932938125234,0.008042806184225926,0.046382196832201794,0.6258152936708443,-0.03663994930728376,-0.0417777780682651,1.1674179752646092,0.005361834283725608,-0.02597409211635371,1.1789765690791103,0.023234980287059948,-0.004347837206744809,1.1046713231287462,0.008400023570688456,-0.031531146610413785,-0.01637865913589729,0.008823771730608443,0.007248689704415304,-0.0263077898242813,-0.015227325269624139,0.003600414944475959,1.9395622289191046,-0.022037920325047547,-0.011047282368532411,0.035812672176292054,0.0,0.29043783621632757,0.6925826781496134,0.049150987497636134,0.11349414857074525,0.061328790459965976,0.021899257148966934,0.08624241822207604
2025-10-06,2338.8221441425057,2488.235824560468,2293.0019488143307,2482.25927734375,164500,0.11349414857074525,0.10460998455530679,0.07878786721297137,0.06132879045996605,0.08514335360556013,0.049150987497636196,2269.494140625,0.09375002689324519,2271.0381103515624,0.0930064387860039,2055.3179565429687,0.20772519377862397,2296.5017899071495,2245.1124342699973,51.38935563715222,58.72451083287049,-7.335155195718272,32.238571550505775,60.677301905570005,52.11608687418653,32.36598632382347,-47.88391312581348,141.89940787598218,0.05716542553434252,2565.490816537056,1976.5854041660687,25.931110961401853,0.8586673896267852,0.05057900696272308,0.060852245576530316,2.151423601574659,1.1950512528060093,3.351851851851852,0.06339814032121716,-0.101926129308202,-0.007978635565208836,0.4943696786597089,-0.09470309522670428,0.046382196832201794,0.4956775349524594,-0.13483151040415742,-0.0417777780682651,0.9246543989746406,-0.07303369791961167,0.008733646888381408,1.1116778488379697,0.014106136584933949,-0.012612070826045476,0.09938801198581129,0.09139993803901685,0.014050454242891846,-0.008397273655304181,0.0994436943278534,0.08718514086827556,3.216398726925918,0.06830228543117706,0.06132879045993983,-0.011047282368532411,0.0,0.15890850245846566,0.7239165358479932,5.161445049139957e-09,-0.03651684895961915,-0.0365168539325843,-0.0007932922490135497,-0.03731014637007775
2025-10-07,2482.2592901557946,2483.255381363722,2385.638442986809,2391.614990234375,66500,-0.03651684895961915,0.07283285092996761,0.06711117763270846,-0.03651685393258432,0.040918580375782734,5.161444940444623e-09,2299.576123046875,0.040024275023568645,2285.1328002929686,0.046597812576454345,2066.7232014973956,0.15720140389406256,2311.1345899574917,2255.964475452544,55.17011450494783,58.01363156728596,-2.8435170623381296,32.94670758669115,56.177351812477816,41.112461541632804,38.210408571525285,-58.8875384583672,138.73637434033438,0.05800949354589904,2574.2882639567847,1995.9773366291527,25.307541305848346,0.6841261939030951,0.0563464712513715,0.062022367169772476,0.881016414726885,0.4787754866950812,-0.5957446808510638,0.09664902998236324,0.03790086927806646,0.11349414857074525,2.1793563943243996,-0.06788834893268958,-0.007978635565208836,0.5007882778447557,-0.06039155558067488,0.046382196832201794,0.5021131145586306,-0.06289052072531631,-0.02597409211635371,0.9459334137067607,-0.001171550355459831,-0.009572690706039015,-0.035345298604159324,0.07668386833874748,0.0002644324701528663,-0.00362108035728383,-0.036781281429772016,0.07073225798999229,3.3726972456413877,-0.03740869962336187,-0.03651685393256961,0.06132879045993983,0.0,0.20283214211586825,0.7134527325632168,-7.325929662904684e-08,-0.027905110781840214,-0.0279050395668472,0.0003523563056805083,-0.02755268121686308
2025-10-08,2391.614815026343,2433.450642694442,2323.88061784942,2324.876708984375,42700,-0.027905110781840214,-0.06340295302583743,0.08256028535124993,-0.027905039566847166,0.047149592798971345,-7.325929664615436e-08,2335.036962890625,-0.004351217590435108,2294.844677734375,0.013086738087492833,2078.2446533203124,0.11867325402180717,2313.2487621154737,2261.0690853437904,52.17967677168326,56.84684060816542,-4.66716383648216,32.961866059956094,53.05740829511646,24.316931384981753,39.18182660026704,-75.68306861501824,136.6530636620978,0.05877862818873353,2575.515051304448,2014.1743041643022,24.46094729575944,0.5535005367114423,0.04505483769944186,0.06193053727141955,0.6110387659020334,0.3065854849363853,-0.35789473684210527,0.26033834586466176,0.028706159337854142,-0.03651684895961915,0.951617750175298,0.06769501700890634,0.11349414857074525,2.354001803065211,-0.04113100335608011,-0.007978635565208836,0.5409195632575378,-0.07626391478502503,-0.0417777780682651,1.01171992387058,0.0001976582581002457,0.013517575883258401,-0.02810276903994046,0.06904270946799153,-0.00011747652165904579,0.017993758599598755,-0.02778763426018117,0.06456652675165117,3.5377088496676956,-0.02748951305153883,-0.027905039566835498,-0.03651685393256961,0.0,0.2373608332446561,0.7052270610462266,0.010282837411417223,0.023564757665765823,0.013146734520780523,0.005750968312659266,0.019032888567007866
2025-10-09,2348.783038184452,2381.6540476246923,2300.97066081683,2379.661865234375,30500,0.023564757665765823,-0.004997930289284858,0.05895394578452007,0.013146734520780431,0.03506493506493489,0.010282837411417155,2361.5330078125,0.007676732597381886,2305.3036376953123,0.03225528573423353,2089.6000935872394,0.13881209736550337,2323.4661625953045,2269.853735706056,53.61242688924858,56.19995786438206,-2.5875309751334754,32.7414673487494,55.25430335896204,31.83061065099359,32.420001192536056,-68.16938934900641,132.65522960108098,0.05574541137085453,2582.2222327615186,2028.385042629106,24.02447907843072,0.6342600837644813,0.03911184632988506,0.059695977814827175,0.4458999137439511,0.21925725705577043,-0.2857142857142857,0.19146390107698452,-0.02302224406389819,-0.027905110781840214,0.6242598792415316,0.005023035067974968,-0.03651684895961915,0.9722080086548442,0.043114281741968075,0.11349414857074525,2.40493560035672,-0.055671869413796427,0.046382196832201794,0.5540854665867458,-0.0012575672410357647,0.01936736329997725,0.02482232490680159,0.03958658248454282,0.001510623032919319,0.022655531029233632,0.022054134632846504,0.03629841475528643,3.6287101715616403,0.018083144500816196,0.013146734520774833,-0.027905039566835498,0.0,0.20887401014710916,0.7120133955901291,0.011301803936362154,-0.038509832929708776,-0.04925496688741726,0.05349980846053358,0.0036881715944626497
2025-10-10,2406.5563370700916,2406.5563370700916,2265.1113867952768,2288.021484375,50100,-0.038509832929708776,-0.015852550144680677,0.026362780838103728,-0.04925496688741727,0.06244503078276157,0.011301803936362067,2373.286865234375,-0.03592712794621167,2306.4989501953123,-0.008011044539924739,2099.511201985677,0.08978770020847904,2318.013135176796,2271.1994948667184,46.81364031007752,54.32269435352115,-7.5090540434436335,32.16669776426961,50.95828875261993,28.542527343402735,28.230023126459372,-71.45747265659726,133.28306679206196,0.05825254164010245,2582.9019727124564,2030.0959276781682,23.967322637952083,0.4665751379054362,0.032313751884325836,0.061971340629879516,0.7070179647478867,0.36199160410690673,0.6426229508196721,0.16768435885392208,0.04005223792003321,0.023564757665765823,0.4304201182596915,0.01610790145986174,-0.027905110781840214,0.6025881655635681,0.04527645678407066,-0.03651684895961915,0.9384569791563766,-0.02568563604480434,-0.007978635565208836,0.5334387039415193,-0.012402747625255605,-0.001177252163506296,-0.026107085304453173,0.027540033001610023,-0.014066001508057141,0.0005566547335578792,-0.024443831421651636,0.02580612610454585,3.4741570185924777,0.010357664933040314,-0.049254966887396806,0.013146734520774833,0.0,0.2572921196173941,0.7004788875923966,-0.028733163713723697,-0.054418839796596896,-0.026445540116539656,0.025136165049123388,-0.000549511033749811
2025-10-14,2222.279388483936,2279.056584872813,2163.510009765625,2163.510009765625,58300,-0.054418839796596896,-0.09083301229751017,-0.12841094823874188,-0.026445540116539656,0.053406998158379286,-0.028733163713723642,2309.53701171875,-0.0632278249766558,2303.7596923828123,-0.060878607730593726,2108.1771952311196,0.02624675698923551,2294.2434235750775,2263.2224959703412,31.020927604736244,49.66234100376417,-18.641413399027925,30.666385679428583,45.75319837365339,3.238873981107133,21.204003991834494,-96.76112601889287,132.6565244932986,0.06131541980136625,2584.654339237246,2022.8650455283785,24.385759311892492,0.2503518059390646,0.04241055147736088,0.0666028411212066,1.1749057858567944,0.41924047720065294,0.16367265469061887,-0.49576046634870163,0.057550681090588585,-0.038509832929708776,1.0096531710364562,0.09990795258260254,0.023564757665765823,0.6146591161000383,0.07458560325087493,-0.027905110781840214,0.8605227625400536,0.1473296939409623,0.11349414857074525,3.315128675359223,-0.02259253900485578,-0.03770928845976959,-0.03182630079174112,-0.0907016597789723,-0.01795644292094903,-0.031025976565335657,-0.03646239687564787,-0.09738497167340623,3.4363417757847046,0.007285635157153775,-0.026445540116527756,-0.049254966887396806,0.0,0.3296501374317859,0.6832412435721898,0.004143618004957883,0.032228331759337925,0.027968821641449093,-0.0413453028015583,-0.013260589047178258
2025-10-15,2172.4747687959966,2249.1737863096564,2171.4786776594556,2233.236328125,23900,0.032228331759337925,-0.023944336460182014,-0.06622247425111438,0.027968821641448996,0.03577981651376153,0.004143618004957964,2277.861279296875,-0.019590723797996312,2308.0926879882813,-0.03243212902749293,2116.8265848795572,0.05499257429772464,2284.857716582758,2261.001298352168,23.856418230589952,44.501156449129326,-20.644738218539374,29.273238743504773,48.90093531997167,25.146182356313947,18.97586122694128,-74.85381764368606,129.2998996397795,0.05789799225963709,2581.7349649396915,2034.450411036871,23.71155009289641,0.3632222317815072,0.03729278849211203,0.06285744344017255,0.5814943675336367,0.1734385091545054,-0.5900514579759863,-0.3110324863300097,-0.0312220957013023,-0.054418839796596896,1.4184569718498334,0.02453173251707419,-0.038509832929708776,1.2189484440767864,0.06556652122493767,0.023564757665765823,0.7420744020826744,0.0709188992287606,-0.03651684895961915,1.6179654996228803,0.015614201590233563,-0.021566451956329214,0.01661413016910436,-0.04465602229478517,0.01516297360217206,-0.016393814947150042,0.017065358157165866,-0.04982865930396434,3.178507559554774,-0.015967294460495447,0.027968821641436124,-0.026445540116527756,0.0,0.2881356735922363,0.6931311157794626,0.005798486068445463,-0.007136394683654346,-0.012860310421285992,0.00011793210574140376,-0.012816948646358406
2025-10-16,2246.185717861179,2268.0997248647027,2202.3577038541316,2217.299072265625,29500,-0.007136394683654346,0.024861942980253238,-0.046272405028198405,-0.012860310421286048,0.02985074626865671,0.005798486068445413,2256.345751953125,-0.017305273207655847,2313.96962890625,-0.04177693407638916,2124.9115275065105,0.04347830183145729,2274.4640789955065,2257.7640964198313,16.69998257567522,38.940921674438506,-22.240939098763285,28.12496650830453,48.21230884134102,20.467881181157217,16.284312506192776,-79.53211881884279,124.76005116626462,0.0562666772050417,2574.1813840404657,2053.757873772034,22.49050738468082,0.31424636909511877,0.036976003365121836,0.060201988776569904,0.7670107381503342,0.2149660062230837,0.2343096234309623,-0.3113348247576435,0.007187688867827502,0.032228331759337925,0.6214086997217961,-0.024258821542740394,-0.054418839796596896,1.515821221497101,0.03189574784608529,-0.038509832929708776,1.3026182366553132,0.04851742286969851,-0.027905110781840214,1.1102155430176022,-0.0008163491989309434,-0.02243109289558769,-0.006320045484723402,-0.023841312132610714,0.0018935179875680197,-0.014340168876822327,-0.009029912671222365,-0.03193223615137608,3.3588911603024347,-0.013496515513970223,-0.012860310421280321,0.027968821641436124,0.0,0.2973943920341476,0.6909254377163296,-0.008984726222123651,-0.04357592118173226,-0.03490480507706262,0.016909306744419497,-0.01768188821518911
2025-10-17,2197.3772471487496,2222.2795278281324,2092.787668295341,2120.67822265625,53600,-0.04357592118173226,-0.050401340893129976,-0.10883211869792997,-0.03490480507706263,0.06187529747739176,-0.00898472622212366,2204.5490234375,-0.03804442536343977,2316.31044921875,-0.08445855201723873,2131.585339355469,-0.005116903601669498,2250.804716481775,2247.6095872521587,3.1951292296162137,31.79176318547405,-28.596633955857836,26.183865735101545,44.15285734563967,7.052897812023131,17.555653783164775,-92.94710218797687,125.09803747815938,0.058989636495351556,2568.560723693132,2064.060174744368,21.780351123439562,0.11222593915875416,0.030442830189140804,0.06101899810947477,1.244167962674961,0.3883889106270742,0.8169491525423729,-0.5610980917308337,0.045561296653156225,-0.007136394683654346,0.6847566212483461,0.05307646594621618,0.032228331759337925,0.5547689236554397,0.02019721174611111,-0.054418839796596896,1.353264780297579,0.12212302640266359,0.023564757665765823,0.7079687101042222,-0.011744573034955985,-0.03307931358254119,-0.031831348146776274,-0.07575280511538879,-0.00863134432218105,-0.02419515629654803,-0.034944576859551206,-0.08463696240138194,3.4609535852188795,-0.013703239104621134,-0.03490480507704674,-0.012860310421280321,0.0,0.3565053628063684,0.6768435998960332,0.02019719359067751,0.05730381343122226,0.036372007366482606,-0.025027832055583156,0.012078787784961596
2025-10-20,2163.509971262772,2244.1933541689805,2135.619419147046,2242.201171875,36100,0.05730381343122226,0.011230825791998411,-0.0200261723121522,0.03637200736648252,0.050839552238805936,0.020197193590677454,2195.3849609375,0.021324829936197887,2299.8251342773438,-0.025055801653992016,2140.0687154134116,0.04772391452898317,2249.481094234579,2247.208963890888,2.2721303436910603,25.887836617117454,-23.615706273426394,24.434771732582195,49.87000277174904,37.78333549227252,21.768038161817632,-62.21666450772748,124.98497276634303,0.05574208698756984,2524.715347619048,2074.9349209356396,19.557157628192424,0.3718842373216384,0.02306876119037562,0.05145222769894271,0.8962041657357067,0.26052567007779687,-0.32649253731343286,-0.327433628318584,-0.05419805802620037,-0.04357592118173226,1.3306521685161738,-0.011106095172334629,-0.007136394683654346,0.7323552046870733,-0.003998233460693168,0.032228331759337925,0.5933318437973238,0.020435415463039508,-0.038509832929708776,1.2437625679600803,0.016749996831647115,-0.0040917294655401166,0.040553816599575146,-0.015934442846612086,0.015075008548753556,0.00440653673863771,0.042228804882468704,-0.02443270905078991,3.076202247677734,0.010930038249785515,0.03637200736646571,-0.03490480507704674,0.0,0.2829854064407418,0.6943580492202619,0.021768113698483305,0.003998233460248857,-0.017391304347826098,0.02033287100169818,0.0025629907634637317
2025-10-21,2291.0096619192477,2310.931485066372,2217.2989162748895,2251.166015625,44300,0.003998233460248857,0.06153116091573185,0.04051564608608893,-0.017391304347826056,0.04222821203953279,0.021768113698483398,2212.916162109375,0.017284818182243145,2288.469689941406,-0.016300707184959462,2148.7015055338543,0.04768671210319653,2249.7403129100285,2247.5020788341553,2.2382340758731516,21.157916108868594,-18.919682032995443,23.366474294006274,50.27441778107297,40.05034410211658,28.29552580213742,-59.949655897883424,122.74551533956728,0.05452530576934569,2498.6232090973426,2078.3161707854697,18.36629255608076,0.41124661041548777,0.023569133944953656,0.04788917382633509,1.1819321789706785,0.5627826617206159,0.22714681440443218,0.11140304781923271,-0.003982311250601889,0.05730381343122226,0.963154665030282,-0.0579645357401436,-0.04357592118173226,1.4300578960006403,-0.015044178494742155,-0.007136394683654346,0.7870654464928897,-0.038938045995688064,-0.054418839796596896,1.5554547637469651,0.002786399804279602,0.021637227585424045,0.0012118336559692549,0.018878418500664886,0.00047841423226170827,0.023514617848921993,0.0035198192279871487,0.017001028237166937,3.0941522163219783,0.0025179470031763147,-0.017391304347818468,0.03637200736646571,0.0,0.2778761592228847,0.6955752105993722,-0.004424729274412509,0.01946907722300173,0.02400000000000002,-0.033393168709227074,-0.009499362211812835
2025-10-22,2241.2052154541016,2294.994140625,2195.3850199381513,2294.994140625,26600,0.01946907722300173,0.023545152599243835,0.027653953019764366,0.024,0.04537205081669677,-0.004424729274412479,2225.267724609375,0.03133394478492857,2275.4208984375,0.00860203147467442,2158.861637369792,0.06305753963000593,2256.702440250793,2251.020009337181,5.682430913612279,18.062819069817333,-12.380388156205054,22.161539113962334,52.30041585469894,51.133497305798635,42.98905896672925,-48.86650269420137,121.09291572151595,0.0527639324118212,2446.2443494756976,2104.5974473993024,15.014668376782486,0.5572908522469882,0.028256824813792044,0.03818335735398947,0.6996133715578233,0.3999639130304033,-0.399548532731377,0.11157796451914104,-0.019097270979979486,0.003998233460248857,1.165145577444044,-0.023003530953068063,0.05730381343122226,0.9494752899713317,-0.0759548422734545,-0.04357592118173226,1.4097472449435837,-0.02690979092615653,0.032228331759337925,0.6285999842192472,0.01005126182134704,0.015914146993011375,0.00941781540165469,0.01173980602675299,0.009656146478271522,0.01774123957359925,0.009812930744730207,0.009912713446165115,3.003345181965948,-0.009531663778872504,0.02399999999998929,-0.017391304347818468,0.0,0.25347221193190667,0.7013888932954465,-0.021701457319163953,0.013888817969136324,0.03637976929902398,-0.023238130673626532,0.012352144614673745
2025-10-23,2245.1894232344953,2330.85326103315,2206.341868883943,2326.868896484375,37800,0.013888817969136324,0.03362829766171527,0.04941589774210842,0.03637976929902401,0.05643340857787826,-0.02170145731916392,2247.181689453125,0.0354609542273403,2272.7314453125,0.023820434782344968,2168.208290608724,0.07317590591355683,2267.497279671344,2256.6384454221584,10.858834249185747,16.622022105691016,-5.763187856505269,21.348493528653815,53.77547774045079,59.1939106253147,50.12591734440998,-40.8060893746853,121.33709260920817,0.05214608042270112,2438.4605324102395,2107.0023582147605,14.584132889044596,0.663331169319563,0.033757454484170696,0.0365371800555555,0.9525969607620776,0.6627393225331369,0.42105263157894735,0.4937736870600975,-0.013698561147351351,0.01946907722300173,0.6703460094251656,-0.032534226992642634,0.003998233460248857,1.1164033164486782,-0.03638697682463399,0.05730381343122226,0.909755298505582,-0.04708895476889563,-0.007136394683654346,0.7434288450391875,-0.0029634512423766302,0.013674175573207457,0.016852269211512956,0.03574172216890096,0.0005122244514875264,0.016271184448781704,0.013376593517648798,0.033144713293326716,3.0134651151022673,0.01234524745347627,0.03637976929900781,0.02399999999998929,0.0,0.2363014461907903,0.7054794357997888,-0.006421151804037573,0.03210624859994193,0.0387763894872899,-0.007339179394298944,0.03118822100968056
2025-10-24,2311.9277180719555,2420.5016608853302,2297.9824410133565,2401.575927734375,63000,0.03210624859994193,0.04644098441155475,0.13245654247643812,0.0387763894872899,0.05331599479843964,-0.006421151804037548,2303.36123046875,0.04263972839579111,2278.2597534179686,0.054127354938499295,2176.6916687011717,0.10331470564514444,2288.1247639887333,2267.3745552230635,20.750208765669868,17.447659437686788,3.3025493279830798,21.29296545572393,57.12225550878192,78.08564904068183,62.80435232393173,-21.914350959318163,121.42153027083428,0.05055910532270021,2453.180427666718,2103.339079169219,15.355639231771006,0.852491707586955,0.026932016651095552,0.03736397068248989,1.5158441808426169,1.1484614262797141,0.6666666666666667,1.5850495804729214,-0.031107503364029343,0.013888817969136324,0.9095065085055701,-0.044379936473996406,0.01946907722300173,0.6400230985779938,-0.06262967178064938,0.003998233460248857,1.0659031303385385,-0.11696390767207776,-0.04357592118173226,1.289670604653401,-0.0021300444514369935,0.023858173158055062,0.03423629305137893,0.10859836931838306,0.00030600919675379044,0.025585249785968798,0.031800239403188144,0.10687129269046933,3.047315129802536,0.031173742144815386,0.038776389487273126,0.03637976929900781,0.0,0.19784319479497076,0.7146412352413001,-0.004562469621914422,-0.05765247124207895,-0.05333333333333323,-0.032197632379111905,-0.08528763399927644
2025-10-27,2390.618810519366,2390.618810519366,2263.119140625,2263.119140625,75800,-0.05765247124207895,-0.027397227216236164,0.009329211407247406,-0.05333333333333325,0.05633802816901399,-0.004562469621914418,2307.54482421875,-0.019252359966516197,2277.3632690429686,-0.006254658012881831,2184.04614054362,0.03620482123178137,2284.2777450096974,2267.0593393269105,17.21840568278685,17.4018086867068,-0.18340300391994901,20.86294232136365,49.9098786322689,43.62242168274476,60.30066044958043,-56.37757831725525,122.63833433073005,0.054189959392419405,2452.4013202955566,2102.3252177903805,15.371992130719264,0.4593113374033923,0.026626902395396668,0.03967649076721876,1.5312821963192662,1.3706804578579048,0.20317460317460312,0.5735645933014355,0.06117962798462151,0.03210624859994193,1.2727015615846144,0.028168979137678685,0.013888817969136324,0.7636209369507687,0.014084543507587144,0.01946907722300173,0.5373628815579483,-0.00924298167758586,0.05730381343122226,0.7292781964000727,0.006529309365972322,0.014273362309153347,-0.06418178060805127,-0.00494415090190594,0.009211720919065828,0.01994368516468773,-0.06686419216114478,-0.010614473757440325,2.6586703435208423,-0.08214340046238983,-0.05333333333331094,0.038776389487273126,0.0,0.27112679583696686,0.6971830921710855,-0.0008803121418362592,-0.052816930277194474,-0.05198237885462553,0.039031919623304996,-0.012904698512053218
2025-10-28,2261.126889367086,2278.060438758822,2143.588134765625,2143.588134765625,49400,-0.052816930277194474,-0.1074243749653726,-0.04778762655117097,-0.05198237885462554,0.06273234200743501,-0.0008803121418362365,2286.029248046875,-0.06230940107344907,2269.494140625,-0.05547756374715562,2189.9562805175783,-0.021173091976965597,2262.6331895875323,2257.913324174223,4.719865413309435,14.865420032027329,-10.145554618717894,19.431303294233174,44.66655644501461,14.912235930509148,45.540102217978585,-85.08776406949086,123.4836178780491,0.05760603722108814,2453.5004497001687,2085.4878315498313,16.215623189447395,0.1578758454202216,0.044203665366784974,0.04403515924918253,0.9778112072207596,0.923002186057809,-0.3482849604221636,0.010401891252955098,0.055762113961966175,-0.05765247124207895,1.5003661843589795,0.12035324733491182,0.03210624859994193,1.247006195443479,0.08550185492499196,0.013888817969136324,0.7482037172660874,0.05018589117637906,0.003998233460248857,0.87686308663724,-0.014547215261517575,-0.0033739980837398406,-0.0382697150156769,-0.04441362846743113,-0.015012102520497523,0.003952781601026591,-0.037804827756696954,-0.05174040815219756,2.7856779476651843,-0.010998047337755591,-0.05198237885460255,-0.05333333333331094,0.0,0.3420075130871297,0.6802973812469781,0.008364359148186562,-0.04832709330161933,-0.05622119815668203,0.04687710193870678,-0.009814350511099107
2025-10-29,2161.517875790596,2178.4514259696007,2039.9947509765625,2039.9947509765625,54500,-0.04832709330161933,-0.09859153486140271,-0.11111112884104923,-0.05622119815668203,0.06787109375,0.008364359148186555,2235.0293701171877,-0.08726266497845248,2259.433624267578,-0.0971211860065383,2193.2599833170575,-0.06988010245353071,2228.3811221089218,2241.771207641063,-13.390085532141256,9.214318919193612,-22.60440445133487,18.918582369692988,40.67799992600987,0.0,19.51155253775131,-99.99999999999999,124.55312195769118,0.061055609039192625,2468.7835838575666,2050.0836646775897,18.531189174265002,-0.024095810003465768,0.07076575956086474,0.05264438215988148,0.9714621842747901,1.0346267750018985,0.10323886639676116,-0.3313733725325494,0.05078120114692486,-0.052816930277194474,0.8805547138197181,0.10937498223488884,-0.05765247124207895,1.3511345608812677,0.17724613094398567,0.03210624859994193,1.1229746350332437,0.12500002243890185,0.01946907722300173,0.4741448459029251,-0.018127887237481842,-0.031086819939431368,-0.030199206064137486,-0.08002430890161787,-0.0138252674982762,-0.01927289162615267,-0.03450182580334313,-0.09183823721489656,2.813927069129481,-0.009423798850263912,-0.056221198156656015,-0.05198237885460255,0.0,0.4101562665505495,0.6640624982567256,-0.0029296879773057505,-0.023437500467488603,-0.020568070519099035,-0.017752441423277282,-0.038260253913460135
2025-10-30,2034.0182028808597,2076.850123901367,1965.2879110107424,1992.182373046875,56600,-0.023437500467488603,-0.07063192749725888,-0.1438355740382159,-0.020568070519099074,0.0567663456664976,-0.0029296879773057197,2168.0920654296874,-0.08113571152656207,2251.6641174316405,-0.11523998733950958,2196.3644673665362,-0.09296366671119238,2192.042853022453,2223.2831458192713,-31.240292796818267,1.1233965759912368,-32.3636893728095,18.957502116030412,38.949275874346526,5.908095272504857,6.940110401004678,-94.09190472749513,123.62519988147214,0.062055161994198235,2486.9681953876284,2016.360039475653,20.9004598984672,-0.051375366374441254,0.08380603876550706,0.06059106169352682,0.9455237967959105,1.0890689038117412,0.038532110091743066,-0.6281261326567598,0.024000000489683426,-0.04832709330161933,0.9104425251833415,0.07599995048952857,-0.052816930277194474,0.8252451512671021,0.13599998235232547,-0.05765247124207895,1.2662668515393996,0.16799994215612757,0.013888817969136324,0.6314628890262441,0.0028204095528809544,-0.025973679870344463,-0.02625791002036956,-0.11786189416787143,0.005267639523634531,-0.01447123529660995,-0.028705139991123133,-0.12936433874160594,2.944752816854085,-0.0389493967928833,-0.020568070519088964,-0.056221198156656015,0.0,0.44400001763900054,0.6559999980502154,0.012000012957305684,0.005000012867680148,-0.00691699604743079,0.0030336808554000515,-0.003966319234225484
2025-10-31,2016.0885873367536,2051.9478705107276,1996.1667633512127,2002.143310546875,30300,0.005000012867680148,-0.018554675403732124,-0.16632104468348874,-0.006916996047430747,0.02794411177644711,0.012000012957305722,2088.2055419921876,-0.041213486754836604,2239.4122009277344,-0.10595141452005064,2199.9835998535154,-0.08992807460961239,2162.827538795441,2206.9024172805753,-44.07487848513438,-7.916258436233886,-36.15862004890049,18.99364188048659,39.525883221907236,8.09628433813485,4.668126536879912,-91.90371566186514,119.06379256592788,0.059468166908265306,2498.672069331356,1980.1523325241128,23.15427845719662,0.04241107225381706,0.05728265972120523,0.06642756568553863,0.5682564092946494,0.5873117404198407,-0.4646643109540636,-0.6078489229861316,-0.00497513711856834,-0.023437500467488603,1.061495470827629,0.018905460078344483,-0.04832709330161933,1.022111363252752,0.07064670319680788,-0.052816930277194474,0.926464244856623,0.19950251067552083,0.03210624859994193,1.1815232272463008,0.004735160661119974,-0.018973215007935147,0.0002648522065601738,-0.1473478296755536,0.0030448505051383135,-0.01193644509922809,0.0019551623625418345,-0.15438459958426065,3.055143835647058,-0.004302443383560001,-0.006916996047427316,-0.020568070519088964,0.0,0.4368159195527527,0.6577114452285315,0.004477583475327229,-0.010945301659756934,-0.01535413571074784,0.004386438396319811,-0.011036446738764352
2025-11-04,2011.1080743494167,2021.068986059914,1977.2409745337256,1980.229248046875,35500,-0.010945301659756934,-0.0060000154412162,-0.125,-0.015354135710747846,0.022166246851385425,0.004477583475327265,2031.6275634765625,-0.025299083530205824,2226.961053466797,-0.11079304913604748,2202.8888651529946,-0.10107619164508075,2134.7354940648925,2190.111812152153,-55.37631808726064,-17.40827036643924,-37.9680477208214,19.16280861703259,38.660781170382066,3.282268393748865,5.762216001462868,-96.71773160625112,113.6898082059465,0.057412447734535174,2509.8215677670655,1944.100539166528,25.403274463190883,0.06386311813389894,0.03356602937303037,0.07327655740309835,0.7843397185214644,0.6896417748076774,0.1716171617161717,-0.6297985556822501,0.011066427041517057,0.005000012867680148,0.6694505203155035,0.006036232931507124,-0.023437500467488603,1.2505247343187291,0.030181103015019417,-0.04832709330161933,1.2041271735047834,0.1428571428565657,-0.05765247124207895,1.674731004617662,-0.002877223377681572,-0.028553829328654367,-0.008068078282075362,-0.09644617067134563,3.03816930024728e-05,-0.020953137195302934,-0.010975683352759407,-0.10404686280469706,3.1404808183655533,-0.011040714783860671,-0.01535413571074021,-0.006916996047427316,0.0,0.452716338099299,0.6539235339098339,-0.008551279936182654,-0.013078443041496968,-0.004566210045662156,0.012002901903615606,0.007475738798301292
2025-11-05,1963.2957534090096,1963.2957534090096,1890.5810958753425,1954.3309326171875,53100,-0.013078443041496968,-0.023880597196924813,-0.08828990937157355,-0.004566210045662196,0.03846153846153853,-0.008551279936182677,1993.776123046875,-0.019784162311256792,2200.5646362304688,-0.11189569238737007,2204.8976501464845,-0.1136409744522775,2106.9809461498608,2172.6465618162297,-65.66561566636892,-27.05973942642518,-38.60587623994374,19.90483805909156,37.61303181209245,12.03007411887166,7.802875616918468,-87.96992588112833,111.97254706063121,0.057294568280011456,2481.728266727914,1919.4010057330233,25.553771597372766,0.062116723315822894,0.016075661291408364,0.07380218812214989,1.1543227321145193,1.156711540975036,0.49577464788732395,-0.7927000467945718,0.013251755368775653,-0.010945301659756934,0.7717223538618726,0.024464831994770675,0.005000012867680148,0.6586813330144997,0.019367978982954837,-0.023437500467488603,1.2304080346079433,0.09683989491682077,-0.052816930277194474,1.0738896980500423,-0.007082157111014704,-0.02148884459266445,-0.005996285930482264,-0.0668010647789091,-0.00685139394659942,-0.01306509884516452,-0.006227049094897547,-0.07522481052640903,2.4442828722401355,0.003668301833145742,-0.00456621004565987,-0.01535413571074021,0.0,0.4719673796327579,0.6493374132421396,0.014780836070961367,0.024464831995294922,0.00954294324460081,0.004797133735977753,0.014481129660311308
2025-11-06,1983.217577760611,2032.0260465251863,1964.291844974347,2002.143310546875,27400,0.024464831995294922,0.011066427042027538,-0.018554675403732124,0.009542943244600711,0.03448275862068954,0.014780836070961265,1986.2058349609374,0.008024080538079348,2181.0910522460936,-0.0820450579153289,2206.308778889974,-0.09253712367800349,2090.852079134017,2160.016691351833,-69.16461221781583,-35.48071398470331,-33.68389823311252,19.838019578110213,40.802676872903234,21.05262977847063,12.121657430363728,-78.94737022152937,109.52415897830032,0.05470345624176606,2460.57318435103,1901.6089201411571,25.627736340225216,0.17985835024324656,0.009975094577439746,0.07160891426293617,0.675192824228087,0.623421537621442,-0.48399246704331456,-0.5496231155778895,-0.023880597197412312,-0.013078443041496968,1.3084941228653804,-0.010945301660250983,-0.010945301659756934,0.8747936226312807,-4.994893387788579e-13,0.005000012867680148,0.7466548384712057,0.018905460078344483,-0.04832709330161933,1.342993026293093,0.0009166836639127649,-0.002345928259297044,0.023548148331382156,-0.01620874714443508,0.00408451184123127,0.004936082232047024,0.02038032015406365,-0.023490757635779146,2.5198557219712248,0.014172451460709083,0.009542943244595899,-0.00456621004565987,0.0,0.4368159195527527,0.6577114452285315,-0.024875628452571408,-0.02636816575596046,-0.001530612244898144,-0.020645420860103448,-0.0221379581634925
2025-11-07,1952.3387374449096,1990.1902027627189,1949.3504638671875,1949.3504638671875,21800,-0.02636816575596046,-0.0025484265059092515,-0.021499994056357274,-0.0015306122448981185,0.020950434338272914,-0.024875628452571425,1977.639453125,-0.014304421978483917,2162.3147399902346,-0.09848902760793754,2206.7902221679688,-0.11665801113109597,2069.082599862197,2144.4117856122293,-75.32918575003214,-43.450408337769076,-31.878777412263062,19.884576807429283,38.46424303105531,11.09022217145646,14.724308689599594,-88.90977782854354,105.47192238554226,0.05410618785102879,2450.942423350496,1873.687056629973,26.69617683515999,0.13107441108268936,0.012955290364417366,0.07595498101262417,0.6484042711400613,0.5080874469771127,-0.2043795620437956,-0.5136452241715399,0.02708227568988697,0.024464831995294922,0.8149668362035632,0.002554937576036087,-0.013078443041496968,1.5793700365842778,0.015840550353071636,-0.010945301659756934,1.055887689241843,0.02197240053678917,-0.023437500467488603,1.6834716397489664,-0.0006267012476077415,-0.005853619549143977,-0.02574146450835272,-0.015646374507213297,-0.0016787499203163771,-0.002190519680669221,-0.02468941583564408,-0.019309474375688054,2.5348398236418856,-0.022112803604006866,-0.0015306122448973346,0.009542943244595899,0.0,0.475728164402436,0.648441492222542,0.0005109606687170309,0.014307587807662614,0.013789581205311485,-0.022776986076404142,-0.00898035893745856
2025-11-10,1950.346505283769,1993.1784254713084,1950.346505283769,1977.240966796875,21400,0.014307587807662614,-0.012437842795178344,-0.012437842795178344,0.013789581205311527,0.02196118488253326,0.0005109606687170244,1972.658984375,0.0023227443045987783,2142.1936950683594,-0.07700178030219795,2207.985530598958,-0.10450456337020686,2054.9531178521474,2132.0287619962774,-77.07564414412991,-50.17545549904125,-26.90018864508866,19.893166902980507,40.407342932636155,16.35337004139463,16.165407330440583,-83.64662995860536,101.06878232972645,0.05111606730129939,2423.4213955911664,1860.9659945455526,26.256047823334917,0.20672745258586786,0.01080836230549187,0.07296367453137596,0.6720894444269966,0.5041106216579114,-0.01834862385321101,-0.4635063957863055,-0.01410576828976795,-0.02636816575596046,0.6846518639489966,0.01259449109499755,0.024464831995294922,0.8605257372569957,-0.011586870070667277,-0.013078443041496968,1.6676611915454918,0.01259449109499755,0.005000012867680148,0.9516032787914952,0.010502761032996924,-0.00037706112716235447,0.00380482677466569,-0.01206078166801599,0.009187147261897849,0.0040487113966559555,0.005120440545764765,-0.0164865541918343,2.4985747825088036,-0.008647186664110153,0.013789581205304458,-0.0015306122448973346,0.0,0.45491188485743705,0.6534004950733696,0.015113376033276671,-0.014105768289269238,-0.028784119106699757,0.01676969332520149,-0.012449450997344421
2025-11-11,2007.1237530364756,2007.1237530364756,1929.4286400157089,1949.3504638671875,35600,-0.014105768289269238,0.0,-0.015593540096503267,-0.028784119106699733,0.04026845637583888,0.015113376033276624,1966.4832275390625,-0.008712387389292364,2125.260144042969,-0.0827708930926726,2208.201350911458,-0.11722250189653671,2038.7065557006151,2118.4970362089375,-79.79048050832239,-56.09846050089748,-23.692020007424908,20.069418030456063,39.07845117284576,11.09022217145646,12.844604794769191,-88.90977782854354,99.39923452194361,0.05099095127548335,2410.087446942878,1840.4328411430597,26.803994202617538,0.19119940682512868,0.011815829670060028,0.07495487657930652,1.1173535042842346,0.8531850644681973,0.6635514018691588,-0.6334702258726899,0.014307587807142141,0.014307587807662614,0.671667555946141,-5.130340596792848e-13,-0.02636816575596046,0.6842220897021437,0.02708227568988697,0.024464831995294922,0.8599855622861806,0.015840550353071636,-0.010945301659756934,1.114214870845234,0.0011840390040868314,0.0039789929153143866,-0.01528980729335607,-0.019572533011817654,-0.000662904830193523,0.0035983224028683773,-0.013442863459075714,-0.019191862499371645,2.5441076538998466,-0.012419267036966717,-0.02878411910668539,0.013789581205304458,0.0,0.475728164402436,0.648441492222542,5.454792617598514e-09,0.026571288175103902,0.02657128257537056,-0.026602129135538458,-3.084641522717313e-05
2025-11-12,1949.35047450049,2004.1354903908973,1932.416924134364,2001.147216796875,33200,0.026571288175103902,0.012090711451689273,0.023955146694113028,0.02657128257537045,0.03711340206185573,5.4547926121133205e-09,1975.846484375,0.012805009205391515,2117.1420043945313,-0.05478838328172242,2208.632991536458,-0.09394307498601184,2032.9281958692704,2109.804456993229,-76.87626112395856,-60.254020625509696,-16.62224049844886,20.233079791683362,42.838258903413454,20.86465938898759,16.102750533946235,-79.1353406110124,97.42204393155716,0.048683096932491815,2406.3671226124843,1827.9168861765784,27.32222190269818,0.2994731779999732,0.013073195167988485,0.07414214898335021,1.1907750798034504,0.8203404907217514,-0.0674157303370787,0.5553047404063205,-0.025883529455453913,-0.014105768289269238,1.2768552060543021,-0.011946272518247536,0.014307587807662614,0.7675477924034289,-0.025883529455453913,-0.02636816575596046,0.7818944801119042,-0.02339472268092313,-0.013078443041496968,1.9045227933000968,0.011601736837884196,0.022531773227344502,0.014969551337219706,0.0014233734667685252,0.01045637143127683,0.02091022371712182,0.016114916743827073,0.0030449229769912087,2.597018390412133,-0.0005841007289020608,0.02657128257535682,-0.02878411910668539,0.0,0.43753111099161995,0.6575410672137396,1.0161653962725836e-08,0.003982090839251162,0.003982080637132901,-0.002908164157460169,0.0010739165201370305
2025-11-13,2001.1472371318405,2040.990885457014,1990.1902338424177,2009.115966796875,32600,0.003982090839251162,0.030659188297584405,0.003482595982649883,0.003982080637132807,0.025525525525525547,1.0161653931925518e-08,1977.241015625,0.01612092350855021,2105.935986328125,-0.04597481602516229,2205.3790934244794,-0.08899292063377684,2029.264776011979,2102.3460503120177,-73.08127430003879,-62.81947136041552,-10.261802939623266,19.88894922844109,43.416826823630856,22.36842250485191,18.107768021765327,-77.63157749514808,94.09194448034566,0.046832510435079175,2393.6636634881324,1818.208309168118,27.32539631099466,0.33175059749742475,0.013952655136253055,0.07346573640853753,1.12720860274541,0.796949102821102,-0.01807228915662651,0.41562064156206424,-0.003966296686049753,0.026571288175103902,1.1479547733480862,-0.029747164383916336,-0.014105768289269238,1.2309394557587912,-0.01586518674270565,0.014307587807662614,0.7399467514954531,-0.0034705096003557756,0.024464831995294922,0.9474084575222157,-0.002503632572151382,0.019343298290161532,0.0064857234114025445,-0.01586070230751165,0.0011198127552160383,0.017826950927924107,0.0028622780840351237,-0.014344354945274224,2.5827742566272915,0.0010898672828362995,0.0039820806371308175,0.02657128257535682,0.0,0.431829436110716,0.6588993609437874,-0.014377781123940725,-0.020822996840937025,-0.006539235412474809,-0.0028430678400387446,-0.009288283557035044
2025-11-14,1980.229337173655,2016.088620945411,1962.2996952877768,1967.2801513671875,67300,-0.020822996840937025,-0.0169238250666518,0.009197775275580966,-0.006539235412474837,0.027411167512690262,-0.01437778112394069,1980.826953125,-0.006838962756152922,2093.4350402832033,-0.060262146419355345,2200.6974670410154,-0.10606515396619554,2019.7286799127803,2092.341168908697,-72.61248899591669,-64.77807488751576,-7.834414108400935,19.8365293539889,41.06675053434773,15.338654114609536,19.523912002816356,-84.66134588539046,91.21315742158058,0.046365108374699156,2382.4451825406322,1804.4248980257744,27.611092457717834,0.2817466059657409,0.012451993971591054,0.07536246153933716,1.7700744325504327,1.5725768763435835,1.0644171779141103,-0.31462925851703405,0.021265814835569774,0.003982090839251162,0.8574208989768812,0.017215171619117786,0.026571288175103902,0.8732016517187869,-0.009113947237525122,-0.014105768289269238,0.9363246626864101,-0.009113947237525122,-0.02636816575596046,0.573367349622577,-0.005427137251745967,0.014468974603777721,-0.015395859589191058,-0.005271199328196755,-0.004466016824468644,0.01507740624845192,-0.016356980016468382,-0.005879630972870954,2.5926134270988093,-0.009244341656170432,-0.006539235412471535,0.0039820806371308175,0.0,0.4622784557758926,0.6516455779131501,-0.2020253657225326,-0.19037979682127515,0.014593908629441543,-0.18531258091623695,-0.1736670120149795
2025-11-17,1569.8396593085522,1631.5973108803353,1568.8435681541685,1592.749755859375,230800,-0.19037979682127515,-0.20723851575442453,-0.1944584486130564,0.014593908629441637,0.04000000000000005,-0.20202536572253257,1903.9287109375,-0.1634404446402492,2067.0386169433596,-0.22945331412632797,2190.0558939615885,-0.27273556795962617,1954.0396146737949,2055.3343975717103,-101.29478289791541,-72.0814164895957,-29.213366408319715,22.108164276683883,26.98471935764225,3.3707866656957797,13.692621095052418,-96.62921333430421,113.15768783525475,0.07104549061702978,2428.6025674108605,1705.4746664758584,34.983763486931366,-0.15588516287468707,0.1102867810351298,0.11645168511536227,2.888574611081213,4.4680192039646895,2.429420505200594,-3.7573632538569424,0.2351470431113003,-0.020822996840937025,0.8422923367667489,0.2614134514254478,0.003982090839251162,0.40800490607126316,0.25641031143394577,0.026571288175103902,0.415514198821041,0.2414008914594401,0.014307587807662614,0.2678314414087433,-0.009927707902262446,-0.0060759111611233315,-0.1804520889190127,-0.18838253745193306,-0.00644630805025091,-0.0008180369299594411,-0.18393348877102425,-0.19364041168309695,3.5394809043296407,-0.16756321257398563,0.01459390862943234,-0.006539235412471535,1.0,0.80612891085787,0.5697310656044628,-0.025015571743655762,-0.06504058996585327,-0.041051956382296195,0.018829902878252272,-0.021195115343945234
2025-11-18,1552.9062100719846,1554.898392509537,1474.2150037886704,1489.1563720703125,180800,-0.06504058996585327,-0.24303797248429337,-0.23607560586305576,-0.04105195638229623,0.05472972972972982,-0.02501557174365579,1811.889892578125,-0.17811983047679525,2029.386376953125,-0.2662036224440588,2180.3108032226564,-0.3169981225298021,1882.5191158117207,2013.3952845716067,-130.876168759886,-83.84036694365376,-47.03580181623225,24.543149947295838,24.483885007973612,2.1216409448648776,6.943693908390074,-97.87835905513512,113.54176385207259,0.07624569587285446,2460.3282746961995,1598.4444792100503,42.470167597171034,-0.1268014408811264,0.1682297583022616,0.14845219292716283,1.6596139194609927,3.0700786198230627,-0.21663778162911607,-11.571428571428571,0.06956514824831417,-0.19037979682127515,2.1185779458606033,0.3210702302746342,-0.020822996840937025,0.6177655795338761,0.34916386517712383,0.003982090839251162,0.29924454521254623,0.3090300658995113,-0.014105768289269238,0.3267823867965229,-0.013322321472538177,-0.02008901377904604,-0.051718268493315095,-0.21598659208400972,-0.014615158207302678,-0.014463039100231018,-0.05042543175855059,-0.22161256676282473,3.232405056893786,-0.017798478669265372,-0.0410519563822698,0.01459390862943234,1.0,0.9317725362984767,0.5397993433963042,-0.011371302980433429,-0.02541812479194283,-0.01420838971583216,-0.004656906062113903,-0.018703727873623305
2025-11-19,1472.222723778258,1487.1640910696476,1387.5549757937167,1451.3048095703125,123400,-0.02541812479194283,-0.08880550492550243,-0.27476359690651075,-0.014208389715832144,0.07178750897343865,-0.011371302980433453,1701.9214111328124,-0.14725509645979495,1989.3933166503907,-0.27047869447294903,2167.4944274902346,-0.3304228185490079,1816.1784533130424,1971.7589530900293,-155.58049977698693,-98.1883935103204,-57.39210626666653,27.07032734312234,23.622438675625446,9.24855396873324,4.9136605264313085,-90.75144603126677,112.68888045382425,0.07764659753805293,2475.512188763537,1503.2744445372443,48.87106717857494,-0.05345362826691048,0.18385100053516334,0.17182725366818707,0.9717989305486647,1.9635298984820035,-0.3174778761061947,-8.268505079825834,0.026081056335905517,-0.06504058996585327,1.4238350619384001,0.09746053713543645,-0.19037979682127515,1.8175947582709224,0.3555251373750248,-0.020822996840937025,0.5300005512635748,0.3788607352496649,0.026571288175103902,0.2614564383647947,-0.0026827051347397685,-0.03349651492699881,-0.022735419657203063,-0.24126708197951194,-0.0022381323061065085,-0.02640841645644745,-0.023179992485836323,-0.2483551804500633,3.214535116487836,-0.018223569898617557,-0.014208389715822493,-0.0410519563822698,0.0,0.9821552046471634,0.5277968241452854,0.020590314629292727,0.023335681985390044,0.0026899798251511786,0.00055104545794964,0.003296412814046957
2025-11-20,1481.187632222371,1494.1368179781816,1449.312713438836,1485.1719970703125,70800,0.023335681985390044,-0.0026755920833624325,-0.26078333873473925,0.002689979825151168,0.030927835051546518,0.020590314629292655,1597.1326171875,-0.07010101660516865,1948.9022094726563,-0.23794432073048155,2155.4085205078127,-0.3109556805873078,1765.2543831218532,1935.7154748663465,-170.4610917444934,-112.642933157155,-57.81815858733839,29.33341750835338,26.12689940694372,14.692664845275687,8.68761991962461,-85.30733515472431,107.84139645993294,0.07261205885418724,2460.6862399812926,1437.11817896402,52.520237087433685,0.04694735986440828,0.14381714172556057,0.17677391483282076,0.5259209187273902,1.088293162813576,-0.4262560777957861,-5.236453201970443,-0.022803545695572303,-0.02541812479194283,0.9166474769909598,0.002682770081079422,-0.06504058996585327,1.3430296907614712,0.07243454562852025,-0.19037979682127515,1.7144427689587807,0.3527833616300029,0.003982090839251162,0.2421613269846458,0.002743710894742347,-0.029535494716743948,0.020591971090647698,-0.2312478440179953,0.006679756390447696,-0.021716164562954835,0.016655925594942347,-0.2390671741717844,3.2866347844015347,0.0013817622812162082,0.002689979825149352,-0.014208389715822493,0.0,0.93695503786361,0.5385647308431648,-0.013413810488278943,-0.06237424001537328,-0.049626104690686734,-0.03231469737386153,-0.08127512690095587
2025-11-21,1465.2501813591125,1465.2501813591125,1355.6801474029585,1392.5355224609375,128300,-0.06237424001537328,-0.04049410345906235,-0.2921518973832088,-0.049626104690686706,0.08082292432035279,-0.01341381048827898,1482.18369140625,-0.060483845198159414,1902.1855407714843,-0.26792865752968353,2140.6995747884116,-0.3494951188571491,1707.9130199432507,1895.4799228363163,-187.56690289306562,-127.62772710433713,-59.93917578872849,31.71674777994962,23.825567478915488,5.377907131972003,9.773041981993652,-94.62209286802799,109.38785740332015,0.07855301041795153,2437.4706238166596,1366.900457726309,56.28105897893383,0.023945244829907786,0.05236909321162295,0.19719098670729418,0.8738531953875808,1.843894166510973,0.8121468926553672,-17.32456140350877,0.06652359894173343,0.023335681985390044,0.48221984593484585,0.04220307931856104,-0.02541812479194283,0.8404792229994347,0.06938483654445937,-0.06504058996585327,1.2314314709748606,0.41273247226693965,-0.020822996840937025,0.4583812942290272,0.008500151934294237,-0.015896104400178915,-0.07087439194966752,-0.2762557929830299,0.0063002956285275295,-0.011169708181942156,-0.06867453564390082,-0.2809821892012666,2.8763247571571395,-0.08049593630911592,-0.04962610469065284,0.002689979825149352,0.0,1.0658082579720096,0.5078683960598734,0.03648061285987092,-0.0608012113975086,-0.093857832988268,0.037709099503030294,-0.05957272475434923
2025-11-25,1443.336071749453,1443.336071749453,1285.9536705510995,1307.86767578125,108200,-0.0608012113975086,-0.11938302205994822,-0.1788617948488811,-0.09385783298826797,0.12238574748257193,0.03648061285987082,1425.207275390625,-0.08233160301411724,1847.5001281738282,-0.29208791066590556,2124.8949279785156,-0.3845024247740789,1646.367582379866,1851.9530897211262,-205.58550734126015,-143.21928315172173,-62.36622418953843,34.11970688820832,21.924722605317527,2.9023741873281264,7.65764872152528,-97.09762581267186,112.81603910296539,0.08625952089188907,2390.9453746687227,1304.0548816789337,58.83033383408378,0.00350798367168356,0.058233419056397284,0.21315728982821505,0.884702496300112,1.5061037569076154,-0.15666406858924398,2.3901322482197354,0.06473731880256683,-0.06237424001537328,1.049051111601704,0.13556747717770068,0.023335681985390044,0.5788996001668015,0.10967251232222042,-0.02541812479194283,1.0089860262794255,0.2178217914184124,-0.19037979682127515,1.8871472841595736,-0.0031276298525796152,-0.008885373474055835,-0.057673581544928985,-0.16997642137482527,-0.0004271028993171024,-0.005209819852962823,-0.0603741084981915,-0.17365197499591828,2.833276282828505,-0.059591110882546164,-0.09385783298820295,-0.04962610469065284,0.0,1.1995431457548982,0.4760091155224066,0.004569728348711166,-0.020563555226351338,-0.02501895375284313,-0.027391740489464265,-0.05252502406452677
2025-11-26,1313.8442757756306,1313.8442757756306,1267.0279899822608,1280.9732666015625,82800,-0.020563555226351338,-0.0801144775554582,-0.13979935846449865,-0.025018953752843107,0.03694968553459131,0.004569728348711232,1383.570654296875,-0.07415406461361962,1798.3928344726562,-0.2877122050052703,2108.160595703125,-0.3923739637237088,1590.153072260127,1809.658288008566,-219.505215748439,-158.4764696710652,-61.028746077373825,36.40151844954106,21.34225483387533,1.8018017014559313,3.3606943402520297,-98.19819829854407,108.10177100942285,0.08439034117873026,2359.9347608091407,1236.8509081361717,62.44930646658696,0.039286789103394566,0.0689990344833435,0.2248797360687546,0.8062238926592731,1.1469573769583465,-0.23475046210720885,0.9854266030736618,0.02099529309461534,-0.0608012113975086,1.0535437824363931,0.0870917908804325,-0.06237424001537328,1.249257553480492,0.1594090491906457,0.023335681985390044,0.6893798502448857,0.16251947710033,-0.06504058996585327,1.7604502390434367,0.01033474610702445,0.014675806143786217,-0.03089830133337579,-0.15447516460828487,0.011280745556613273,0.020985064126817044,-0.03184430078296461,-0.1607844225913157,3.040073536894698,-0.0548578512694538,-0.025018953752824064,-0.09385783298820295,0.0,1.2457231987759914,0.4650077733234838,0.09331257821607508,0.06687400946831801,-0.024182076813655695,0.07389997516758219,0.04746140641982512
2025-11-27,1400.504184734022,1415.445552280971,1316.8325264711077,1366.6370849609375,266300,0.06687400946831801,0.04493528685505721,-0.05833903674200769,-0.024182076813655733,0.07488653555219343,0.09331257821607503,1366.637109375,-1.7865066204159064e-08,1759.5452819824218,-0.2233009863659685,2092.837392171224,-0.3469931825221928,1555.7659972910208,1776.8419025976305,-221.07590530660968,-170.9963567981741,-50.07954850843558,37.26863217432721,27.911616668172314,12.870009087137946,5.858061658640678,-87.12999091286206,109.98537920013611,0.08047884870854309,2327.650423724844,1191.4401402399994,64.5740859936673,0.15419411993314786,0.058438743157012966,0.2132473878945802,2.0284732748836465,3.2070427284551277,2.216183574879227,-0.035543130990415284,-0.06268219946831077,-0.020563555226351338,0.6307081755928123,-0.04300293752260076,-0.0608012113975086,0.8241862874292548,0.018950486404897493,-0.06237424001537328,0.9772929822289592,0.06195333460509245,-0.02541812479194283,0.9399684645912204,0.006180189105277189,0.02381736225715566,0.060693820363040815,-0.08215639899916335,0.0064708676828309645,0.029750262944725082,0.060403141785487044,-0.08808929968673276,3.7401580467239444,0.04267194163509185,-0.02418207681363847,-0.025018953752824064,1.0,1.104956329281345,0.4985422627896255,0.05612248828568567,0.04956272127770012,-0.006211180124223614,0.032085311113150945,0.025525544105165394
2025-11-28,1443.3361587524414,1551.910100301107,1420.4260609944663,1434.371337890625,317400,0.04956272127770012,0.11975118863801848,-0.03420523634966066,-0.006211180124223602,0.09256661991584851,0.05612248828568573,1356.4769775390625,0.05742401945650566,1729.264111328125,-0.17053078908336516,2079.3403584798175,-0.3101796288229658,1537.089895844806,1751.4737126193338,-214.38381677452776,-179.67384879344485,-34.70996798108291,36.668779763984496,32.69797719033133,21.621624096813434,12.097811628469115,-78.37837590318657,115.36306749585277,0.08042761623041378,2298.906887759831,1159.621334896419,65.88268069638059,0.24115991140558726,0.04344693817687182,0.20372728511839916,1.757465351797609,3.300028072072447,0.19188884716485166,-0.6148837209302326,-0.04722225768276278,0.06687400946831801,1.4745211820532556,-0.1069444621750052,-0.020563555226351338,0.45846922220807196,-0.08819449940788837,-0.0608012113975086,0.5991107468950891,0.03541667198492626,0.023335681985390044,0.39202440739530786,0.006668802665184079,0.027403589842077854,0.04289391861251604,-0.06160882619173852,0.008012392390844907,0.03088289560659657,0.04155032888685521,-0.06508813195625723,4.556139082254253,0.013057147163415044,-0.006211180124219299,-0.02418207681363847,1.0,1.0055555390905262,0.5222222292728393,-0.004861103831168001,-0.03055554846358033,-0.02581995812979765,0.018022989498211177,-0.007671455134201151
2025-12-01,1427.3987098846874,1447.3205341677954,1366.637145821208,1390.5433349609375,103100,-0.03055554846358033,0.017492756682132127,-0.0014306188013640808,-0.025819958129797697,0.05903790087463563,-0.004861103831167955,1356.0785400390625,0.025415043379313884,1699.1821594238281,-0.18163963336830502,2065.5444946289062,-0.32679090739699224,1514.5442710934417,1724.7381290890823,-210.19385799564066,-185.77785063388401,-24.41600736175664,36.382166103744,31.25204927503988,15.958819951299047,16.816817711750154,-84.04118004870095,112.88594755661953,0.08118117912499971,2273.633504464336,1124.7308143833202,67.61503960650074,0.23136208390187799,0.04461320540081158,0.21192242971481828,0.5872602685106602,1.0466367530911822,-0.6751732829237556,-0.5187175353752462,0.0315186170950128,0.04956272127770012,1.8079186151821873,-0.01719202084532978,0.06687400946831801,1.5168516925740911,-0.0787965866330762,-0.020563555226351338,0.4716309430910054,0.0014326684029983827,-0.06237424001537328,0.7308001207557487,-0.009313771195836018,0.008510437043424272,-0.02124177726774431,-0.009941055844788353,-0.007628031109793059,0.016015327679714805,-0.022927517353787272,-0.017445946481078885,4.395288158863018,0.0029718463487318283,-0.025819958129779608,-0.006211180124219299,0.0,1.068767876191345,0.5071633346604375,-0.0071633512358108,-0.010745013027889327,-0.003607503607503615,0.016248896239938297,0.01266723444785977
2025-12-02,1380.5823846439966,1406.480755495904,1358.6683785385364,1375.6019287109375,45900,-0.010745013027889327,-0.040972241725154235,0.05178983637563084,-0.003607503607503605,0.03519061583577696,-0.007163351235810764,1369.625390625,0.004363629738352026,1667.8550903320313,-0.17522695066016658,2051.582615152995,-0.32949230581792455,1493.168526111518,1698.8761883203308,-205.70766220881274,-189.76381294886977,-15.943849259942965,36.15652477665913,30.752780257599156,14.028313161198358,17.20291906977029,-85.97168683880163,108.23783537095868,0.0786839805264802,2241.137349006587,1094.5728316574755,68.74485223538558,0.24510534976540957,0.04069232252735305,0.21378829687499826,0.2814207147718285,0.46230082791128657,-0.5548011639185257,-0.5279819954988747,0.010861722375593574,-0.03055554846358033,0.6321236534417324,0.0427226859399048,0.04956272127770012,1.9460334394025787,-0.006517033426519214,0.06687400946831801,1.6327306392971226,-0.04923971936715099,-0.0608012113975086,0.6633926217497134,-0.009857602294736364,0.002315460276981095,-0.0008874107331529636,0.04947437609864974,-0.007804082491916366,0.009013358885047066,-0.0029409305359729618,0.042776477490583775,3.9798866126627592,0.02031435040580444,-0.003607503607500992,-0.025819958129779608,0.0,1.0912382585235854,0.5018102796246476,0.001448188179558052,0.01955101153782901,0.018076644974692746,0.010740356090169144,0.0288431794484401
2025-12-03,1377.594059163874,1417.4377051266756,1363.648783076893,1402.496337890625,48700,0.01955101153782901,0.008595922636257303,0.09486776536052521,0.018076644974692652,0.039444850255661086,0.0014481881795580303,1393.9300048828125,0.006145454202721279,1638.9684448242188,-0.14428106146961928,2039.3970967610678,-0.3122985513133486,1479.2189586929192,1676.9221253255378,-197.7031666326186,-191.35168368561955,-6.351482946999056,35.82982469391326,32.83280520504776,17.503209611265298,15.830114241254245,-82.4967903887347,104.34862727658894,0.07440206755438407,2204.549849728998,1073.3870399194393,69.01675339642536,0.2909477708399855,0.018868543555814594,0.20687194044532736,0.3116181749540891,0.4872631220859264,0.061002178649237404,-0.645135459762445,-0.019176099397961943,-0.010745013027889327,0.293701729576852,-0.008522662489555244,-0.03055554846358033,0.6597091137118396,0.022727332070554773,0.04956272127770012,2.030957058119669,-0.0866476924087719,-0.020563555226351338,0.5298148847268702,-0.002266866206398611,-0.009082458079734537,0.021817877744227623,0.10395022344025975,-0.003097389303537031,-0.004863374835108146,0.022648400841366042,0.09973114019563337,3.8022100229131843,0.031327936192601595,0.01807664497467953,-0.003607503607500992,0.0,1.0511364658148072,0.5113636152212531,0.0007102973020511882,0.061789847030920164,0.061036195883605426,-0.017046815372735384,0.04403273435613359
2025-12-04,1403.4925272555654,1535.9726593527903,1402.4964360367892,1489.1563720703125,112000,0.061789847030920164,0.08254891258097152,0.08965019935257867,0.06103619588360542,0.09517045454545445,0.0007102973020511949,1418.4338623046874,0.049859575158241354,1615.709716796875,-0.07832678321596942,2029.1041544596353,-0.2661015607322772,1480.7477915202105,1663.013551010336,-182.26575949012545,-189.53449884652073,7.268739356395287,34.34728472120732,39.17302022889461,29.65425933578122,20.395260702748303,-70.34574066421878,106.42917686127296,0.0714694432749446,2165.5428583438666,1065.8765752498834,68.06088195558162,0.3849165909038364,0.03025971701266157,0.1894082149685659,0.89299240159144,1.0885305809060073,1.299794661190965,-0.6813664596273292,-0.05819404584096799,0.01955101153782901,0.3882922317634208,-0.07625421043085534,-0.010745013027889327,0.3659674217236348,-0.06622074011825307,-0.03055554846358033,0.8220313982506917,-0.08227429261841668,0.06687400946831801,2.123248897712504,0.004479269337272157,-0.011667099793734289,0.05731057769364801,0.10131729914631296,0.00591903755826219,-0.005732173483735357,0.055870809472657976,0.09538237283631402,4.338051748492948,0.03611275580190544,0.06103619588356193,0.01807664497467953,0.0,0.9317725362984767,0.5397993433963042,-0.01003347375125141,-0.0113712663542902,-0.0013513513513513375,0.004573783206306289,0.0032359906032674995
2025-12-05,1474.2149606996363,1489.156328544565,1450.3087721477505,1472.2227783203125,47200,-0.0113712663542902,0.049715951868050556,0.026388871158950833,-0.0013513513513513438,0.026785714285714135,-0.010033473751251356,1426.004150390625,0.03241128570067242,1589.213690185547,-0.07361559530266926,2018.479180908203,-0.2706277120692595,1479.4362510279186,1648.8809011814453,-169.4446501535267,-185.51652910792194,16.07187895439523,32.97064046083754,38.41005168707568,56.28416231858951,34.48054375521202,-43.71583768141049,101.60192136565077,0.06901259976530275,2112.434333571918,1065.9930467991758,65.84648076185186,0.3882011696747573,0.03475922406123497,0.1823137983541387,0.6612403860971406,0.45436605346502246,-0.5785714285714285,0.21437198067632846,0.0115020593339199,0.061789847030920164,1.5690449839593168,-0.0473613378745521,0.01955101153782901,0.6822543814180244,-0.06562923154914502,-0.010745013027889327,0.6430282568190415,-0.025710402656483278,0.04956272127770012,4.446561409898993,-0.005133016136894798,-0.022737368338548447,-0.006238250217395401,0.04912623949749928,-0.004869085652519233,-0.01793484641789142,-0.006502180701770967,0.04432371757684225,4.1103696920462705,0.008642475739802192,-0.0013513513513504273,0.06103619588356193,0.0,0.9539918986319307,0.5345060881382271,-0.0013531870975165283,0.06156968119511963,0.0630081300813008,-0.020094346224464352,0.04282852206817181
2025-12-08,1470.2305854520196,1579.8006155331325,1470.2305854520196,1562.8670654296875,89800,0.06156968119511963,0.049498289596610956,0.12392546577744068,0.06300813008130084,0.07452574525745281,-0.0013531870975164936,1460.468896484375,0.07011321445512064,1569.8895202636718,-0.004473215945667519,2009.0163126627604,-0.2220734816446176,1492.271760935883,1642.5095059405744,-150.2377450046913,-178.46077228727583,28.223027282584525,30.869323241262652,44.62721050916281,94.5859871612419,60.17480293853756,-5.414012838758099,102.17107198818378,0.06537412825960855,2066.3422141516303,1073.4368263757135,63.246832019692235,0.4929273675816036,0.04746301474782308,0.16295362799235863,1.3067330219292501,0.8370540915912417,0.902542372881356,-0.5857834015630815,-0.057998718582885744,-0.0113712663542902,0.6868351741098063,-0.04716376395075039,0.061789847030920164,1.6297783792436082,-0.10261315954973327,0.01955101153782901,0.7086625631175332,-0.11026128471282481,-0.03055554846358033,1.5002692044644286,0.004028335091351165,-0.009466466563627,0.057541346103768466,0.1333919323410677,0.006247053042315941,-0.004346760128369677,0.055322628152803685,0.12827222590581036,4.374634293435122,0.0342411087232961,0.06300813008125798,-0.0013513513513504273,0.0,0.8406628723911889,0.5615041385340468,-0.02103249269871954,-0.056086667764846165,-0.03580729166666674,-0.011615918198238978,-0.0466700932643656
2025-12-09,1529.9960752869683,1557.8866287427204,1475.2110595703125,1475.2110595703125,76700,-0.056086667764846165,0.0020297751766953365,0.0724113050297317,-0.03580729166666671,0.05604321404456456,-0.021032492698719558,1480.39072265625,-0.0034988486537123054,1544.7880249023438,-0.04503981401421375,1997.4284525553385,-0.26144485541781703,1489.6470376488721,1630.117028431666,-140.46999078279396,-170.86261598637947,30.39262520358551,28.918100108800257,40.38202972499235,66.5605147577697,72.47688807920038,-33.439485242230305,101.13428155041173,0.06855580487567707,2005.820235248243,1083.7558145564444,59.6887343653566,0.4245421862391896,0.03870428260737586,0.16031911649520694,1.0242918764439577,0.6969812623811861,-0.1458797327394209,-0.4024157660521297,0.0594192982011994,0.06156968119511963,1.1992361213124825,-0.0020256635358119057,-0.0113712663542902,0.6303334624270509,0.009453096496614188,0.061789847030920164,1.4957065210133411,-0.067521952343091,-0.010745013027889327,0.6129725831652889,-0.005106359482020376,-0.004309200505106858,-0.05098030828282579,0.07672050553483856,-0.003138858166826854,0.000255781263483663,-0.05294780959801931,0.07215552376624804,4.597840751305105,-0.04165469777284282,-0.03580729166664331,0.06300813008125798,0.0,0.9500337684949247,0.5354490221813123,1.3839135171167527e-08,-0.027008764387444928,-0.02700877785280198,-0.008592006456079142,-0.035600784682659245
2025-12-10,1475.211079985958,1497.1250865758914,1428.3947931801918,1435.367431640625,32200,-0.027008764387444928,-0.08158060055735339,0.02343756119851159,-0.027008777852802025,0.04811715481171549,1.3839135262871807e-08,1486.96494140625,-0.03469988318473305,1519.0888732910157,-0.055112931918168906,1983.6159891764323,-0.276388454483146,1481.2963290322186,1615.6911323730703,-134.3948033408517,-163.56905345727392,29.17425011642223,27.49605387061026,38.58531004751649,53.82166721332337,71.656056377445,-46.17833278667662,98.8197109679323,0.06884628199687694,1942.8450924123044,1095.332654169727,55.790839702912976,0.40121508797676464,0.032647221843824174,0.15144718271984767,0.44984004135175537,0.2930576285995122,-0.5801825293350718,-0.17186912373072583,0.027758486816938932,-0.056086667764846165,1.0715133904248335,0.08882717482466607,0.06156968119511963,1.2545228482418518,0.025676593927267843,-0.0113712663542902,0.6593928556460513,-0.02290082178707753,0.01955101153782901,0.6803481370754809,0.0017868125836378052,-0.0002737644657295482,-0.02879557697108273,0.02371132566424114,0.002864006765071438,0.0062164062412976995,-0.029872771152516367,0.017221154957213894,4.538510014734869,-0.040007087772990065,-0.027008777852783716,-0.03580729166664331,0.0,1.0041637551516354,0.5225537899874125,0.0013879047781530929,-0.04094380845224699,-0.042273042273042294,0.028144177207566394,-0.014187536022833687
2025-12-11,1437.3595849574044,1446.3244056536043,1369.6253841416708,1376.5980224609375,53300,-0.04094380845224699,-0.06684673116408046,-0.07558531240939448,-0.04227304227304232,0.05599999999999999,0.0013879047781531388,1464.453271484375,-0.059991841825944414,1487.8614135742187,-0.07478074913370036,1969.5877034505208,-0.30107300119279967,1465.1888972520214,1597.9805316388383,-132.7916343868169,-157.41356964318254,24.621935256365646,26.637408067650878,36.03828383963891,35.03184854675059,51.80467683928123,-64.9681514532494,97.23966172107524,0.07063765902203588,1852.9003094303257,1122.8225177181116,49.06893780909225,0.3476006360194291,0.049303440802952535,0.13603172411494158,0.8906936715629752,0.4806955204227956,0.65527950310559,0.7771280051981806,0.04269177219474929,-0.027008764387444928,0.5380926120887017,0.07163531800809464,-0.056086667764846165,1.2817299176150132,0.13531113653252413,0.06156968119511963,1.5006433716014105,0.08176559007913808,0.061789847030920164,1.8716264768302668,-0.008493468996650304,-0.013984353080713621,-0.03245033945559668,-0.06160095932868086,-0.0089187574764711,-0.008729986248625586,-0.03202505097577589,-0.06685532616076889,4.457178622558616,-0.0011913132883351746,-0.04227304227301291,-0.027008777852783716,0.0,1.0897250576289983,0.5021707651539619,-0.000723587143367288,0.0007235908622178489,0.0014482259232440065,-0.025113894690175147,-0.02366671668459001
2025-12-12,1375.6019338303,1411.4612166817776,1368.629295498068,1377.5941162109375,27000,0.0007235908622178489,-0.04024984415568955,-0.06427604809738008,0.0014482259232439774,0.031295487627365476,-0.0007235871433673021,1445.5275390625,-0.04699559227807848,1456.2853210449218,-0.05403556823498523,1956.7713317871094,-0.2959861513546993,1451.7127770918546,1581.6556119775123,-129.9428348856577,-151.91942269167757,21.976587806019865,25.847914623066863,36.11525750045503,35.35032071107303,41.40127882371568,-64.64967928892696,93.35339453983485,0.06776552936835627,1734.4142669183432,1178.1563751715005,38.19704035385823,0.35853467249360427,0.05636760216722001,0.10356979396044881,0.4838622963746169,0.24412075840182276,-0.4934333958724203,0.22575832918945804,-0.0007230676577938411,-0.04094380845224699,0.9551800146950772,0.041937835497984466,-0.027008764387444928,0.5770505904912099,0.0708604531694712,-0.056086667764846165,1.3745273382197452,0.06869125019826727,-0.0113712663542902,0.845862977365997,0.004258118487598809,-0.0043479859385133586,-0.0035345276253809605,-0.05992806215886672,0.00813010251560262,0.004592111357631927,-0.007406511653384771,-0.06886815945501201,4.268192297116053,-0.03397725006964109,0.0014482259232429246,-0.04227304227301291,0.0,1.0882140450276623,0.5025307293724219,-0.021692010858601396,-0.014461353141370092,0.007390983000739038,-0.04315011327684265,-0.035919455559611346
2025-12-15,1347.7113296833445,1374.6057908078458,1295.9145897398605,1357.6722412109375,57500,-0.014461353141370092,-0.013748226382140571,-0.13129384370406105,0.007390983000739033,0.06072252113758639,-0.021692010858601358,1404.48857421875,-0.033333366940931475,1425.8049255371093,-0.04778541798167657,1944.4031982421875,-0.3017537502316262,1437.2450023409442,1565.0642511799883,-127.81924883904412,-147.09938792115088,19.280139082106757,25.67208367061496,35.202797387188966,28.98087742462412,33.12101556081593,-71.01912257537587,92.51954682063786,0.06814571588946203,1578.6488232597917,1272.9610278144269,21.43966470940689,0.27711676638281413,0.03617402289312499,0.057751247153660534,1.1653594373847307,0.5222003251264633,1.1296296296296298,1.7313566936208447,0.014673552566130788,0.0007235908622178489,0.5472122575545693,0.013939874937787478,-0.04094380845224699,1.08023753065402,0.05722676509857205,-0.027008764387444928,0.6526012849354492,0.15113723179210115,0.06156968119511963,1.819987434385197,0.007750661737124269,-0.0009159876740357837,-0.022212014878494363,-0.13037785603002527,0.007152700806080418,0.005606490127424102,-0.02161405394745051,-0.13690033383148514,4.153955965645906,-0.04417335732526813,0.007390983000733549,0.0014482259232429246,0.0,1.1188555635882464,0.495231087879467,-0.02201022800460506,-0.052824609417813306,-0.03150787696924229,0.0073407984676446825,-0.023473582945563565
2025-12-16,1327.7895656263615,1335.758295202514,1284.9576441545437,1285.9537353515625,58100,-0.052824609417813306,-0.0665220472278375,-0.1282916929011333,-0.031507876969242274,0.03953488372093029,-0.02201022800460511,1366.637109375,-0.059037891969198064,1410.4651245117188,-0.08827682939283732,1931.271396891276,-0.3341413654130293,1413.9694228041162,1544.3893981556605,-130.41997535154428,-143.76350540722956,13.343530055685278,25.589672676673313,32.06226630469418,0.3378378641218472,21.556345333273015,-99.66216213587815,91.10490755176329,0.07084617824667354,1554.540017862587,1266.3902311608506,20.429415920616222,0.06789352306882694,0.041756262406794684,0.057473965661930186,1.2735363100326604,0.5725491741889708,0.01043478260869568,0.9260638297872341,0.05577067345950226,-0.014461353141370092,1.2603844720633042,0.07126257993507878,0.0007235908622178489,0.5918327086210298,0.07048798461129979,-0.04094380845224699,1.1683216062778106,0.14717273181360802,-0.056086667764846165,1.6812432870827032,-0.008296752299881843,-0.004194389447627415,-0.04452785711793146,-0.12409730345350588,-0.009783675490749913,-0.001707322818928477,-0.043040933927063395,-0.12658437008220483,3.1764776614610404,-0.021746982774462326,-0.03150787696921854,0.007390983000733549,0.0,1.2370255653346238,0.4670797857086921,-0.00774589944645232,-0.024012360111264508,-0.016393442622950838,-0.004882291246725259,-0.021148751911537447
2025-12-17,1275.9928670247396,1286.9498705667163,1191.3251123821924,1255.074951171875,128700,-0.024012360111264508,-0.07556852598500041,-0.12560719749832672,-0.016393442622950796,0.08026755852842818,-0.007745899446452309,1330.57861328125,-0.056744983991681486,1398.761053466797,-0.10272383688385989,1909.3241882324219,-0.34266011036443356,1389.524119476079,1522.958698379084,-133.43457890300488,-141.69772010638462,8.263141203379746,26.15853866833994,30.788673658512025,16.41025966183328,15.242991650193096,-83.58974033816672,91.42775402553191,0.07284644948103867,1553.0348117136787,1244.4872952199153,22.05862936553999,0.03431450712121917,0.04499164860152734,0.06305660714055525,1.9824093898738466,1.3016961495281731,1.2151462994836488,1.2288828337874658,0.024603139557387577,-0.052824609417813306,0.8949338426703224,0.08174594668006452,-0.014461353141370092,0.8856918408527287,0.09761900269268198,0.0007235908622178489,0.4158900817917161,0.14365076786789954,-0.027008764387444928,0.49598743087752806,-0.0018528949940707915,-0.007998789568529613,-0.022159465117193716,-0.1176084079297971,-0.0009545360665756871,-0.0055758871224152705,-0.02305782404468882,-0.12003131037591144,3.054593462491126,-0.02109664048259042,-0.01639344262293795,-0.03150787696921854,0.0,1.2920634175137775,0.4539682753031056,-0.046031821048808874,-0.03015880642399693,0.016638935108153063,-0.049998364864588724,-0.03412535023977678
2025-12-18,1197.3015656166888,1232.1647559632645,1196.3054744639294,1217.223388671875,67400,-0.03015880642399693,-0.05344698241488255,-0.11577427192881573,0.016638935108153122,0.029975020815986686,-0.046031821048808826,1298.7036865234375,-0.06273971399174072,1387.056982421875,-0.12244168473478223,1888.3066630045573,-0.35538892462813243,1363.0163147369708,1500.3116384007722,-137.29532366380135,-140.81724081786797,3.521917154066614,26.68677137488752,29.25462490254469,6.666643348067166,7.8049136246741115,-93.33335665193285,89.0950199314186,0.07319529082378043,1558.2044827082195,1215.9094821355307,24.677789370630155,0.0038385209662603007,0.055728852147828745,0.07212876122053691,0.994966120960718,0.7015644679455819,-0.47630147630147635,1.0409506398537478,0.031096644092806214,-0.024012360111264508,1.8998833793419052,0.05646485872541729,-0.052824609417813306,0.8576785107984825,0.11538461538369904,-0.014461353141370092,0.8488212456267253,0.13093293743051304,-0.04094380845224699,0.7868203894244253,0.0016181496953209193,0.0022324488280491715,-0.03177695611931785,-0.1180067207568649,0.001322181271926616,0.004658006448445051,-0.03148098769592355,-0.12043227837726078,3.01854054970461,-0.03414986420736744,0.016638935108139227,-0.01639344262293795,0.0,1.363338897848228,0.4369885210963765,-0.001636606978519528,-0.018003219978871776,-0.016393442622950838,-0.02352254161620475,-0.039889154616556996
2025-12-19,1215.2312723795574,1223.2000020345054,1195.3094482421875,1195.3094482421875,78100,-0.018003219978871776,-0.04761907077651728,-0.13232102679860647,-0.01639344262295088,0.02333333333333346,-0.0016366069785195725,1262.2467529296875,-0.05303028471500115,1372.5638549804687,-0.12914110050032923,1865.6289876302083,-0.3592994876436426,1337.215258353158,1477.7188835742104,-140.5036252210523,-140.75451769850483,0.2508924774525383,27.184271975819264,28.373214696255488,1.0256337472190638,8.034178919039851,-98.97436625278094,84.72327235005426,0.0708797813608658,1556.6273658538576,1188.5003441070799,26.82039312131063,0.018496615931094026,0.05328577105434166,0.07899426288416089,1.001782942753428,0.8098635364386744,0.15875370919881315,1.581338742393509,0.01833327801507445,-0.03015880642399693,0.8645348315183232,0.05000002553023242,-0.024012360111264508,1.650825412706353,0.07583332269447052,-0.052824609417813306,0.7452444170803351,0.1524999808507026,0.0007235908622178489,0.34632700965867547,0.007558632813787282,0.006269593939535617,-0.02556185279265906,-0.13859062073814207,0.0072953115458950744,0.003989369097734422,-0.02529853152476685,-0.1363103958963409,2.7155214771331995,-0.03781379516412765,-0.01639344262293739,0.016638935108139227,0.0,1.406666646908296,0.4266666751274871,0.024999978008916957,-0.008333354609259103,-0.03252032520325199,0.022057464259880193,-0.011275868358295868
2025-12-22,1225.192158162093,1245.1139818720458,1185.3485107421875,1185.3485107421875,69500,-0.008333354609259103,-0.026186547371938484,-0.12692587005760003,-0.032520325203252015,0.050420168067226954,0.02499997800891703,1227.7820068359374,-0.03456109949360542,1362.2045043945313,-0.12983072151256936,1845.7071634928386,-0.3577808364256563,1313.8511433360857,1456.0618189199865,-142.21067558390087,-141.04574927558403,-1.1649263083168364,27.323945590676963,27.960834227906687,0.0,2.564092365095424,-100.0,82.9405722628974,0.0699714653632926,1563.1528932411456,1161.256115547917,29.50340983286225,0.059946723963685035,0.035531425287789825,0.08696543462721894,0.8648473762148305,0.743347308975785,-0.11011523687580027,1.3217105263157896,0.008403382978694252,-0.018003219978871776,0.9718644616169535,0.0268907225510433,-0.03015880642399693,0.8387152972212889,0.058823577873287736,-0.024012360111264508,1.6015231268899093,0.14537811361462527,-0.014461353141370092,0.7155212105374498,-0.0021758341094924565,-0.003961104295372415,-0.006157520499766646,-0.12296476576222762,0.0010835906745039643,-0.001991629543166713,-0.009416945283763066,-0.12493424051443332,3.152742184196983,-0.011749636639170214,-0.03252032520322547,-0.01639344262293739,0.0,1.4268907884463469,0.42184873562365155,0.02521012551413193,0.01596642766113554,-0.009016393442622839,0.005331938570035805,-0.003911759282960586
2025-12-23,1215.2312954759873,1240.133576120987,1187.3407411535875,1204.2742919921875,77400,0.01596642766113554,0.0075000191483332035,-0.06351662669811753,-0.009016393442622865,0.044463087248322264,0.025210125514131824,1211.4461181640625,-0.005920053781457435,1357.024835205078,-0.11256282070231516,1827.5949055989583,-0.3410605992049145,1296.9931662062552,1437.4108909994088,-140.41772479315364,-140.92014437909796,0.5024195859443239,27.453642518759114,30.041341790391485,4.797992207452015,1.9412086515570406,-95.20200779254799,80.929464628319,0.06720185356973211,1568.3795874524344,1145.6700829577217,31.149725010805092,0.13863944011507046,0.02247299349631923,0.09003156583921137,0.9190106980444307,0.841706903301579,0.11366906474820149,0.7354322010494339,-0.015715507153836183,-0.008333354609259103,0.8252098645231,-0.00744418759962262,-0.018003219978871776,0.9273221643058145,0.010752614055437038,-0.03015880642399693,0.8002754657389487,0.06782461761530079,-0.052824609417813306,0.6898516996948505,0.007761580854488253,0.01290920423716434,0.008204846806647287,-0.07642583093528187,0.006626062314698709,0.014867426125737168,0.00934036534643683,-0.0783840528238547,3.0849223044457776,-0.0044744597641261236,-0.009016393442615445,-0.03252032520322547,0.0,1.3887509689009543,0.43093467595447743,-3.6140762937897364e-08,-0.014061243242174837,-0.014061207609594617,0.001383729038078231,-0.012677478063333667
2025-12-24,1204.2742484687958,1204.2742484687958,1170.407148015579,1187.3406982421875,109600,-0.014061243242174837,0.0016806765959089809,-0.05396829318156926,-0.014061207609594645,0.028936170212766028,-3.614076293532726e-08,1197.899267578125,-0.00881423807719306,1352.3432067871095,-0.12201230258538598,1809.366436767578,-0.34378096436744565,1280.1235557502448,1418.8871730173923,-138.76361726714754,-140.4888389567079,1.7252216895603567,27.722713141777852,29.227987903330074,4.136253157454808,2.9780817883022888,-95.8637468425452,77.56787029605395,0.0653290756484848,1574.119972407232,1130.566441166987,32.798887812956686,0.1279986587333682,0.011059825166106402,0.09581839519961649,1.3631671247870052,1.1747556165323272,0.4160206718346253,0.5036674816625917,0.014261781621783376,0.01596642766113554,0.9626745935995821,-0.0016778566623275593,-0.008333354609259103,0.8644171092399349,0.006711426645099161,-0.018003219978871776,0.9713809529732217,0.05704702367981529,-0.024012360111264508,1.6007263591248866,-0.0013663781034683638,0.012873597276671847,-0.012694865138706473,-0.06684189045824111,-0.000461255059613723,0.014932972549351376,-0.013599988182561114,-0.06890126573092063,3.7819098233415924,-0.012316818201155686,-0.014061207609582968,-0.009016393442615445,0.0,1.4228188135702549,0.42281879057393157,-0.0016778683444236275,0.03355703041989089,0.0352941176470587,-0.019713082184669776,0.01552181657964474
2025-12-25,1185.3484968705611,1245.1139673010096,1183.3563145228793,1227.184326171875,107500,0.03355703041989089,0.019023933610496924,0.008183327393066708,0.03529411764705879,0.052188552188552347,-0.001677868344423599,1199.891455078125,0.022746116723491472,1345.3705688476562,-0.08784660926388688,1791.4699971516927,-0.3149847175100202,1271.9790588920341,1404.6869621399467,-132.70790324791255,-138.93265181494883,6.224748567036272,27.30832592962071,33.771577079417085,13.868608725140833,7.600951363349233,-86.13139127485917,76.43856904477369,0.06228776510139821,1573.5865830497842,1117.1545546455282,33.92611961143178,0.24106496625800958,0.013841602170456657,0.09539915283173078,1.215774533199127,1.259431088617086,-0.019160583941605802,0.1295234682909352,-0.032467516966212195,-0.014061243242174837,1.2395245473360401,-0.018668779980376082,0.01596642766113554,0.8753576639033713,-0.03409089778807528,-0.008333354609259103,0.7860123726264123,-0.008116904110130219,-0.03015880642399693,0.7622623584894991,0.007384343778351752,0.019378312775465156,0.026172686641539135,-0.011194985382398447,0.006011737946748716,0.02019522866699102,0.02754529247314217,-0.012011901273924312,3.521335565273495,0.012387683778900378,0.035294117647029014,-0.014061207609582968,0.0,1.3441559026365788,0.441558431283081,0.0008116798805231085,-0.003246761643728835,-0.0040551500405514584,-0.0009690408623019078,-0.005027482386553851
2025-12-26,1228.180406999122,1238.141318653616,1207.2624925246844,1223.199951171875,74000,-0.003246761643728835,0.030201317096917313,0.02333329078148183,-0.004055150040551414,0.02557755775577556,0.0008116798805230459,1205.4695556640625,0.014708289747749514,1334.8119995117188,-0.08361630580305579,1774.5032450358074,-0.31068035260397453,1264.4745807812403,1391.2434798460154,-126.76889906477504,-136.4999012649141,9.731002200139045,26.923537804046223,33.539686807408,13.624670668295881,10.543177516963855,-86.37532933170412,73.18430169364213,0.059830203249655774,1565.110762381229,1104.5132366422085,34.50654668279199,0.25767987862990743,0.0159409476385823,0.09658336929687958,0.8447392153057613,1.0111223458038423,-0.31162790697674414,0.10718214678610716,0.003257337441175956,0.03355703041989089,1.2271549411536398,-0.02931593718288128,-0.014061243242174837,1.2511272702366412,-0.015472253054409024,0.01596642766113554,0.8835515576306207,-0.022801262298894343,-0.018003219978871776,0.8915423339916211,-0.0003354897614312891,0.010799942384429452,-0.002911271882297546,0.012533348397052379,0.0005935735809416721,0.01310433848278833,-0.003840335224670507,0.0102289522986935,3.195293385895091,-0.0051434033809538236,-0.004055150040548113,0.035294117647029014,0.0,1.3517916094281068,0.4397393986521338,0.004741701324111558,-0.010791327418897434,-0.015459723352318933,-0.019999728953966484,-0.035532757696975475
2025-12-29,1229.0,1265.0,1189.0,1210.0,43000,-0.010791327418897434,-0.014003052194677568,0.020796828134855838,-0.015459723352318959,0.063919259882254,0.004741701324111662,1210.399853515625,-0.0003303482857034412,1325.7848327636718,-0.08733304975530953,1758.8770365397136,-0.312061062335672,1256.093876045665,1377.8180368944586,-121.72416084879364,-133.54475318169,11.820592332896354,26.11964323493367,32.73768390359663,12.118358777264431,13.20387939023373,-87.88164122273557,73.38542300123912,0.060649109918329315,1560.7443439894796,1090.825321537864,35.44459182505832,0.253606840260242,0.013164695549669295,0.09961296369173074,0.5224723879418233,0.6127014434106097,-0.41891891891891897,0.05908189288750365,0.010909050554433142,-0.003246761643728835,0.8991385280859285,0.014201922455256977,0.03355703041989089,1.3061809698545583,-0.018726695668424553,-0.014061243242174837,1.331697063219159,-0.02037313161883647,-0.008333354609259103,0.8444611851617841,0.007354310674136177,0.02033369229623119,-0.01814563809303361,0.0004631358386246488,0.008247143426026013,0.020702127098999688,-0.019038470844923445,9.47010358561505e-05,2.9162235123958986,-0.034841840987975756,-0.01545972335230638,-0.004055150040548113,0.0,1.3774474229907934,0.4336274874279098,-0.012396694214875992,-0.02892561983471076,-0.01673640167364021,-0.0023908617920971667,-0.018919787411931933
2025-12-30,1195.0,1202.0,1175.0,1175.0,67000,-0.02892561983471076,-0.03940480141917724,-0.024308658074698286,-0.016736401673640166,0.02297872340425532,-0.012396694214876033,1204.5449951171875,-0.024527929830706396,1315.754736328125,-0.10697642382943051,1741.007342529297,-0.32510336326766365,1243.6178951155628,1362.7944786059802,-119.17658349041744,-130.6711192434355,11.494535753018056,25.541716588889606,30.64521048584878,1.6645758310799006,9.135868425546752,-98.3354241689201,70.64360707257917,0.0601222187851226,1558.3540461499686,1073.1554265062816,36.876068635536896,0.20990285085417082,0.01930995348556608,0.10591559153523354,0.8351927799454009,0.9405356842046156,0.558139534883721,0.2961489497135583,0.029787234041676713,-0.010791327418897434,0.5360192468306304,0.041021235039007564,-0.003246761643728835,0.9224517271038756,0.044412192485813184,0.03355703041989089,1.340048117076576,0.02491429105630849,0.01596642766113554,0.9648346442951347,-0.004586749340780748,0.007580689827699529,-0.02433887049393001,-0.031889347902397815,-0.0034310924317862987,0.009793561054519742,-0.02549452740292446,-0.03410221912921803,3.321102337666798,-0.017530610738754424,-0.016736401673626163,-0.01545972335230638,0.0,1.448265005803225,0.4167568168406704,0.015319148936170146,0.006808510638297793,-0.008382229673092989,-0.003482804315230844,-0.011993442613103197
2026-01-05,1193.0,1194.0,1158.0,1183.0,59200,0.006808510638297793,-0.022314049586776852,-0.003655815258934325,-0.008382229673093043,0.031088082901554404,0.015319148936170212,1203.67685546875,-0.017178078464988533,1304.7799194335937,-0.09333368610345039,1723.569805908203,-0.3136338337187604,1234.292065097784,1349.4763690796112,-115.18430398182727,-127.57375619111386,12.389452209286588,25.211748256769454,31.719485340447875,9.86344196058511,7.882125522976494,-90.1365580394149,68.16906371025209,0.057623891555532096,1550.5289410343828,1059.0308978328046,37.66903796426742,0.25222705132185425,0.019930418756066992,0.1065651632325881,0.8440141999686346,0.8249606332130266,-0.11641791044776117,0.023441734417344096,-0.006762468301769409,-0.02892561983471076,0.9552187736131507,0.022823330514773588,-0.010791327418897434,0.6130508547069474,0.0339813619364675,-0.003246761643728835,1.0550177499607933,0.003669229282488473,-0.014061243242174837,1.5625668296716613,0.0030967038189431235,0.011689479862651243,0.00371180681935467,-0.015345295121585568,0.006267317750466996,0.016588921705410875,0.000541192887830797,-0.0202447369643452,3.6456706099130094,-0.01604006548756585,-0.008382229673086017,-0.016736401673626163,0.0,1.4317086913092187,0.42070098037851544,0.0008453085376163294,0.01690617075232459,0.01604729729729737,-0.030461531100186096,-0.014400668885477835
2026-01-06,1184.0,1224.0,1183.0,1203.0,86700,0.01690617075232459,0.0238297872340425,-0.019707166768757944,0.016047297297297296,0.034657650042265425,0.0008453085376162299,1198.839990234375,0.003470029193644475,1290.472100830078,-0.06778302357311328,1702.248817952474,-0.293287804161142,1229.4779012365864,1338.6262676663066,-109.14836642972023,-123.88867823883514,14.740311809114914,24.362353429217745,34.45297013058678,20.775067846602575,10.767695212755875,-79.22493215339742,66.22841630237694,0.055052715130774636,1524.6656576748003,1056.2785439853558,36.29579542154852,0.31324827632197666,0.01638706152047796,0.0998659682129299,1.3140146405783484,1.2298570131638675,0.464527027027027,0.06042823156225219,-0.016625103907716876,0.006808510638297793,0.8972279898758734,-0.023275145470471048,-0.02892561983471076,1.0154438398933026,0.005818786366578621,-0.010791327418897434,0.6517027629165972,0.020103346775440567,0.03355703041989089,1.629256907291493,0.010297162201656026,0.014485746406061113,0.006609008550668564,-0.03419291317481905,0.010435613212600808,0.02117909368311742,0.006470557539723781,-0.040886260451875364,3.2374732897378826,-0.016878848285506266,0.016047297297283745,-0.008382229673086017,0.0,1.391281281644926,0.4303318867728796,0.0,0.035743973399833706,0.035743973399833706,-0.014544635176099587,0.02119933822373412
2026-01-07,1203.0,1262.0,1192.0,1246.0,65500,0.035743973399833706,0.053254437869822535,0.018639674409961948,0.03574397339983375,0.0587248322147651,0.0,1203.4,0.035399700846737936,1279.1609619140625,-0.025923994635840386,1683.155234781901,-0.2597236581326302,1232.0197625848039,1331.7650626539876,-99.74530006918371,-119.06000260490487,19.314702535721153,22.934318062942616,40.01326992337231,49.50542527410298,26.714645027096903,-50.49457472589702,66.49781513792145,0.05336903301594549,1498.53221438368,1059.789709444445,34.29924129975997,0.42441816887867934,0.022274702206548935,0.09031707708806333,1.0189636128871673,0.9172256375068267,-0.24452133794694353,-0.14393186657203694,-0.03451043338761273,0.01690617075232459,1.3487655761422503,-0.05056179775357095,0.006808510638297793,0.9209564256934397,-0.056982343499954236,-0.02892561983471076,1.0422986574571025,-0.01829859456589622,-0.003246761643728835,1.1511955321167997,0.0052943604951187365,0.021366758052790674,0.03044961290471497,-0.002727083642828726,0.004848211725366529,0.025924139605461475,0.030895761674467177,-0.007284465195499527,3.6341688099947995,0.018124753563255595,0.035743973399804035,0.016047297297283745,0.0,1.3087571282655928,0.449991380246994,0.02327447833065821,0.045746388443017594,0.0219607843137255,0.0207186063381121,0.043190516450471485
2026-01-08,1275.0,1338.0,1250.0,1303.0,118100,0.045746388443017594,0.0831255195344971,0.0768595041322313,0.02196078431372549,0.0704,0.023274478330658106,1222.0,0.06628477904986396,1266.1676086425782,0.029089664831877693,1666.123956298828,-0.2179453424979635,1242.9397991102187,1329.6343172722106,-86.69451816199194,-112.58690571632229,25.892387554330355,22.067860888177446,46.492866396728516,80.55555555555556,50.278682892087055,-19.444444444444443,68.31939977092706,0.052432386623848526,1443.5493067010502,1088.7859105841062,28.018675702601147,0.6038224116709052,0.04066088159306133,0.06983491261088172,1.4892624304863746,1.6216735781177052,0.8030534351145038,-0.3511705685618729,-0.04374520337755661,0.035743973399833706,0.8259668856634848,-0.07674597083723966,0.01690617075232459,1.0933027326263225,-0.09209516500453407,0.006808510638297793,0.746522742462264,-0.07137375287868664,-0.010791327418897434,0.5422378028019823,0.004078445065216124,0.017656531991948582,0.04166794337780147,0.05920297214028272,0.0008519573308487034,0.018674947042060838,0.04489443111216889,0.058184557090170466,3.1217709160745697,0.04308677282583759,0.021960784313708265,0.035743973399804035,0.0,1.2077600781420028,0.47405161917707633,0.01304681504221028,-0.009209516500383708,-0.021969696969696972,-0.003038507789207008,-0.025294839331800996
2026-01-09,1320.0,1326.0,1280.0,1291.0,66400,-0.009209516500383708,0.036115569823435,0.09872340425531911,-0.02196969696969697,0.0359375,0.013046815042210284,1245.2,0.03678123996061933,1256.9570556640624,0.027083617679305227,1647.9795918782552,-0.21661651250922198,1250.333676170185,1326.7725159927877,-76.43883982260263,-105.35729253757836,28.91845271497573,21.26329351160979,45.38148643533672,73.88888888888889,67.98328990618249,-26.11111111111111,66.72515693014655,0.0516848620682377,1406.9851407627432,1106.9289705653816,23.87163259438796,0.6134552384426752,0.040783644951972044,0.05961485961112181,0.838585014081661,0.9182558670188491,-0.4377646062658763,-0.3230202578268877,0.009295120061185713,0.045746388443017594,1.4915194301663277,-0.03485670023312559,0.035743973399833706,0.8272186509389879,-0.06816421378848325,0.01690617075232459,1.0949596494108436,-0.08985282726639054,-0.02892561983471076,0.8461625895101097,0.005890298958702298,0.028452338228346932,-0.015099815459086004,0.07027106602697218,0.005361774277139096,0.027361695904229665,-0.014571290777522804,0.07136170835108945,2.7651820620129666,-0.024035798552091276,-0.021969696969680326,0.021960784313708265,0.0,1.2282814731363356,0.46916286583093364,0.02323780015491872,-0.0038729666924864903,-0.026495079485238437,0.007378996252941774,-0.019731770594463436
2026-01-13,1321.0,1321.0,1265.0,1286.0,92000,-0.0038729666924864903,-0.01304681504221028,0.08706677937447171,-0.026495079485238455,0.04426877470355731,0.023237800154918668,1265.8,0.015958287248367897,1249.4886840820313,0.02922100566582042,1631.2792338053384,-0.21166163747495426,1255.8208029132336,1323.7523296229515,-67.9315267097179,-97.87213937200627,29.940612662288373,20.261292065356237,44.899877169015504,71.11111111111111,75.1851851851852,-28.88888888888889,65.95907429227894,0.05129010442630455,1376.3270303892427,1122.65033777482,20.302440177823044,0.6439285396765411,0.0319736567069997,0.05059618877347499,1.072998915338053,1.221763323196239,0.3855421686746987,-0.1481530517675096,0.0038880248825785557,-0.009209516500383708,0.7744253041135513,0.013219284602633552,0.045746388443017594,1.3774040424067833,-0.031104199067627403,0.035743973399833706,0.7639285755939399,-0.08009331259791597,0.006808510638297793,0.6904514759566601,-0.0009451943311186341,0.02348080622686422,-0.002927772361367856,0.0635859731476075,0.005735175314435618,0.026524466207423363,-0.009608142006922109,0.06054231316704835,2.7368436611407776,-0.019569244897330678,-0.026495079485218398,-0.021969696969680326,0.0,1.2369450869510112,0.4670989578442748,-0.004665629860031051,-0.0427682737169518,-0.038281250000000044,-0.01569557910491462,-0.05379822296183537
2026-01-14,1280.0,1280.0,1227.0,1231.0,88900,-0.0427682737169518,-0.04647560030983733,0.023275145469659142,-0.03828125,0.04319478402607987,-0.004665629860031105,1271.4,-0.03177599496694061,1242.2087829589843,-0.00902326816050647,1615.7374003092448,-0.23811876870360849,1252.0022178496592,1316.881786687918,-64.87956883825882,-91.27362526525678,26.394056426997963,18.915921672772438,39.88558687923648,40.55555555555556,61.85185185185187,-59.44444444444444,65.46199755711616,0.05317790215845897,1354.9606687955193,1129.4568971224494,18.153451719759385,0.45029447678048345,0.02527824466393146,0.04698659383629872,1.031549877583226,1.1533322089749745,-0.033695652173913015,0.0952737062518696,0.044679122663651816,-0.0038729666924864903,1.0675206832132373,0.04874086108769404,-0.009209516500383708,0.7704714496234669,0.05848903330539512,0.045746388443017594,1.3703716596465578,-0.022745735175448645,0.01690617075232459,1.0060222090716051,-0.0025993571046052126,0.010216725635769277,-0.04016891661234659,0.013058419833889865,0.004030171471426336,0.01961538939693867,-0.046798445188378134,0.003659756072720472,2.5820333148138745,-0.05317431072058705,-0.038281249999970096,-0.026495079485218398,0.0,1.3368898308845658,0.4432894068137784,-0.008935824532900094,0.050365556458163985,0.059836065573770414,-0.037749037275272776,0.0215523437157913
2026-01-15,1220.0,1305.0,1220.0,1293.0,70200,0.050365556458163985,0.005443234836703059,0.03772070626003221,0.05983606557377049,0.06967213114754098,-0.008935824532900082,1280.8,0.009525296688780882,1237.9790771484375,0.044444146000636175,1600.0667948404948,-0.19190873520496587,1258.3095689497118,1315.1127654517759,-56.80319650206411,-84.37953951261825,27.57634301055414,17.855062736261544,47.062554454319624,75.0,62.222222222222236,-25.0,66.8575691601793,0.051707323403037575,1335.4036016198088,1140.554552677066,15.739284495143343,0.7823771691476447,0.022054649494354383,0.03865253405635733,0.8057758749325651,0.8859050239143877,-0.21034870641169856,0.09782788923893215,-0.04795050270761947,-0.0427682737169518,1.020419875804915,-0.005413766435417355,-0.0038729666924864903,1.056002571136695,-0.001546790410671628,-0.009209516500383708,0.7621583774290929,-0.03634957463338251,0.035743973399833706,0.75182791749406,0.012729379162345301,0.017300080387435676,0.03763617729581868,0.020420625872596535,0.011159117342546637,0.025944206263469327,0.039206439115617345,0.011776499996562884,3.204428628931688,0.014606961372099443,0.059836065573721446,-0.038281249999970096,0.0,1.2248347887231343,0.46998395961928424,-0.005413766434648082,-0.017788089713843824,-0.01244167962674958,-0.014602086905987015,-0.026976410185182757
2026-01-16,1286.0,1310.0,1261.0,1270.0,40400,-0.017788089713843824,0.03168155970755482,-0.025326170376055224,-0.012441679626749611,0.03885804916732752,-0.005413766434648105,1274.2,-0.0032961858428792734,1233.5954650878907,0.029510918239705086,1584.278476969401,-0.19837325415882212,1260.1080968036022,1311.7710791220147,-51.66298231841256,-77.83622807377712,26.17324575536456,16.948948627561368,44.920041995459755,62.22222222222222,59.259259259259274,-37.77777777777778,65.58202850588077,0.05163939252427491,1315.7809318388797,1151.4099983369017,13.324540998557172,0.7214779349152458,0.020300611425005787,0.03319705107970962,0.5643955798326371,0.5153981578343071,-0.4245014245014245,0.44845360824742264,0.018110236219670783,0.050365556458163985,0.9807071708973052,-0.030708661418086036,-0.0427682737169518,1.2419496793841942,0.012598425196053142,-0.0038729666924864903,1.2852572610050153,0.025984251967696048,0.045746388443017594,1.6498791578770904,0.0002451081893984824,0.01394722511328272,-0.018033197903242308,-0.03927339548933795,0.0030627734904463107,0.02855294752122574,-0.020850863204290134,-0.05387911789728096,3.3997154215523566,-0.028200647982035885,-0.012441679626739937,0.059836065573721446,0.0,1.2651270722984034,0.4603852439273576,-0.0047244094488189115,-0.012598425196850394,-0.007911392405063333,-0.011169629535867458,-0.01904364528389894
2026-01-19,1264.0,1278.0,1229.0,1254.0,44600,-0.012598425196850394,-0.030162412993039456,-0.02865995352439965,-0.007911392405063292,0.03986981285598047,-0.004724409448818898,1266.8,-0.01010419955872266,1231.9977783203126,0.01785897837305117,1569.8338399251302,-0.20118934367027785,1259.168389603048,1307.4917399277915,-48.323350324743615,-71.93365252397042,23.61030219922681,15.921821966573058,43.43854768903101,53.333333333333336,63.51851851851853,-46.666666666666664,64.39759789831785,0.05135374633035606,1311.2393826014215,1152.7561740392036,12.863919996535348,0.6388299863392133,0.019979219940681477,0.032416335955682274,0.6634831377099418,0.5739213238795022,0.10396039603960405,0.3549147624229234,0.012759170653099838,-0.017788089713843824,0.6010026628583329,0.031100478468077286,0.050365556458163985,1.044316508234034,-0.01834130781577481,-0.0427682737169518,1.3225033843590546,0.029505582136340136,-0.009209516500383708,0.9877865547968641,0.002312626978760974,0.010642380133138661,-0.014911052175611367,-0.03930233365753831,0.002148406695682849,0.02490175574205466,-0.014746831892533242,-0.05356170926645431,3.1918614753287518,-0.01945584176213882,-0.007911392405057033,-0.012441679626739937,0.0,1.2940282151666216,0.4535002071672655,0.003987240829345984,-0.02551834130781494,-0.02938840349483718,0.01801541695721782,-0.011490165179943107
2026-01-20,1259.0,1264.0,1222.0,1222.0,43100,-0.02551834130781494,-0.03779527559055118,-0.04976671850699843,-0.02938840349483717,0.03436988543371522,0.003987240829346092,1254.0,-0.025518341308592096,1230.3440307617188,-0.006781867960578558,1552.8304870605468,-0.21304996895545514,1253.4501758179636,1301.1590184516588,-47.70884263369521,-67.08869054591538,19.37984791222017,15.086641752611792,40.55752947041228,35.55555555555556,50.37037037037038,-64.44444444444444,62.79776947700943,0.05138933672418825,1308.9682780267824,1151.7197834966553,12.780855646755398,0.4469372931890282,0.02361135523116655,0.0330060456803926,0.7503351264776031,0.5869455679481418,-0.03363228699551568,0.2281628846751631,0.026186579377228902,-0.012598425196850394,0.7764488779791439,0.03927986906625258,-0.017788089713843824,0.7033303737748299,0.05810147299422419,0.050365556458163985,1.2221235702721054,0.05237315875527626,-0.0038729666924864903,1.6016434254278302,-0.004700682746754854,0.007063683245409042,-0.020817658561060087,-0.05683040175240747,-0.004676058709290611,0.014373657936351978,-0.02084228259852433,-0.06414037644335041,3.0086614286809668,-0.011449663830924573,-0.02938840349481383,-0.007911392405057033,0.0,1.3541009671185624,0.4391892469621647,-0.0016366612111292644,-0.01227495908346976,-0.010655737704918011,0.020765421744459646,0.01012712387211915
2026-01-21,1220.0,1225.0,1183.0,1207.0,75400,-0.01227495908346976,-0.037480063795853225,-0.019496344435418367,-0.010655737704918032,0.03550295857988166,-0.0016366612111292963,1249.2,-0.03378162023772513,1229.832861328125,-0.018565824712513224,1535.4277201334635,-0.21389982467276403,1246.3039949228923,1294.1842763441284,-47.88028142123608,-63.24700872097952,15.366727299743445,14.9456092346348,39.24361914883478,27.22222222222222,38.70370370370372,-72.77777777777777,61.3122145143659,0.050797195123707624,1308.9232247481355,1150.7424979081147,12.861969444302998,0.3556533290479973,0.028982123978186843,0.033614333358496715,1.3773953709285545,1.0212512359307067,0.7494199535962878,0.18202922299603985,0.012427506212914219,-0.02551834130781494,0.7873440382893991,0.038939519468899064,-0.012598425196850394,0.8147458029630441,0.052195526096891376,-0.017788089713843824,0.7380208618768382,0.019884009941159908,-0.0427682737169518,1.6240112529913593,-0.009456186614946422,-0.0008018401932478197,-0.002818772468523339,-0.018694504242170548,-0.007467360985196303,0.0028812963776740875,-0.004807598098273458,-0.022377640813092455,2.364535288611971,0.005381879478831151,-0.0106557377049093,-0.02938840349481383,0.0,1.3833565715152063,0.43221976784405325,0.0,-0.01905550952775481,-0.01905550952775481,-0.015176816883047917,-0.034232326410802726
2026-01-22,1207.0,1207.0,1175.0,1184.0,51300,-0.01905550952775481,-0.03109656301145658,-0.0843000773395205,-0.019055509527754765,0.02723404255319149,0.0,1227.4,-0.03535929607378585,1229.2673889160155,-0.036824688692747354,1516.911151123047,-0.21946648020706838,1236.718764934755,1286.0224780964152,-49.3037131616602,-60.458349609115665,11.154636447455466,14.939260741244388,37.250873135403594,14.444444444444445,25.74074074074076,-85.55555555555556,59.218484906196906,0.05001561225181325,1309.4905998652043,1149.0441779668267,13.05219867907351,0.21786601171644282,0.029413241702245477,0.03475814094956039,1.0066521457585211,0.7076740560897214,-0.31962864721485407,0.3848361274731913,0.01942567567481479,-0.01227495908346976,1.479562802927729,0.03209459459372299,-0.02551834130781494,0.8457447852279194,0.059121621620727094,-0.012598425196850394,0.8751790584957124,0.09206081080988837,0.050365556458163985,1.3775239889327133,0.002549998302126169,-0.009763072801976276,-0.02160550782988098,-0.07453700453754422,0.0064185199333425935,-0.0009628041704073952,-0.025474029461097406,-0.0833372731691131,2.4249399148474535,-0.03462003470836128,-0.019055509527738976,-0.0106557377049093,0.0,1.429654883292912,0.4211902531991413,-0.0033783783783783994,0.02195945945945943,0.025423728813559254,-0.016105005208109653,0.009232832629728177
2026-01-23,1180.0,1237.0,1178.0,1210.0,38100,0.02195945945945943,0.0024855012427507095,-0.047244094488189003,0.025423728813559324,0.0500848896434635,-0.0033783783783783786,1215.4,-0.0044429817352276135,1230.4999633789062,-0.016659865087356285,1498.296669514974,-0.19241627868605515,1232.6081857140234,1280.3911834226067,-47.78299770858325,-57.92327922900918,10.14028152042593,14.318036327023366,40.90405088669044,28.88888888888889,23.518518518518533,-71.11111111111111,59.202878841468554,0.048927999042495555,1308.7186280241845,1152.2812987336279,12.71331442066732,0.3689573423947244,0.021147983605355743,0.03316142836983369,0.7544405061285915,0.5372174673227957,-0.2573099415204678,0.2509608540925268,-0.021487603306593828,-0.01905550952775481,1.0158214688818044,-0.0024793388437995834,-0.01227495908346976,1.4930397417872914,0.009917355371066083,-0.02551834130781494,0.8534484465654145,0.04958677685863666,-0.017788089713843824,0.7999841587295301,0.008023444159682749,-0.0020489230609689645,0.01393601529977668,-0.045195171427220036,0.005248223575276442,0.000822121415055199,0.01671123588418299,-0.048066215903244204,2.4769964883276643,0.008959628093541224,0.02542372881353778,-0.019055509527738976,0.0,1.3774474229907934,0.4336274874279098,-0.005785123966942196,-0.027272727272727226,-0.021612635078969267,0.022404788735032145,0.0009171854292471145
2026-01-26,1203.0,1203.0,1171.0,1177.0,50000,-0.027272727272727226,-0.005912162162162171,-0.06140350877192979,-0.021612635078969242,0.027327070879590094,-0.005785123966942148,1200.0,-0.01916666666748401,1229.136248779297,-0.04241698089372359,1477.887070719401,-0.20359273498057773,1224.0530802195583,1272.7325772431543,-48.679497023596014,-56.074522787926554,7.395025764330541,13.865068028687693,37.88895569894751,3.592814371257485,15.64204923486362,-96.40718562874251,57.75981606707794,0.049073760464765394,1310.0412095494855,1148.2312880091083,13.164522785905708,0.17779325097634938,0.015996746290356932,0.0352619958905869,0.9693491789612454,0.7188969245589567,0.3123359580052494,0.2432070673269977,0.028037383176696684,0.02195945945945943,0.738644074368469,0.005947323703478391,-0.01905550952775481,0.9945522576142378,0.025488530160556078,-0.01227495908346976,1.4617785618735581,0.0654205607467584,-0.012598425196850394,0.8646594676334309,-0.010511717961906086,-0.014304772569349764,-0.01676100931082114,-0.04709873620258003,-0.01138068335373647,-0.012595330620942986,-0.015892043918990757,-0.04880817815098681,2.250389345199716,-0.0016617587123869022,-0.021612635078951278,0.02542372881353778,0.0,1.444104827373656,0.41774788427169646,0.00679694137638065,-0.01954120645709434,-0.026160337552742607,0.006543169414545179,-0.019794978418929812
2026-01-27,1185.0,1185.0,1154.0,1154.0,42200,-0.01954120645709434,-0.046280991735537236,-0.0556464811783961,-0.026160337552742614,0.026863084922010397,0.006796941376380629,1186.4,-0.027309507755371554,1227.4692138671876,-0.05985422122047379,1459.4017517089844,-0.20926503024416987,1213.275683262703,1263.9375715214392,-50.6618882587361,-54.99199588208847,4.330107623352369,13.74778738671104,35.90259060893183,0.0,10.827234420048805,-100.0,55.84840063371524,0.04839549448324683,1312.9923933147375,1141.9460344196377,13.934879747917407,0.07047192152014646,0.019973956473123125,0.038017734278424656,0.8209957004727535,0.6376452456143001,-0.15600000000000003,0.22880283472538587,0.019930675908994777,-0.027272727272727226,0.9727437209392813,0.04852686308401344,0.02195945945945943,0.7412307153557324,0.02599653379460487,-0.01905550952775481,0.9980350576837026,0.05892547660220204,-0.02551834130781494,0.8385050874496605,-0.0014772989652480542,-0.011167648281741311,-0.018063907491846286,-0.04447883289665479,0.00011276802495389926,-0.00799328832055573,-0.01965397448204824,-0.04765319285784037,2.2720248127457805,-0.019797418207873934,-0.02616033755272054,-0.021612635078951278,0.0,1.4928174885777683,0.40614320605528453,-0.005199306759098743,-0.03379549393414216,-0.028745644599303177,0.01548563264300212,-0.0131105545320413
2026-01-28,1148.0,1148.0,1103.0,1115.0,73100,-0.03379549393414216,-0.05267629566694987,-0.07622203811101902,-0.028745644599303136,0.04079782411604715,-0.005199306759098787,1168.0,-0.0453767123295844,1221.8599975585937,-0.08745682629190243,1442.2586161295574,-0.22690702795630446,1198.1563473761335,1252.9051588161474,-54.748811440013924,-54.94335899367356,0.19454755365963905,14.45237289983624,32.76577930242678,5.1063829787234045,2.899732449993644,-94.8936170212766,55.50208630273558,0.04977765587684825,1320.4409773356895,1123.279017781498,16.13621527410195,-0.04199094896509378,0.03204317504024166,0.0453551350576475,1.4349934237647475,1.1340190192519508,0.7322274881516588,0.20621534195933466,0.03497757847440819,-0.01954120645709434,0.8284093362910033,0.0556053811649726,-0.027272727272727226,0.9815276496338902,0.0852017937209999,0.02195945945945943,0.7479240690210244,0.08251121076136103,-0.01227495908346976,1.4801436956479064,-0.010146923855719496,-0.011794796375783588,-0.023648570078422665,-0.06442724173523542,-0.009104187280905071,-0.009947349122069274,-0.024691306653237093,-0.06627468898894974,2.212002583081377,-0.013657008151923528,-0.028745644599278097,-0.02616033755272054,0.0,1.5800102079091098,0.3853715334419902,0.0,0.02780269058295959,0.02780269058295959,0.0050613059642547024,0.032863996547214294
2026-01-29,1115.0,1149.0,1107.0,1146.0,39500,0.02780269058295959,-0.006932409012131768,-0.03209459459459463,0.02780269058295964,0.037940379403794036,0.0,1160.4,-0.01240951396155432,1218.0,-0.05911330049338337,1427.3587036132812,-0.19711842783586198,1190.1322939336515,1244.9862581630994,-54.85396422944791,-54.92548004082844,0.07151581138052876,15.082506368185227,37.444327173143506,19.282511210762333,8.12963139649526,-80.71748878923766,54.53765156682589,0.047589573793000266,1321.9673025522136,1114.0326974477864,17.071806658819966,0.15373728935671502,0.03099021435713179,0.04653935503628519,0.8130750705008131,0.629622545269064,-0.45964432284541723,0.09564838041225876,-0.02705061082109328,-0.03379549393414216,1.5047034849015046,0.00698080279144242,-0.01954120645709434,0.8686523538008687,0.02705061081934823,-0.027272727272727226,1.0292089500010293,0.03315881326262371,-0.01905550952775481,1.055968382701056,-0.004222927651455719,-0.018421700296950356,0.032025618234415305,-0.013672894297644272,-0.002288110331771933,-0.0180124047082922,0.03009080091473152,-0.01408218988630243,1.998619617597655,0.03237575277926685,0.027802690582934705,-0.028745644599278097,0.0,1.5102193558627637,0.40199760888988,-0.012216404886561949,-0.014834205933682343,-0.0026501766784452485,-0.020054258497774233,-0.022672059544894627
2026-01-30,1132.0,1151.0,1120.0,1129.0,28800,-0.014834205933682343,0.01255605381165914,-0.06694214876033056,-0.00265017667844523,0.027678571428571427,-0.012216404886561954,1144.2,-0.013284390841624472,1213.95,-0.06997817043612176,1412.9723307291667,-0.2009751532667461,1180.7273256361666,1236.3946834843512,-55.667357848184565,-55.073855602299666,-0.5935022458848991,15.616114958565676,35.96628052679793,11.926605504587156,12.105166564690977,-88.07339449541284,52.85639074062404,0.04681699799873979,1324.9229246257096,1102.9770753742905,18.282948165197833,0.11724898083690163,0.021048199524053766,0.05042330307061768,0.6164251621326599,0.4643214136007481,-0.2708860759493671,0.17592171142467006,0.015057573072617236,0.02780269058295959,0.8454442327861134,-0.012400354296711824,-0.03379549393414216,1.5646069219408831,0.022143489813089445,-0.01954120645709434,0.9032340917360502,0.07174490699639358,0.02195945945945943,0.8154791207379979,0.0020180525393655594,-0.024308192040327296,-0.0168522584730479,-0.04263395672000326,0.003921633482530008,-0.019206121749839735,-0.018755839416212353,-0.04773602701049082,2.1366047120713643,-0.02321318651147279,-0.0026501766784428884,0.027802690582934705,0.0,1.5480171672441891,0.39299314418760983,0.001771479185119551,0.013286093888396744,0.011494252873563315,0.009285078768009984,0.020799693471287177
2026-02-02,1131.0,1164.0,1131.0,1144.0,38600,0.013286093888396744,-0.0017452006980802626,-0.028037383177570097,0.011494252873563218,0.029177718832891247,0.001771479185119575,1137.6,0.005625879042716608,1212.4,-0.056417024085238965,1398.669942220052,-0.18208008518195695,1175.0769678459872,1229.5506328558806,-54.473665009893466,-54.953817483818426,0.4801524739249601,15.767215068875496,38.28125505194715,19.806763285024154,17.005293333457896,-80.19323671497584,51.5809342591509,0.045088229247470114,1326.3322605761134,1098.4677394238868,18.794500259998898,0.19982163237117134,0.013578526259232147,0.05108917524262019,0.8685673139668324,0.6369006369006369,0.3402777777777777,0.07105943152454786,-0.01311188811275077,-0.014834205933682343,0.6480502238923517,0.0017482517473761394,0.02780269058295959,0.8888188834634684,-0.025349650350502295,-0.03379549393414216,1.6448774780045454,0.028846153845254463,-0.027272727272727226,1.1250871942575549,-0.0029963284332156087,-0.0173165716071221,0.016282422321612353,-0.010720811570447998,-0.0035166072322316737,-0.011217164873554356,0.016802701120628417,-0.01682021830401574,1.8444613667804644,0.019772340070388843,0.011494252873553056,-0.0026501766784428884,0.0,1.5146078512401424,0.4009521501641639,0.02622377622377625,0.00786713286713292,-0.017887563884156688,0.0027898960004098354,-0.015566747356233496
2026-02-03,1174.0,1174.0,1143.0,1153.0,31600,0.00786713286713292,0.021257750221434835,-0.0008665511265164572,-0.01788756388415673,0.02712160979877515,0.026223776223776224,1137.4,0.013715491470886354,1210.9,-0.047815674292635446,1384.8827880859376,-0.1674385659794776,1171.6805112542968,1223.8802156072968,-52.199704353000016,-54.40299485765475,2.2032905046547313,15.642100474081698,39.69009629216831,24.154589371980677,18.62931938719734,-75.84541062801932,50.11086752635441,0.04346129013556891,1327.1082613241563,1094.691738675844,19.19370077201357,0.2508782966879979,0.013247321065124934,0.051703018409338795,0.746674227924671,0.5335494546314119,-0.18134715025906734,-0.008032955715756906,-0.00780572419860559,0.013286093888396744,0.9120767467687436,-0.020815264528169286,-0.014834205933682343,0.6805132203870419,-0.006071118821330379,0.02780269058295959,0.9333427849058387,0.0008673026877703549,-0.01954120645709434,0.9971408993171239,0.0056045497516610835,-0.011313231593013904,0.0022625831154718364,0.010446680466497446,0.012704999218427987,0.00065586386932246,-0.004837866351295067,-0.0015224149958389171,1.6969341778137688,-0.01369241453571475,-0.01788756388414149,0.011494252873553056,0.0,1.4949795158878947,0.4056281524612306,0.006071118820468291,-0.017346053772766656,-0.02327586206896548,0.001822799138322311,-0.021594373454912635
2026-02-04,1160.0,1160.0,1121.0,1133.0,37600,-0.017346053772766656,-0.009615384615384581,0.016143497757847625,-0.02327586206896552,0.03479036574487065,0.006071118820468344,1141.0,-0.00701139351533131,1207.4,-0.061620009939488574,1371.1939392089844,-0.1737128005008688,1165.7296633690203,1217.148347784534,-51.41868441551378,-53.80613276922656,2.3874483537127773,15.953241183692905,37.63420617288966,14.492753623188406,19.484702093397757,-85.5072463768116,49.31723413161482,0.0435280089422518,1328.4642804463122,1086.335719553688,20.053715495496448,0.19272522115640053,0.008670292455597698,0.054814356111461834,1.0675449305811873,0.6623099822092265,0.1898734177215189,-0.04147112345560766,0.017652250661061242,0.00786713286713292,0.8971920161267426,0.0097087378631866,0.013286093888396744,1.0959370829902615,-0.0035304501332713567,-0.014834205933682343,0.817693989381335,-0.01588702559663202,-0.03379549393414216,2.075466341103319,-0.008561809484916,-0.009309448650945573,-0.008784244287850657,0.025452946408793198,0.0025035264995483014,0.012670138123881475,-0.019849580272314957,0.003473359633966149,1.6339437489943325,-0.021436675247145265,-0.02327586206894545,-0.01788756388414149,0.0,1.5390215196987629,0.39513615162207355,0.0203000882612534,0.06001765225066191,0.038927335640138505,0.010684830039955842,0.050402394029364354
2026-02-05,1156.0,1221.0,1151.0,1201.0,92700,0.06001765225066191,0.04163052905464015,0.047993019197207776,0.03892733564013841,0.060816681146828845,0.02030008826125331,1152.0,0.04253472222131727,1205.15,-0.0034435547450496484,1357.8415506998697,-0.11550799179765392,1171.1558690045556,1215.9521738745686,-44.796304870013046,-52.00416718938386,7.207862319370811,14.859703857141913,47.576899617857556,56.0,31.549114331723036,-44.0,52.08028883649947,0.043364103943760286,1324.926917642688,1085.3730823573121,19.877511951655475,0.48267612791481185,0.02411781575012373,0.0511609178104837,2.021325309086152,1.5946740981576095,1.4654255319148937,-0.09605813259008555,-0.056619483764315914,-0.017346053772766656,0.8198687337825168,-0.03996669442211498,0.00786713286713292,0.6890386166895619,-0.047460449626105405,0.013286093888396744,0.8416737532980092,-0.04579517069188521,0.02780269058295959,0.8612982708619524,0.006694394854533247,0.0014460614610364011,0.053323257396128663,0.046546957736171374,0.005884693538082695,0.020668421663172662,0.05413295871257922,0.027324597534035114,1.8071029002684695,0.04938340549080156,0.038927335640104734,-0.02327586206894545,0.0,1.3952634319890442,0.42938323046442556,0.0016652789342215257,-0.019983347210657754,-0.021612635078969267,0.0010395701548301685,-0.02060905599004911
2026-02-06,1203.0,1210.0,1142.0,1177.0,78300,-0.019983347210657754,0.03883495145631066,0.04251550044286989,-0.021612635078969242,0.0595446584938704,0.0016652789342214821,1161.6,0.013257575756703499,1198.85,-0.018225799725555047,1344.96904296875,-0.12488692126241585,1172.0549660807778,1213.0668276616377,-41.011861580859886,-49.80570606767907,8.793844486819182,13.943573951900087,44.85864131907128,45.962732919254655,38.8184955141477,-54.037267080745345,53.21741106246379,0.04521445289925113,1310.345784673606,1087.3542153263938,18.60045621614148,0.4020142328072589,0.023233587133195656,0.04859484342556086,1.4042072416204874,1.3947026237509128,-0.15533980582524276,-0.04548093671376041,0.020390824128274865,0.06001765225066191,1.6624522515736806,-0.03738317757091125,-0.017346053772766656,0.674306414877782,-0.020390824129974172,0.00786713286713292,0.5667043273972848,-0.04078164825909869,-0.014834205933682343,0.5164900199063862,-0.008067076136384823,-0.00861191617445262,-0.01191627107427293,0.05112741661732251,0.000346249668072803,0.016993516768647528,-0.020329596878730555,0.025521983674222364,1.8737135388223372,-0.020632119901538504,-0.021612635078951278,0.038927335640104734,0.0,1.444104827373656,0.41774788427169646,0.12744265080713668,0.01869158878504673,-0.09645817633760356,0.11042331533432642,0.0016722533122364748
2026-02-09,1327.0,1340.0,1199.0,1199.0,271400,0.01869158878504673,-0.0016652789342215257,0.04807692307692313,-0.09645817633760362,0.11759799833194329,0.1274426508071368,1172.6,0.0225140712936871,1194.25,0.003977391667570496,1331.998360188802,-0.099848741683774,1176.2003559145044,1212.0248404274423,-35.82448451293794,-47.00946175673084,11.1849772437929,14.935654570245797,47.802650489139914,40.50632911392405,47.48968734439291,-59.49367088607595,61.059024558002086,0.050924957929900885,1297.4408426168864,1091.0591573831136,17.28127990234647,0.5230156081661005,0.02458333067813387,0.04414994606266191,2.6524369386538442,4.087903480893495,2.466155810983397,-0.2812625653397668,-0.01834862385402969,-0.019983347210657754,0.7652388072829625,0.0016680567130928914,0.06001765225066191,0.905972381036151,-0.05504587156042118,-0.017346053772766656,0.3674709981333255,-0.04587155963382328,0.013286093888396744,0.37724416297729696,0.005082472140583887,-0.0005498095804486706,0.013609116644462845,0.0486267326573718,0.009083211024619706,0.030044416652313253,0.009608377760427025,0.018032506424609875,2.0113633628700205,0.00042195091290959247,-0.09645817633753093,-0.021612635078951278,1.0,1.3992588672383972,0.4284314093309225,0.07506255212677226,0.07589658048373638,0.0007757951900697613,0.045965960192225326,0.04679998854918944
2026-02-10,1289.0,1292.0,1241.0,1290.0,117000,0.07589658048373638,0.09600679694137648,0.11882046834345195,0.0007757951900698216,0.0410958904109589,0.0750625521267723,1200.0,0.07499999999910423,1194.45,0.07999497676664569,1321.0091857910156,-0.02347386083725367,1193.7079934661192,1217.8007781735578,-24.092784707438568,-42.42612634687239,18.33334163943382,15.856872287281098,57.83153971080462,78.90295358649789,55.12400520655888,-21.09704641350211,63.34052280385908,0.04910118046806975,1298.3643397225958,1090.5356602774043,17.39952944411164,0.9597536791124075,0.04439634438221873,0.0413232027234585,0.9798912906927078,1.729720140151683,-0.5689019896831246,-0.37915282392026584,-0.07054263565963526,0.01869158878504673,2.2730127888376144,-0.0875968992255135,-0.019983347210657754,0.6557734022328121,-0.06899224806273718,0.06001765225066191,0.7763754072411454,-0.10620155038828971,0.00786713286713292,0.264654399879398,0.015567722364840046,0.009201062055999814,0.06032885811889633,0.10961940628745213,0.014466104171763835,0.031070563395441883,0.06143047631197254,0.08774990494801006,2.7395249512890407,0.036266327157242866,0.0007757951900692197,-0.09645817633753093,0.0,1.2300088231155097,0.46875136417653934,0.04108527131782935,0.05736434108527133,0.015636634400595595,0.019689002441064415,0.035968072208506396
2026-02-12,1343.0,1398.0,1300.0,1364.0,188000,0.05736434108527133,0.13761467889908263,0.20388349514563098,0.01563663440059568,0.07538461538461538,0.04108527131782946,1246.2,0.09452736318320132,1201.1,0.13562567646229673,1310.3900655110676,0.040911432327581654,1219.906763702101,1228.6303501607017,-8.723586458600721,-35.685618369218055,26.962031910617334,17.829823608634772,63.90488321696408,88.47457627118644,69.2946196572028,-11.525423728813559,66.53048546072628,0.048776015733634534,1327.9998029942644,1074.2001970057354,21.13059745138032,1.1418449680625693,0.05779107464978689,0.04772597168471073,1.257684923167493,2.589674362223814,0.6068376068376069,-0.5903277378097522,-0.05425219941418313,0.07589658048373638,0.7827081702691312,-0.12096774193612836,0.01869158878504673,1.8156153624875402,-0.13709677419418098,-0.019983347210657754,0.5238123908724186,-0.16935483871028634,-0.017346053772766656,0.25153698463349855,-0.0011670075833519263,0.015585105759365621,0.05853134866862326,0.18829838938626536,0.007810211353138893,0.03595147340139671,0.04955412973213244,0.16793202174423427,3.0555093307834684,0.03350016742036446,0.015636634400584038,0.0007757951900692197,0.0,1.1090259397500941,0.49757277110535697,0.0007331378299120228,-0.04985337243401755,-0.05054945054945059,0.049094255528867106,-0.0014922547350624676
2026-02-13,1365.0,1367.0,1260.0,1296.0,127100,-0.04985337243401755,0.0046511627906977715,0.07910074937552047,-0.05054945054945055,0.08492063492063492,0.0007331378299120235,1265.2,0.0243439772359908,1201.25,0.07887617065466901,1298.5047993977864,-0.0019289874014682962,1231.6134154402394,1233.6206945932424,-2.0072791530030827,-28.949950525975062,26.94267137297198,18.832045700185542,55.932852775442754,65.42372881355932,77.60041955708122,-34.57627118644068,69.4211650706744,0.05356571378905929,1328.590292130901,1073.909707869099,21.201297337090686,0.8720346420385177,0.059125786059834165,0.05040446877870485,0.8128625424498437,1.6847602762423617,-0.323936170212766,-0.40854531439268804,0.05246913580165713,0.05736434108527133,1.2023458535056695,-0.0046296296303977025,0.07589658048373638,0.7482684301072519,-0.0748456790130595,0.01869158878504673,1.7357269395821209,-0.0733024691365175,0.06001765225066191,0.5928588330849764,-0.020635669356105283,-0.011830999047461169,-0.029217703077912268,0.09093174842298164,-0.01612037256631836,0.013623063117417721,-0.03373299986769919,0.06547768625810275,2.8934871680754486,-0.0032092812687798816,-0.05054945054941352,0.015636634400584038,0.0,1.2196847081936866,0.471210848601646,0.0030864197530864335,-0.11342592592592593,-0.11615384615384616,-0.008030668440690015,-0.12454301411970238
2026-02-16,1300.0,1300.0,1149.0,1149.0,215800,-0.11342592592592593,-0.15762463343108502,-0.023789294817332163,-0.11615384615384615,0.13141862489120976,0.0030864197530864196,1259.6,-0.08780565258884732,1195.2,-0.038654618474699975,1284.866796875,-0.10574387726910206,1218.903659218664,1227.352494993743,-8.448835775079033,-24.849727575795857,16.400891800716824,17.927656893356794,43.3446549716328,15.59322033898305,56.49717514124294,-84.40677966101696,75.24822470848338,0.06549018686546379,1320.3792315042037,1070.0207684957963,20.946993223594994,0.3154645964636371,0.07417319089048045,0.055888242669215514,1.1737127503929599,2.5626105853154577,0.6978756884343036,-0.2367193836171938,0.12793733681363983,-0.04985337243401755,0.6912830888551678,0.18711923411559006,0.05736434108527133,1.0225115712413182,0.12271540469876174,0.07589658048373638,0.6363502863576289,0.02436901653522683,-0.019983347210657754,0.4258651916393362,-0.0013207181245248243,-0.006074862672829408,-0.11210520780140111,-0.017714432144502756,0.003842107307899617,0.01665984183644315,-0.11726803323382555,-0.04044913665377531,2.6467572813847635,-0.12359505141897086,-0.1161538461537568,-0.05054945054941352,0.0,1.5036652583278798,0.40355897283533587,0.02088772845953013,-0.04960835509138384,-0.06905370843989767,0.018603061359197787,-0.05189302219171618
2026-02-17,1173.0,1175.0,1087.0,1092.0,164700,-0.04960835509138384,-0.15740740740740744,-0.0892410341951626,-0.06905370843989769,0.08095676172953081,0.020887728459530026,1238.2,-0.11807462445556616,1187.1,-0.08011119535078748,1276.5209676106772,-0.14454989169265975,1199.3800193388695,1217.3263842534657,-17.946364914596188,-23.469055043555926,5.522690128959738,17.001878749940303,39.621040818389304,1.607717041800643,27.54155539811435,-98.39228295819936,76.15906580073455,0.06974273424969304,1316.8919874259689,1057.308012574031,21.86706889494886,0.1336445650998169,0.10358596135274559,0.060972421874098286,1.0134074981079368,1.8256185155626496,-0.23679332715477297,0.28335664335664346,0.05219780219683856,-0.11342592592592593,1.3278284037139816,0.1868131868120999,-0.04985337243401755,0.7820527808713951,0.24908424908310534,0.05736434108527133,1.1567735861827086,0.09798534798434244,0.01869158878504673,1.6699380387765272,-0.001440186273600518,-0.012937926677644688,-0.04816816881778332,-0.07630310751751791,0.0008631947917555266,0.007643187961669177,-0.050471549883139365,-0.09688422215683178,2.660975579768329,-0.0519052953528285,-0.06905370843983882,-0.1161538461537568,0.0,1.634351082251468,0.37242606207676926,-0.008241758241758212,0.021062271062270987,0.029547553093259404,-0.028176512575478468,0.0011275167285507322
2026-02-18,1083.0,1119.0,1076.0,1115.0,64900,0.021062271062270987,-0.02959094865100087,-0.1356589147286822,0.029547553093259463,0.039962825278810406,-0.008241758241758242,1203.2,-0.07330452127736597,1181.75,-0.056484027925486346,1270.2850280761718,-0.12224424018617808,1186.3984779021202,1209.7466520865423,-23.348174184422078,-23.444878871729156,0.09670468730707782,16.275608272038994,41.79391787167073,12.111801242236025,9.770912874339915,-87.88819875776397,73.7905611006821,0.06617987542656137,1314.1416538154228,1049.3583461845772,22.406034070729486,0.24790706937968615,0.10757734444054354,0.06091074924271473,0.426690159828009,0.7107966617746917,-0.6059502125075895,0.42591973244147163,-0.02062780269146136,-0.04960835509138384,1.0828331174679982,0.030493273541676746,-0.11342592592592593,1.418794090768634,0.16233183856398004,-0.04985337243401755,0.8356289570745754,0.1569506726447023,0.07589658048373638,0.7692257118625124,0.00461797136463496,-0.022907363058915914,0.016444299697636028,-0.11275155166976628,0.007491520961442203,0.0016951505307325801,0.013570750100828784,-0.13735406525941476,2.684455917580056,0.0009516132856524327,0.029547553093232183,-0.06905370843983882,0.0,1.5800102079091098,0.3853715334419902,0.013452914798206317,0.021524663677130018,0.007964601769911539,0.00045525737727968203,0.008527006256203383
2026-02-19,1130.0,1152.0,1098.0,1139.0,59700,0.021524663677130018,0.04304029304029311,-0.16495601173020524,0.007964601769911504,0.04918032786885246,0.013452914798206279,1158.2,-0.016577447764620445,1178.35,-0.03339415284165703,1265.0799479166667,-0.09966164440847824,1179.1064043787171,1204.506159339391,-25.399754960673818,-23.83585408951809,-1.5639008711557274,15.145698986892787,44.05631424546495,19.565217391304348,11.094911891780349,-80.43478260869566,72.37694959349052,0.06354429288272781,1311.4638985980903,1045.2361014019095,22.59327001282987,0.3521942471281342,0.07036150080712784,0.05995258047549566,0.47215697439912685,0.6595154715480386,-0.08012326656394453,0.9341463414634146,-0.02107111501402892,0.021062271062270987,0.5132828750168063,-0.041264266901631874,-0.04960835509138384,1.3025838137945762,0.008779631254601572,-0.11342592592592593,1.7067248756336948,0.19754170324741227,0.05736434108527133,1.4868594838699472,0.0017520144733840872,-0.01814608378193157,0.01977264920374593,-0.1468099279482737,0.0048418218886766345,-6.473522103567586e-05,0.016682841788453383,-0.16489127650916957,2.855549027225127,0.007698603892922127,0.007964601769904456,0.029547553093232183,0.0,1.5256465160831534,0.39832244055119065,-0.01668129938542584,-0.023705004389815598,-0.0071428571428571175,0.006803295760393572,-0.00022040924399618564
2026-02-20,1120.0,1141.0,1091.0,1112.0,62900,-0.023705004389815598,-0.0026905829596413078,-0.14197530864197527,-0.007142857142857143,0.045829514207149404,-0.016681299385425813,1121.4,-0.008382379169780352,1174.75,-0.05341562034556002,1258.8604146321616,-0.11666139702705436,1168.782342166607,1197.653851240177,-28.871509073569996,-24.842985086328472,-4.028523987241524,14.192148846169683,42.074963851396966,11.180124223602485,14.285714285714294,-88.81987577639751,70.77859605109835,0.0636498165926571,1310.9173602592875,1038.5826397407125,23.182355438908285,0.2695850169948491,0.020433665292685334,0.06281689023672826,0.5536923090465753,0.6904424759333048,0.05360134003350092,0.5935579966486688,0.024280575538647264,0.021524663677130018,0.5255235429265588,0.002697841725717076,0.021062271062270987,0.5712977878715856,-0.017985611511674438,-0.04960835509138384,1.4498111812396017,0.1654676258982326,-0.04985337243401755,1.1188281793294073,-0.009558702536326728,-0.007500281226003859,-0.01414630185348887,-0.13447502741597142,-0.008224196090459183,0.007333002142681906,-0.015480808299356415,-0.14930831078465717,2.9133348632371447,0.00025483280261776736,-0.007142857142850766,0.007964601769904456,0.0,1.586970667103103,0.38371336311854387,-0.0017985611510791255,-0.05755395683453235,-0.05585585585585584,-0.006271110369326963,-0.062026506052780185
