date,open,high,low,close,volume,return_1d,return_2d,return_5d,open_close_ratio,high_low_ratio,gap_ratio,sma_5,close_sma5_ratio,sma_20,close_sma20_ratio,sma_60,close_sma60_ratio,ema_12,ema_26,macd,macd_signal,macd_hist,adx,rsi,stoch_k,stoch_d,willr,atr,atr_ratio,bb_upper,bb_lower,bb_width,bb_position,std_5,std_20,volume_ratio_5,volume_ratio_20,volume_change,obv_change,close_lag1_ratio,return_lag1,volume_lag1_ratio,close_lag2_ratio,return_lag2,volume_lag2_ratio,close_lag3_ratio,return_lag3,volume_lag3_ratio,close_lag5_ratio,return_lag5,volume_lag5_ratio,sector_return_1d,sector_return_5d,rel_return_1d,rel_return_5d,mkt_return_1d,mkt_return_5d,rel_to_mkt_1d,rel_to_mkt_5d,beta_20d,alpha_1d,intraday_return,intraday_return_lag1,vol_spike_flag,dist_running_high,dist_running_low,target_open_return,target_close_return,target_intraday_return,target_alpha_open,target_alpha_close
2025-05-23,2305.6414808869818,2312.9780575126297,2294.881168502698,2311.5107421875,663900,0.002545662510230251,-0.0019007001702934234,-0.0471773581206788,0.002545608824777189,0.007885763000852445,5.354913779456362e-08,2336.3572265625,-0.010634711204906777,2451.174597167969,-0.05697833811707098,2398.962618001302,-0.03645403857423424,2375.3081637045725,2404.6181424272627,-29.309978722690175,-8.47430177004099,-20.835676952649187,19.235195203588212,40.421166282133356,10.541380506653052,5.188588549948119,-89.45861949334694,59.19856425692166,0.02561033491061064,2675.416016984354,2226.9331773515837,18.296650110152786,0.18858595549647042,0.018850642992864854,0.04976547116424524,0.9528374865987046,0.6788648978072633,-0.09004934210526316,-0.4194470924690181,-0.002539198568062062,-0.004435072482774083,1.047130938729349,0.0019043197106591858,-0.00920700132764063,1.0055097802546353,0.011214573632624347,-0.030628748492907865,1.2720287157289227,0.04951326306351711,0.02183758758913168,1.041390089284561,0.002965912121523356,-0.00319928640839877,-0.0004202496112931048,-0.043978071712280034,0.0007983953810011218,-2.4047437238796146e-05,0.0017472671292291292,-0.04715331068344001,3.514986712742417,-0.0002606866455036119,0.0025456088247760847,-0.002116850127010052,0.0,0.161447294488949,0.06644098956408032,0.003385555233936799,0.00888703655744627,0.005482918599746922,-0.014623530659987023,-0.00912204933647755
2025-05-26,2319.336489479014,2332.05322265625,2312.978122890396,2332.05322265625,500700,0.00888703655744627,0.011455322463467699,-0.03285997378054628,0.0054829185997468995,0.008246986677944336,0.0033855552339367165,2320.51025390625,0.004974323526286462,2435.2786865234375,-0.04238753635852166,2398.571337890625,-0.027732389770756205,2368.653557389446,2399.2429631849654,-30.58940579551927,-12.897322575136647,-17.69208322038262,19.256962286682153,42.82368299390893,22.50722908554167,12.27691968145608,-77.49277091445833,56.43741541490939,0.024200740732066985,2645.5343362539857,2225.0230367928893,17.26748161465705,0.2545239236151907,0.005843602394250931,0.046250605031505736,0.719168195156423,0.5490035262539253,-0.24582015363759602,-0.24843099618262987,-0.008808752849277957,0.002545662510230251,0.9535765223973423,-0.011325584244290976,-0.004435072482774083,1.047943110018227,-0.006921207819866382,-0.00920700132764063,1.0062896695158579,0.033976438663765096,-0.006048363763678122,0.7230462740997471,0.005543064647595203,-0.002117539880301171,0.003343971909851068,-0.03074243390024511,0.0060030286313079405,0.0028202963922217108,0.00288400792613833,-0.035680270172767994,2.7087589632469933,-0.007373721054237444,0.005482918599744536,0.0025456088247760847,0.0,0.15121639232483128,0.07466448015682657,0.0023069934095403255,-0.004194684095313206,-0.006486712701401887,-0.014234762613306591,-0.020736440118160122
2025-05-27,2337.4332540716155,2343.791620320398,2307.108738115884,2322.27099609375,522400,-0.004194684095313206,0.004655074151231009,-0.006486753309205118,-0.006486712701401875,0.01589993640025453,0.0023069934095404196,2317.477783203125,0.0020682886042591164,2421.461474609375,-0.040963062826587016,2397.0795694986978,-0.03120821451144451,2361.5177787285697,2393.5413359930235,-32.02355726445376,-16.72256951300007,-15.300987751453686,19.044570404889495,41.95604515930976,16.80915177743265,16.61925378987579,-83.19084822256735,55.026377328452575,0.02369507151447344,2623.1100771578176,2219.812872060932,16.655115488134893,0.2540511631073766,0.004378587973285118,0.04454413401597775,0.8379301329235646,0.5804566985303024,0.04333932494507686,-0.21011092150170652,0.0042123535874798446,0.00888703655744627,0.8031233107864256,-0.004633504843037262,0.002545662510230251,1.0648962772740322,-0.007160938021807173,-0.004435072482774083,1.1702791442975358,0.006529106008783092,-0.030628748492907865,1.4216261041542022,0.003367605833809424,0.007332368700427973,-0.007562289929122629,-0.01381912200963309,0.0061067655879644194,0.011132302264915952,-0.010301449683277626,-0.01761905557412107,2.5388670278231014,-0.019698949893240825,-0.006486712701399101,0.005482918599744536,0.0,0.15606572282550205,0.07076663975979423,-0.002316725668158437,-0.00021057562734816404,0.002111040743086212,-0.00658734033501124,-0.004481190294200967
2025-05-28,2316.8909312686797,2326.6730335750703,2308.5761443082474,2321.781982421875,551200,-0.00021057562734816404,-0.004404376424426482,0.0025343723124806594,0.0021110407430863024,0.007838983050847372,-0.0023167256681584786,2318.65166015625,0.0013500614682298018,2407.595349121094,-0.03564276975842717,2396.0035400390625,-0.03097723203570324,2355.4045792967704,2388.2258283210867,-32.82124902431633,-19.942305415263323,-12.878943609053007,18.84734937179631,41.91033175838496,16.52430479609736,18.61356188635723,-83.47569520390263,52.38855675262188,0.02256394319071779,2596.192467495718,2218.9982307464697,15.666845214954634,0.2724955517910894,0.004427882258596215,0.04166983855135352,0.9286324404736834,0.6162404858372016,0.05513016845329255,-0.2093907797232606,0.0002106199783515894,-0.004194684095313206,0.880111732408295,0.004423860772085231,0.00888703655744627,0.8435527266784711,-0.004423860772946653,0.002545662510230251,1.118503405715672,-0.0025279655071230867,-0.00920700132764063,1.1803336135628857,0.0004924857226406001,0.011185463461010512,-0.0007030613499887641,-0.008651091148529853,0.001682094658779571,0.013119171887943433,-0.001892670286127735,-0.010584799575462774,2.57999395356889,-0.004550369676329982,0.002111040743085391,-0.006486712701399101,0.0,0.1563092133635145,0.07057092464917665,-0.007373107322758976,-0.013903547406161842,-0.006578947368421018,-0.017692586807779048,-0.024223026891181915
2025-05-29,2304.6632346854303,2316.890862203923,2281.186189849925,2289.5009765625,785900,-0.013903547406161842,-0.0141111952852927,-0.007000386598470354,-0.006578947368420993,0.015651801029159685,-0.007373107322759018,2315.423583984375,-0.011195622089266388,2392.7265502929686,-0.043141400223433934,2394.014514160156,-0.043656183778516766,2345.265563491498,2380.912876338969,-35.64731284747086,-23.08330690170483,-12.564005945766027,19.074775482866265,38.897457904710755,4.5212780398363615,12.618244871122124,-95.47872196016364,51.546216454002455,0.022514170983832644,2568.923672301263,2216.529428284674,14.727727410950559,0.20707361007403646,0.007080471078841089,0.039479003226186894,1.2993927128853,0.8739155285415319,0.42579825834542806,-0.29950004309973277,0.014099581607005085,-0.00021057562734816404,0.9113440174861653,0.014313171239366484,-0.004194684095313206,0.8637266232488621,0.0185858169655031,0.00888703655744627,0.8278482393964496,0.007049737485852248,-0.004435072482774083,1.2063073206783494,-0.0005305311388337864,0.011920947765439035,-0.013373016267328057,-0.018921334363909387,0.0039998076238687294,0.01783051247447734,-0.01790335503003057,-0.024830899072947693,2.6187081984325022,-0.02437787642293971,-0.006578947368418138,0.002111040743085391,0.0,0.17261268948077033,0.057466363552938445,-0.0010681565071707366,0.017731245166774823,0.018819503849444086,-0.011877354254766668,0.006922047419178892
2025-05-30,2287.055431196211,2337.433256134879,2282.653485327784,2330.0966796875,1158000,0.017731245166774823,0.0035811705528663307,0.008040601828400495,0.018819503849444055,0.02399828583672591,-0.0010681565071707516,2319.140771484375,0.004724123837945404,2378.175671386719,-0.02021675365645459,2392.2618896484373,-0.025985955062406196,2342.931889060114,2377.1487136240453,-34.21682456393137,-25.31001043415014,-8.906814129781228,18.827982139901536,44.31856471211238,26.59574217169369,15.880441669209139,-73.40425782830631,51.777184622080476,0.022221045621592977,2521.531259507429,2234.820083266009,12.055929244042677,0.3323086238579869,0.007377596813276376,0.03156086426464212,1.6457255901802197,1.2732886472792526,0.4734699071128643,-0.06728997017526217,-0.01742232563990742,-0.013903547406161842,1.116904785252707,-0.0035683915346107486,-0.00021057562734816404,0.7833540114916555,-0.0033585231303776553,-0.004194684095313206,0.7424240486270698,-0.007976466239797642,0.002545662510230251,0.94352091478467,0.005408421928296782,0.014458273177446471,0.01232282323847804,-0.006417671349045976,0.004127683166099249,0.021594562212770178,0.013603562000675574,-0.013553960384369682,2.644782873118391,0.006814419423416434,0.018819503849435825,-0.006578947368418138,0.0,0.152183049355652,0.07388749149328072,-0.005037707751379683,-0.013853829328266065,-0.008860759493670822,-0.0034871865853325973,-0.01230330816221898
2025-06-02,2318.3583335827743,2323.249384919447,2293.903076899412,2297.81591796875,689700,-0.013853829328266065,0.0036317701941905867,-0.014681184955334436,-0.008860759493670774,0.01279317697228137,-0.005037707751379639,2312.293310546875,-0.0062610536963819685,2363.649267578125,-0.027852418932611922,2390.289168294271,-0.03868705575588238,2335.9909704306733,2371.2722102421717,-35.28123981149838,-27.304256309619788,-7.976983501878593,18.59881689286286,41.18917153488997,10.272006417456817,13.79634220966229,-89.72799358254318,50.66407163393815,0.022048794787139746,2473.9404831441652,2253.358052012085,9.332282676528251,0.20154762883198335,0.007648913911295577,0.024622598945152712,0.9302156206630062,0.7559383412102028,-0.40440414507772016,-0.39921946740128555,0.014048454214849349,0.017731245166774823,1.5618235301257957,-0.0036186281686988453,-0.013903547406161842,1.0599629640119712,0.010429932295577649,-0.00021057562734816404,0.743417210540016,0.014899933636437934,0.00888703655744627,0.6753065989067235,-0.0014473169924977274,0.007424562662034969,-0.012406512335768338,-0.022105747617369408,-0.0005862565058956649,0.014833262196323858,-0.013267572822370401,-0.029514447151658296,2.8040543877188364,-0.012209934200580612,-0.008860759493666952,0.018819503849435825,0.0,0.16836944017215177,0.06087704231932178,0.0025541869264491535,0.006172747686056246,0.0036093418259024457,0.0020601659770614696,0.0056787267366685615
2025-06-03,2303.6849693458125,2319.3363321948714,2294.391972654184,2311.999755859375,510800,0.006172747686056246,-0.007766597835138778,-0.0044229292152604405,0.003609341825902373,0.010871882327861977,0.0025541869264491496,2310.2390625,0.0007621260444228284,2361.47275390625,-0.020950060916865576,2388.846309407552,-0.03216889811894308,2332.300014342781,2366.881658065668,-34.58164372288684,-28.7597337922732,-5.821909930613639,18.386020592041234,43.09065562078698,19.033212421284276,18.633653670144927,-80.96678757871572,48.82694934156309,0.021118924955678856,2474.014094710786,2248.931413101714,9.531453675963428,0.2802007791394598,0.007221587030943986,0.024970802675782142,0.6910911745167571,0.6525493883307613,-0.2593881397709149,-0.12084796111261142,-0.006134878628629714,-0.013853829328266065,0.9331354406112126,0.00782739002513022,0.017731245166774823,1.5667258811480123,-0.009731306952280527,-0.013903547406161842,1.063290043172904,0.004442578424733723,-0.004194684095313206,0.7067854924971689,-0.0010666412270449127,0.0028202958149860387,0.007239388913101158,-0.00724322503024648,0.00017618094411841326,0.008776935519639803,0.005996566741937832,-0.013199864734900243,1.469365811718303,0.005913873430092397,0.0036093418259008064,-0.008860759493666952,0.0,0.1612016354638009,0.06663844768164633,0.004865734174764658,0.012058457324647165,0.007157894736842252,-0.0013755216851455768,0.0058172014647369305
2025-06-04,2323.2493320835074,2362.377741887019,2315.423650122805,2339.87890625,761900,0.012058457324647165,0.018305638825251602,0.0077944113466019704,0.007157894736842161,0.02027883396704683,0.004865734174764611,2313.858447265625,0.011245484361462665,2356.1415283203123,-0.0069022263203768475,2388.300146484375,-0.020274352998148837,2333.4659977131228,2364.8814542274704,-31.415456514347625,-29.290878336688085,-2.12457817765954,17.190168249261326,46.7360084192329,36.25386748428355,21.85302877434155,-63.74613251571645,48.93773767628316,0.020914645431242496,2461.967241690119,2250.3158149505057,8.982967457413269,0.4231631824040591,0.009052957895428686,0.023200963674088387,0.9752182689267735,1.0336790236013653,0.49158183241973386,0.39610982083609825,-0.011914783417699804,0.006172747686056246,0.6538147942876964,-0.01797656629575084,-0.013853829328266065,0.8828035701257326,-0.004180655049014215,0.017731245166774823,1.4822191303546446,-0.007734128369113025,-0.00021057562734816404,0.705526066192988,0.000777278601968046,0.003114123241361336,0.011281178722679119,0.004680288105240634,0.004247584781227213,0.011498350858731774,0.007810872543419952,-0.0037039395121298037,0.9841649116558907,0.00787813342367978,0.00715789473683908,0.0036093418259008064,0.0,0.14736616947346715,0.07775924842752872,-0.011287704099643081,-0.004598741421247388,0.006765327695560153,-0.009312168524405567,-0.0026232058460098724
2025-06-05,2313.4670455272535,2331.56393362123,2306.6195743565595,2329.118408203125,641700,-0.004598741421247388,0.007404262176224474,0.017303959267188196,0.006765327695560259,0.010814249363867745,-0.011287704099643083,2321.78193359375,0.003159846539513733,2349.929895019531,-0.008856216034999753,2387.550183105469,-0.024473527432758546,2332.797137788508,2362.2323397071486,-29.435201918640814,-29.319743053078632,-0.11545886556218221,16.261947168043474,45.52392311307708,32.13110607452193,29.139395326696587,-67.86889392547808,47.817851548937256,0.020530451084196866,2446.3708339334207,2253.4889561056416,8.207984341855273,0.39210242532484896,0.007186017643577449,0.021241151852110035,0.8528470098521971,0.8876611367097748,-0.1577634860217877,0.6763674398572572,0.004619987548925009,0.012058457324647165,1.0125980003216284,-0.007349842019388486,0.006172747686056246,0.6788752573359861,-0.013439630258862967,-0.013853829328266065,0.9166410825854143,-0.017009625402502504,-0.013903547406161842,1.044495036688237,-0.003266767210274911,0.000350762414920178,-0.0013319742109724766,0.016953196852268017,-0.0020073216915583894,0.005217351942634593,-0.002591419729688998,0.012086607324553602,0.9834961474307369,-0.0026245482709455615,0.0067653276955573355,0.00715789473683908,0.0,0.15266698689098493,0.07349850763775673,0.0014699715672907843,0.003359933769871093,0.0018871880897461946,0.0017886893118635228,0.0036786515144438315
2025-06-06,2332.542146040037,2341.346037553713,2327.161990115013,2336.944091796875,373400,0.003359933769871093,-0.0012542591179764973,0.002938681544446986,0.0018871880897462449,0.0060949978982765005,0.001469971567290755,2323.151416015625,0.005937054160636501,2344.085095214844,-0.0030463925706210038,2387.998527018229,-0.021379592426332805,2333.435130712872,2360.3591361582394,-26.924005445367584,-28.840595531536422,1.9165900861688385,15.176007616514832,46.6084215341024,42.06633667621961,36.817103411675035,-57.93366332378039,45.41543696963459,0.019433685696218454,2427.9806763865063,2260.1895140431816,7.158066176259954,0.4574411231304458,0.00763041156365121,0.018416155187415868,0.6270350511586043,0.5313479646128517,-0.41810815022596226,0.11306722236194444,-0.003348682419154314,-0.004598741421247388,1.0775800544415544,0.0012558342591186822,0.012058457324647165,1.2794269027256042,-0.010673912151364151,0.006172747686056246,0.8577651422919524,-0.002930070999305423,0.017731245166774823,1.9445811174120615,8.611477192961538e-05,-0.004942541104905286,0.0032738189979414777,0.007881222649352272,-0.0003240660834364726,0.0005387708661283547,0.0036839998533075655,0.002399910678318631,1.0486920772586206,0.0036997793040791527,0.0018871880897454356,0.0067653276955573355,0.0,0.1488070712173368,0.07660106689615392,-0.0037672964945945075,-0.012138999885396351,-0.008403361344537896,-0.008090901574794475,-0.016462604965596317
2025-06-09,2328.140130511785,2333.5202862755727,2308.575927734375,2308.575927734375,563700,-0.012138999885396351,-0.008819852351172774,0.00468271182277169,-0.008403361344537907,0.010805084745762732,-0.0037672964945945566,2325.30341796875,-0.007193680663824975,2338.5337524414062,-0.012810516280444051,2388.194169108073,-0.03333826135435203,2329.6106379469493,2356.5233429416567,-26.912704994707383,-28.455017424170617,1.5423124294632338,14.57765033118488,43.24736095916793,33.73471401548817,35.97738558874324,-66.26528598451182,44.19777461912498,0.01914503832779774,2416.1661868292986,2260.901318053514,6.63941106745582,0.3070534246205248,0.006199369061462798,0.017250720702909977,0.988425410441153,0.8147649221803381,0.5096411355115158,0.21049866259075278,0.01228816592977644,0.003359933769871093,0.6547419695914964,0.008898334345841308,-0.004598741421247388,1.1251952916091679,0.013559432089085277,0.012058457324647165,1.3359611854091085,-0.004660886236122264,-0.013853829328266065,1.2093613723279462,0.00023538304019795497,-0.003256231568459683,-0.012374382925594306,0.007938943391231374,0.004122854719664019,0.005285970793498849,-0.01626185460506037,-0.000603258970727159,1.5135750060342017,-0.018379249742589955,-0.008403361344534297,0.0018871880897454356,0.0,0.16292380313025362,0.06525418758639528,0.0027542334683310354,-0.011864410543778514,-0.014578491443059338,-0.001431090335977575,-0.016049734348087125
2025-06-10,2314.9342848187243,2316.890705089013,2277.273194615673,2281.18603515625,699200,-0.011864410543778514,-0.0238593883509437,-0.01332773527550457,-0.014578491443059284,0.01739690721649487,0.002754233468331014,2319.140673828125,-0.01636581993545394,2331.4417236328127,-0.02155562713325454,2387.1425903320314,-0.04438635362875387,2322.1606990560726,2350.942801624219,-28.782102568146456,-28.520434452965787,-0.2616681151806688,14.655860272240762,40.23078520591788,4.5976868052668785,26.799579165658226,-95.40231319473313,43.87061289442603,0.0192314928367523,2402.5441207337276,2260.3393265318978,6.09943593101048,0.14659638404852027,0.010735015216181322,0.015989384268230517,1.150035938623082,1.0348691094826987,0.24037608657087106,-0.29538473352787586,0.012006864918071791,-0.012138999885396351,0.9271671318676077,0.024442573196701733,0.003359933769871093,0.6141639294649011,0.021012040362841766,-0.004598741421247388,1.0554606147231576,0.013507763166716424,0.006172747686056246,0.8401578338796771,0.0009802773862138483,-0.0012699853945665701,-0.012844687929992363,-0.012057749880938001,0.002765190880942729,0.008109648279151139,-0.014629601424721243,-0.021437383554655708,1.4194835574265647,-0.015789553532422597,-0.014578491443052987,-0.008403361344534297,0.0,0.17688687214495874,0.05403082088360204,0.0012864652196724613,0.007933120556248507,0.006638115631691699,-0.005996555837476177,0.0006500994990998694
2025-06-11,2284.120701650081,2299.772064059675,2279.718755972383,2299.282958984375,523500,0.007933120556248507,-0.004025411786702682,-0.017349593244842754,0.0066381156316916165,0.00879639562325682,0.0012864652196725214,2311.021484375,-0.0050793666225021905,2329.1184692382812,-0.012809786470265205,2386.4089314778644,-0.03650923835610065,2318.64104673735,2347.11614661386,-28.475099876510285,-28.511367537674687,0.03626766116440194,14.72848378893551,43.056931282076576,25.862030965896846,21.398143928883968,-74.13796903410315,42.1693768367736,0.018340229362366976,2401.2285509285007,2257.008387548062,6.192049278953374,0.2931252499333047,0.009805953870769341,0.016088359741052577,0.934319231984237,0.8045293388105875,-0.2512871853546911,-0.29934943409678283,-0.007870681491551124,-0.011864410543778514,1.247900681954878,0.00404168121747861,-0.012138999885396351,1.0060663821767228,0.016379511997131058,0.003359933769871093,0.6664275094993584,0.017655916208998867,0.012058457324647165,1.3598048191953969,0.0014619776595943047,-0.0005101229281230493,0.006471142896654203,-0.016839470316719705,0.005130754082387753,0.008869087307615075,0.002802366473860754,-0.02621868055245783,1.2092785083751645,0.001728609912658859,0.00663811563168871,-0.014578491443052987,0.0,0.16762397042322982,0.061476242992839825,0.010423366743756324,-0.004254362162626535,-0.01452631578947361,0.008268996755722409,-0.00640873215066045
2025-06-12,2323.2492285135386,2323.2492285135386,2281.186189849925,2289.5009765625,585800,-0.004254362162626535,0.003645008025696006,-0.017009625402080397,-0.014526315789473603,0.018439108061749553,0.010423366743756416,2303.097998046875,-0.0059037963199568555,2324.8877075195314,-0.015220834470225264,2385.218778483073,-0.040129569155248124,2314.1579590181423,2342.8483562396855,-28.690397221543208,-28.547173474448392,-0.14322374709481522,14.164004059744505,41.90354540861796,14.367953697985063,14.942557156382932,-85.63204630201494,42.161781252976446,0.018415271137495005,2395.8610567152964,2253.9143583237665,6.1055292233006675,0.2507040927473732,0.009406254924936597,0.015902399823199062,1.066795842810601,0.895902218497368,0.11900668576886342,-0.3493356823019893,0.004272539090836025,0.007933120556248507,0.9533417953420102,-0.003631770194625794,-0.011864410543778514,1.273307704495002,0.008331488549747634,-0.012138999885396351,1.026549703981454,0.017303959266743885,-0.004598741421247388,1.1685948998490314,-0.00041760284315911625,0.002345473294421756,-0.0038367593194674186,-0.019355098696502152,0.0017815333466304748,0.012263462345015587,-0.006035895509257009,-0.029273087747095985,2.1035089495975217,-0.008001833501270162,-0.01452631578946735,0.00663811563168871,0.0,0.17261268948077033,0.057466363552938445,0.0014953144805280871,0.002777091760153505,0.0012798634812287712,0.0202381481663042,0.02151992544592962
2025-06-13,2292.924500525937,2304.173916804115,2289.500765136927,2295.859130859375,538000,0.002777091760153505,-0.0014890851565795282,-0.01758063493333717,0.0012798634812287335,0.006408886989959335,0.0014953144805281379,2294.881005859375,0.0004262203558713651,2318.382604980469,-0.009715166976191902,2383.9063435872395,-0.036934006642365125,2311.3427546860244,2339.367672878181,-28.024918192156747,-28.442722417990066,0.41780422583331855,13.63984431121,42.97285159131083,21.838946142845586,20.6896436022425,-78.16105385715441,40.19830771113441,0.0175090479946259,2373.0937837128868,2263.671426248051,4.719771328070229,0.2941602187804076,0.00448645290425008,0.01222472325109222,0.9243335091514172,0.8347737576921764,-0.08159781495390916,-0.2540994189799871,-0.0027694008802240377,-0.004254362162626535,1.0064583079198888,0.0014913058375305432,0.007933120556248507,0.8994211747969645,-0.006391113246842051,-0.011864410543778514,1.2012899434919533,0.017895244696961576,0.003359933769871093,0.641535561927768,-0.0051285425883359,-0.002872187556482501,0.007905634348489406,-0.014708447376854668,-0.008910270474181869,0.0039194920278844796,0.011687362234335374,-0.02150012696122165,0.7410531423683665,0.009380075694398055,0.0012798634812281752,-0.01452631578946735,0.0,0.1693652548668712,0.060076617034945115,0.010651937846188675,0.004899913747991702,-0.0056913996627318,0.0054723027058231465,-0.0002797213923738263
2025-06-16,2320.314479624894,2334.0094217474693,2294.391910607162,2307.108642578125,888000,0.004899913747991702,0.007690613018240144,-0.0006355802027659951,-0.005691399662731837,0.01726710722660423,0.010651937846188722,2294.587548828125,0.005456794950094324,2313.1736328125,-0.002621934708808671,2382.3656616210938,-0.031589197349632725,2310.691352823271,2336.978115078177,-26.28676225490608,-28.01153038537327,1.72476813046719,12.951006399525962,44.905049200899306,35.0574075287951,23.754769123208586,-64.9425924712049,40.15682224178961,0.0174056919126696,2347.5816882847635,2278.765577340236,2.9749652152508927,0.41186671040937184,0.004257434717873419,0.007650684367517098,1.3726984499946668,1.33792164118388,0.6505576208178439,0.26220258059424695,-0.0048760216628438435,0.002777091760153505,0.8316573942535257,-0.007631918883950428,-0.004254362162626535,0.9055481441518872,-0.003391987464448798,0.007933120556248507,0.8092428362299641,0.0006359844214400834,-0.012138999885396351,0.8713852660608037,0.005821301798367219,0.002664029877323246,-0.0009213880503755167,-0.003299610080089241,0.006989559647249709,0.005774005329596091,-0.002089645899258007,-0.0064095855323620865,0.8406695402203922,-0.0009759961470047172,-0.005691399662729385,0.0012798634812281752,0.0,0.16366340455287032,0.06465970381128876,0.00021203422007243233,-0.017171896853697244,-0.017380245866892685,-0.00447229148343459,-0.021856222557204267
2025-06-17,2307.5978285597766,2321.2927711625052,2267.4912109375,2267.4912109375,965300,-0.017171896853697244,-0.012356123919178064,-0.006003378947483373,-0.017380245866892706,0.02372735116479717,0.00021203422007252926,2291.848583984375,-0.010627828216085433,2309.6765258789064,-0.018264598730480364,2380.1239339192707,-0.04732220930918285,2304.045177148537,2331.8309369936824,-27.78575984514555,-27.96637627732773,0.18061643218218038,12.405746329094068,39.791759947845605,0.0,18.965451223880233,-100.0,41.13144638344787,0.018139627701764645,2347.5535006211244,2271.7995511366885,3.2798510369589127,-0.05687281294916052,0.0066263180946119675,0.008569152537510252,1.378761671196836,1.4457827716253335,0.08704954954954958,0.2170998855648194,0.017471922911325155,0.004899913747991702,1.268352184836621,0.012510707774313179,0.002777091760153505,0.7684385984708357,0.00970665972940643,-0.004254362162626535,0.8367125111230773,0.006039637177725599,-0.011864410543778514,0.9986845131055917,-0.0022744298183687856,-0.0006312325879975528,-0.014897467035328458,-0.005372146359485821,0.005572136825938724,0.008777546843752836,-0.02274403367963597,-0.014780925791236209,0.17379186773077832,-0.018140288919928586,-0.017380245866885177,-0.005691399662729385,0.0,0.18399484185246154,0.04831751026001098,0.0012942205425459097,0.005176878011258879,0.0038776389487289453,0.0006953643012459738,0.004578021769958943
2025-06-18,2270.4258446427375,2291.9464687625737,2269.4476344554723,2279.229736328125,652100,0.005176878011258879,-0.012083915657671862,-0.00872151145116462,0.003877638948728948,0.00991379310344813,0.0012942205425458607,2287.837939453125,-0.003762593048025842,2307.8423828125,-0.012398007202941375,2378.0044759114585,-0.04153681819561461,2300.2274170223195,2327.9345517591964,-27.707134736876924,-27.914527969237568,0.20739323236064422,11.899433406550168,41.902686603351,12.371118717439526,15.80950874874488,-87.62888128256047,39.940290057849715,0.01752359115943118,2347.827787312366,2267.856978312634,3.465176374058699,0.14221136634404996,0.006677558077475467,0.008999566555827662,0.8984061247573505,0.9802462566197814,-0.32445871749715116,0.2234376324938523,-0.005150215971879479,-0.017171896853697244,1.3299055853830246,0.012231722763454744,0.004899913747991702,1.2234084324252832,0.007296058955879037,0.002777091760153505,0.741209162888291,0.008798245449160857,0.007933120556248507,0.7212323360074727,0.0037682161626711825,0.0018266538837332835,0.001408661848587696,-0.010548165334897905,0.0034458243019036224,0.0072332330423507014,0.0017310537093552562,-0.015954744493515322,0.1302416545884846,0.004728088152757741,0.00387763894872724,-0.017380245866885177,0.0,0.1778970127078495,0.05321888061841039,0.01716735563313665,0.0030042658711562087,-0.013924050632911356,0.017150492991580567,0.0029874032296001263
2025-06-19,2318.35808378129,2318.8471888622566,2263.0892096320736,2286.0771484375,1052300,0.0030042658711562087,0.0081966966003435,-0.0014954473311212801,-0.0139240506329114,0.02463799438080837,0.01716735563313662,2287.153173828125,-0.0004704649447783149,2306.8641723632813,-0.009010944023408629,2376.4148844401043,-0.038014294808143445,2298.050452624655,2324.8340033649965,-26.783550740341525,-27.68833252345836,0.9047817831168352,11.377479005719456,43.15470114114541,23.15266253145909,11.84126041629954,-76.84733746854091,41.07012499873067,0.017965327647312134,2347.958955161245,2265.769389565318,3.562826393533494,0.24708439234272492,0.0066503325063723496,0.009221551766778883,1.2846384200033938,1.544374911942892,0.613709553749425,1.2212883574007218,-0.0029952672922923806,0.005176878011258879,0.7960778425203964,-0.008130056990287904,-0.017171896853697244,1.178429598811438,0.009199818192483278,0.004899913747991702,1.0840624507868608,0.0014976870427747535,-0.004254362162626535,0.7151393960258369,0.0026575369354239317,0.004754147715966106,0.00034672893573227696,-0.006249595047087386,0.00012947195434027584,0.0060451774243276005,0.0028747939168159327,-0.007540624755448881,0.05941815959503276,0.002996572885910137,-0.013924050632905393,0.00387763894872724,0.0,0.17436889631251196,0.05605474313783993,-1.1067264771291718e-08,0.00748822162692564,0.007488232777064452,0.00025210679989946957,0.007740339494089881
2025-06-20,2286.077123136879,2303.19580078125,2262.6000795103128,2303.19580078125,1525600,0.00748822162692564,0.010514984106751113,0.0031956097929792815,0.007488232777064554,0.01794206658019885,-1.106726474037825e-08,2288.6205078125,0.006368593184404858,2306.4484252929688,-0.0014102307587060547,2375.59970703125,-0.030478159277705807,2298.8420446487467,2323.2311735439785,-24.389128895231806,-27.02849179781305,2.6393629025812437,10.879067734044165,46.27202269231518,40.6861819609181,25.403321069938908,-59.3138180390819,41.036239018173994,0.017817086590830263,2347.514993916271,2265.3818566696664,3.5610220608410987,0.46039814597666295,0.0071848241752071225,0.0091467278612651,1.5005985279262213,2.1058414462614277,0.44977667965409096,1.3643326986325084,-0.007432564933878338,0.0030042658711562087,1.0350549494866037,-0.01040556970709361,0.005176878011258879,0.6414134111567179,-0.01550219474723924,-0.017171896853697244,0.949480702023585,-0.0031854304008296364,0.002777091760153505,0.5291832774149888,-0.0037890265204115017,0.005995774683101102,0.011277248147337141,-0.002800164890121821,-0.004243111346473232,0.010860050577675152,0.011731332973398872,-0.007664440784695871,-0.1036418469976115,0.007048457729960631,0.007488232777061279,-0.013924050632905393,0.0,0.16564032323485206,0.06307067755308457,0.0021236619721687333,0.01040567570747597,0.008264462809917328,0.0019033102213582916,0.010185323956665528
2025-06-23,2308.087010117828,2345.258998413856,2306.619694790353,2327.162109375,777400,0.01040567570747597,0.017971817340276974,0.00869203401469032,0.008264462809917316,0.016751484308736273,0.0021236619721687784,2292.631201171875,0.015061693387257158,2306.2038696289064,0.009087765405777715,2375.355155436198,-0.020288774902516682,2303.198977683555,2323.522353975906,-20.323376292350986,-25.68746869672064,5.364092404369654,11.410025318527243,50.37504110813367,64.70589541468316,42.848246635686785,-35.29410458531684,41.10959320491912,0.017665117973213372,2346.712066832043,2265.6956724257698,3.5129762582225545,0.7586913414215174,0.009982200089622245,0.008929445276925381,0.7816671208125155,1.052965206367094,-0.49042999475616156,0.9510128798299362,-0.010298512724227993,0.00748822162692564,1.5339739638687595,-0.0176545332931346,0.0030042658711562087,1.058076037086455,-0.02059692053886497,0.005176878011258879,0.6556793535912546,-0.008617133596787618,0.004899913747991702,0.892874200259215,0.001141160203416616,0.001382565231787435,0.009264515504059354,0.007309468782902884,-0.0021260886137577212,0.0018683580896493857,0.012531764321233691,0.006823675925040934,-0.3748550165880078,0.009608700724898245,0.008264462809913735,0.007488232777061279,0.0,0.1536359615346456,0.07271965610160383,0.00042029000559229424,-0.007566258528065695,-0.007983193277310896,0.0028148463941857086,-0.00517170213947228
2025-06-24,2328.1401923509634,2339.878714329204,2307.1086738066165,2309.55419921875,665000,-0.007566258528065695,0.0027606851468482407,0.018550452622861036,-0.007983193277310846,0.014203943184227377,0.000420290005592292,2301.043798828125,0.003698495610537922,2305.5680297851563,0.0017289316043140879,2374.0019653320314,-0.02714730950327604,2304.176704073585,2322.4876758457463,-18.310971772161338,-24.21216931180878,5.901197539647441,11.90305736126153,47.504716242000725,56.804662256990426,54.06557987753056,-43.195337743009574,40.51391087046685,0.017541874914281684,2345.4417216448933,2265.6943379254194,3.4589039529189307,0.5499849555894617,0.008269535545460525,0.008856589007442435,0.7116249554565582,0.892107331914905,-0.14458451247748905,1.4964853369151556,0.007623943253290522,0.01040567570747597,0.8319056246194412,-0.002753084747111889,0.00748822162692564,1.6325639579616922,-0.010165187199409065,0.0030042658711562087,1.1260796099653176,-0.01821260063801944,-0.017171896853697244,1.0329798037627302,0.00024693177586498834,0.00380384516944442,-0.007813190303930684,0.014746607453416615,0.006387953429005864,0.0033055777756256215,-0.013954211957071559,0.015244874847235414,-0.43004926954175243,-0.00481912382205499,-0.007983193277307416,0.008264462809913735,0.0,0.16243121664084037,0.06565012337942933,-0.008470989332483692,-0.008470989332483692,0.0,-0.008304255549947433,-0.008304255549947433
2025-06-25,2289.989990234375,2313.9561392137607,2279.7187835289237,2289.989990234375,724400,-0.008470989332483692,-0.01597315416527134,0.004721004528303929,0.0,0.015018236429950704,-0.008470989332483716,2303.195849609375,-0.0057337109991031365,2303.9784301757813,-0.006071428342900309,2371.3689493815104,-0.03431729135583306,2301.994132713706,2320.0804398745336,-18.086307160827346,-22.986996881612495,4.900689720785149,11.524059508895382,44.47259034970868,33.136062130239424,51.54887326730434,-66.86393786976058,40.06558550006472,0.017495965340855752,2343.674281420978,2264.282578930585,3.445852680328084,0.32380476167394145,0.007182922727839861,0.00889241529850051,0.7633772805685496,0.9606331373344685,0.08932330827067658,0.681279456612143,0.008543360043842041,-0.007566258528065695,0.700781186606965,0.01623243738973912,0.01040567570747597,0.8192290142379769,0.005766754702939858,0.00748822162692564,1.6076868846429861,-0.004698821371766804,0.005176878011258879,0.6871870853930856,-0.0007745083034926908,-0.0006834639986804307,-0.007696481028991,0.00540446852698436,0.00038770855886797496,0.0002643937505091672,-0.008858697891351667,0.004456610777794762,-0.3955415167792144,-0.008317634501040769,0.0,-0.007983193277307416,0.0,0.172362285051312,0.05766763597613244,-0.003203745021087223,0.002776605340903293,0.0059995714591816185,-0.002247556165109423,0.0037327941968810932
2025-06-26,2282.653446204822,2297.8157039362018,2274.338659706969,2296.348388671875,1404100,0.002776605340903293,-0.005717904585803679,0.0044929543350691326,0.005999571459181567,0.010322580645161141,-0.0032037450210871967,2305.25009765625,-0.0038614938112014885,2304.32080078125,-0.0034597665861751947,2369.8119669596354,-0.03099974990124632,2301.125556707271,2318.3225101558182,-17.196953448547447,-21.828988194999486,4.632034746452039,11.01591638299907,45.68595893272197,40.82839409131889,43.589706159516254,-59.17160590868111,38.8806896950053,0.016931529155937684,2343.627491173601,2265.014110388899,3.411564082485779,0.39858708492376105,0.006215973613298598,0.008780856953933762,1.377512628752449,1.7886715346320237,0.9382937603533958,0.5885624317529647,-0.0027689171511883215,-0.008470989332483692,0.7106831053830026,0.005750787036938654,-0.007566258528065695,0.6524078755931761,0.013418573964699254,0.01040567570747597,0.7626795225355415,-0.004472857988813694,0.0030042658711562087,1.0323741465965401,0.0014442552930573353,-0.0018218324064317383,0.0013323500478459578,0.0063147867415008704,0.0024174171747223467,0.002492890004898461,0.0003591881661809465,0.0020000643301706714,-0.2765646501950039,0.0034451774762057734,0.005999571459178938,0.0,0.0,0.1691161110133376,0.060276876220587604,0.002155614187091759,0.00819139762379617,0.0060228006022799985,0.003119058971408198,0.00915484240811261
2025-06-27,2301.2984298370015,2320.108784823839,2295.358317735895,2315.15869140625,845800,0.00819139762379617,0.010990747243091237,0.005194039786344806,0.006022800602280061,0.010782833728704004,0.0021556141870918265,2307.64267578125,0.0032570101527751305,2303.5739013671873,0.005029050742058727,2369.5956095377605,-0.022973083640675185,2303.2845005071135,2318.088153211406,-14.80365270429229,-20.42392109685805,5.620268392565759,11.116748663700148,49.22105891730827,63.5849253693595,45.849793863639285,-36.4150746306405,37.8713880802152,0.01635800959164289,2341.434134628793,2265.7136681055817,3.287086491050733,0.6529941714702922,0.00640784826959036,0.008389010195169591,0.9575011235751538,1.099318157595797,-0.3976212520475749,0.299789512217443,-0.008124843798047121,0.002776605340903293,1.5895333738612836,-0.010871263929461583,-0.008470989332483692,0.8200683541237189,-0.002420781007064887,-0.007566258528065695,0.752823654738091,-0.005167201138479349,0.00748822162692564,1.7270793498773407,0.004183255909057353,0.006175829073050636,0.004008141714738817,-0.0009817892867058295,0.0034836150738611032,0.010529164432762328,0.004707782549935067,-0.005335124646417522,-0.38640376731101894,0.009537479612197555,0.006022800602277443,0.005999571459178938,0.0,0.15961722523007893,0.0679119798143023,0.004276300287041401,-0.005559064799865898,-0.00979348520332124,0.005881468587137057,-0.003953896499770243
2025-06-30,2325.059005182857,2336.939230033696,2297.3384805309006,2302.28857421875,623200,-0.005559064799865898,0.00258679631373826,-0.01068835516702793,-0.009793485203321262,0.017237664296487883,0.004276300287041497,2302.66796875,-0.00016476302159007528,2303.7975341796873,-0.0006549880966314481,2369.1647501627604,-0.02822774395085348,2303.1312810781346,2316.9178140267645,-13.786532948629883,-19.096443467212417,5.309910518582534,11.609704484885029,46.968541987862835,48.01477594299392,50.809365134557446,-51.98522405700608,37.99491389611377,0.016503106657248787,2341.5718211312137,2266.023247228161,3.2793061361598057,0.4800266254810623,0.00436652072678926,0.008416755638648191,0.7310255354539174,0.8135122398869019,-0.2631827855284937,0.03802336201509404,0.005590140754124118,0.00819139762379617,0.9921395986632274,-0.002580122063928547,0.002776605340903293,1.647036191159893,-0.005341895070448799,-0.008470989332483692,0.849735073624547,0.010803830342458243,0.01040567570747597,0.9119050886743828,0.0036912864432857243,0.008771695643530083,-0.009250351243151623,-0.019460050810558013,0.004154121765597707,0.016271568621906162,-0.009713186565463605,-0.026959923788934092,-0.5346639839871893,-0.0033380055067035314,-0.009793485203317048,0.006022800602277443,0.0,0.16609964874052555,0.06270147658582657,-0.001935055365636984,-0.0004300026701522519,0.0015079707022833677,-0.004775589911012521,-0.003270537215527789
2025-07-01,2297.8335183599634,2318.623912106434,2286.943312111812,2301.298583984375,775700,-0.0004300026701522519,-0.0059866770573105965,-0.003574549251612158,0.0015079707022834115,0.013852813852813764,-0.0019350553656369504,2301.016845703125,0.0001224407725550769,2303.2624755859374,-0.000852656448571687,2369.4184407552084,-0.028749610284155902,2302.8493276790946,2315.7608340236247,-12.911506344530153,-17.859456042675966,4.947949698145813,11.724074088857284,46.79115816977487,46.817094860895274,52.805598724416235,-53.182905139104726,37.54389147457867,0.016314220039000932,2340.8596199751123,2265.6653311967625,3.2646860518673964,0.47388243663888663,0.004036021483224428,0.00838088905801855,0.8868781591532984,0.9953728060607772,0.24470474967907574,0.022704854821643083,0.0004301876515564462,-0.005559064799865898,0.712520908578491,0.006022733215640397,0.00819139762379617,0.9670253281060458,-0.0021510443485900366,0.002776605340903293,1.605344364144832,0.0035873724908299653,-0.007566258528065695,0.7603119451294874,0.0006647814044246755,0.009276110882932438,-0.0010947840745769274,-0.012850660134544596,-0.005312747128004787,0.004570707622332403,0.004882744457852535,-0.00814525687394456,-0.429250499756763,-0.002710502029929614,0.0015079707022827551,-0.009793485203317048,0.0,0.1666012904104048,0.06229826233482434,0.0058077227516093455,0.0010755221740781362,-0.0047048759623609104,0.003881700610845696,-0.0008504999666855131
2025-07-02,2314.6638881288272,2322.089028916238,2300.3086159398335,2303.773681640625,531800,0.0010755221740781362,0.0006450570265192912,0.0060191055266749505,-0.004704875962360943,0.009468474284484513,0.005807722751609265,2303.773583984375,4.2389256771357964e-08,2301.4572143554688,0.0010065219851604912,2369.256884765625,-0.027638709650705473,2302.9915359808683,2314.872896810069,-11.88136082920073,-16.66383699998092,4.782476170780189,11.91961566456095,47.32676123580965,49.811445245683466,48.214438683190885,-50.188554754316534,36.417928724709085,0.01580794546570146,2335.1085005298546,2267.805928181083,2.924346015601252,0.5344187035400665,0.0030158139437189303,0.0074932471470331285,0.6360323446008412,0.6926273865233309,-0.31442568003093985,0.2850252499227044,-0.0010743666693363574,-0.0004300026701522519,0.9277365357406404,-0.0006446411966198884,-0.005559064799865898,0.7453466663317869,0.004941895922915496,0.00819139762379617,1.0115760757115297,-0.005983092661006495,-0.008470989332483692,0.8663817796706458,0.001721163483411107,0.011965145058017308,-0.0006456413093329709,-0.0059460395313423575,-0.004486942104563745,-0.0003007230542398889,0.005562464278641881,0.006319828580914839,-0.533665671802285,-0.001319004798491833,-0.00470487596235891,0.0015079707022827551,0.0,0.16534793286808952,0.06330569782714354,-0.0073055970918572966,-0.003652825479424693,0.003679653679653727,-0.007281264082766634,-0.00362849247033403
2025-07-03,2286.943239331734,2295.3583984375,2266.1528462469,2295.3583984375,633500,-0.003652825479424693,-0.002581232000147704,-0.0004311149994742358,0.0036796536796537055,0.012887723896898169,-0.007305597091857319,2303.5755859375,-0.0035671447254256305,2299.7692138671873,-0.0019179382888026009,2370.919645182292,-0.03187001588151683,2301.8172071280424,2313.427378412101,-11.610171284058652,-15.653103856796466,4.042932572737815,11.120050704735183,45.64444267061604,39.630713009220244,45.419751038599664,-60.369286990779756,36.50385062963879,0.01590333372534409,2331.0009679117716,2268.537459822603,2.716077235599337,0.4293857235269151,0.0031459103099494624,0.006979978283389199,0.92888426849814,0.8255244067235608,0.19123730725836774,-0.10467421190613213,0.003666217531802296,0.0010755221740781362,0.7797642525450842,0.0025879120009826284,-0.0004300026701522519,1.1373883616006428,0.003019212940761129,-0.005559064799865898,0.9137816513465523,0.0004313009393428491,0.002776605340903293,2.058794635198482,0.000964059643263071,0.008094823694874253,-0.004616885122687764,-0.008525938694348489,4.5595979611140605e-05,-0.002417728559856124,-0.0036984214590358336,0.0019866135603818884,-0.5715839076882661,-0.0036267635512236824,0.0036796536796520965,-0.00470487596235891,0.0,0.16962035189072783,0.05987157275416996,4.9723263284562336e-08,-0.0017252037591147795,-0.0017252533965926853,0.00037694722368828543,-0.0013483062586897787
2025-07-04,2295.3585125702098,2303.773672094405,2285.953334278462,2291.3984375,417500,-0.0017252037591147795,-0.005371727370291013,-0.010262905084842289,-0.0017252533965927202,0.007795582503248094,4.9723263193298195e-08,2298.82353515625,-0.0032299554723072,2297.4919311523436,-0.0026522372377971726,2371.1876708984373,-0.03364948054456263,2300.214319492959,2311.7956050112048,-11.58128551824575,-14.838740189086323,3.2574546708405734,10.51860430851168,44.836756786558155,34.83998868082564,41.42738231190979,-65.16001131917436,35.16931400008908,0.015348406206667727,2323.803488765465,2271.1803735392223,2.290459196513854,0.38420499953022913,0.0022862421271434043,0.005890526954828615,0.7001027935359132,0.5424924245968015,-0.34096290449881606,-0.27010167009322106,0.0017281852303341338,-0.003652825479424693,1.0623116639640742,0.00540073866556412,0.0010755221740781362,0.8917716541374817,0.004320569623051718,-0.0004300026701522519,1.300765836995947,0.010369324477310427,0.00819139762379617,1.4183160305932343,0.002600373317322113,0.009999743092005712,-0.004325577076436892,-0.020262648176848003,0.0006593913778107195,-0.005058976639438755,-0.002384595136925499,-0.0052039284454035335,-0.5563681812737441,-0.0013583393774946413,-0.0017252533965919686,0.0036796536796520965,0.0,0.17164167250847406,0.058246856691176144,-0.000864153134015333,0.008641139246980067,0.009513513513513594,-0.00014032498886851295,0.009364967392126888
2025-07-07,2289.4183183589566,2311.19873046875,2286.9432715282983,2311.19873046875,480000,0.008641139246980067,0.006901027761953449,0.003870130073951872,0.009513513513513532,0.010606060606060636,-0.0008641531340152885,2300.60556640625,0.0046045111844368325,2297.6230712890624,0.005908566704574847,2371.9487345377606,-0.02561185374093833,2301.90422887385,2311.751392082134,-9.847163208283746,-13.840424792925809,3.993261584642063,10.177676067557629,49.63567148067996,58.79420104096491,44.42163424367027,-41.20579895903509,34.389752924400696,0.014879617434460512,2324.179304955392,2271.0668376227327,2.3116266543607225,0.7556021187014178,0.0033166544635309186,0.005894369985447241,0.8455155090443737,0.6271140602891779,0.14970059880239517,-0.12579111481584393,-0.008567109659897376,-0.0017252037591147795,0.7354223438042209,-0.006853729981510681,-0.003652825479424693,1.115904322874189,-0.0032126397142905327,0.0010755221740781362,0.9367607243954124,-0.0038552099105683135,-0.005559064799865898,1.0977609692426118,0.0009859269645038648,0.0073013169146006005,0.007655212282476203,-0.0034311868406487287,0.0013009876723893423,-0.007668316714861861,0.007340151574590725,0.011538446788813734,-0.45874104280718186,0.009237955688491242,0.009513513513509377,-0.0017252533965919686,0.0,0.1616040898184953,0.06631495914204844,0.002355978384816826,-0.009638024775343368,-0.011965811965812034,0.005628081793784762,-0.006365921366375432
2025-07-08,2316.6438647207506,2325.059024058411,2280.0131711332856,2288.92333984375,869600,-0.009638024775343368,-0.0010801690425129573,-0.0053775047821909006,-0.011965811965812026,0.019756838905774975,0.0023559783848168723,2298.130517578125,-0.004006377211801637,2298.0099365234373,-0.00395411548760749,2370.952746582031,-0.034597655671332994,2299.9071690230653,2310.060425249661,-10.153256226595659,-13.10299107965978,2.949734853064122,10.259679923927573,44.902993763459335,31.84563829603745,41.826609339276004,-68.15436170396255,35.15090292445247,0.01535695945449909,2323.8118109084558,2272.208062138419,2.245584231376563,0.32391595773050996,0.004030271196092468,0.005782667357493233,1.4827419814111624,1.123614379059632,0.8116666666666668,-0.15936869793950026,0.009731820300067806,0.008641139246980067,0.8184408361055174,0.0010813370689024548,-0.0017252037591147795,0.7118730189042782,0.0028113910504257156,-0.003652825479424693,1.080171395151761,0.0054065786844850194,-0.0004300026701522519,1.3226344928480207,-0.0004313271805654522,0.006294225628000128,-0.009206697594777916,-0.011671730410191029,0.007132789752024144,0.0035563148619411245,-0.016770814527367513,-0.008933819644132025,-0.5218825691289443,-0.005915546134500403,-0.01196581196580686,0.009513513513509377,0.0,0.17290861208094016,0.057228504107149525,0.0019463162619375307,0.011029360786651843,0.009065400388517109,0.006660762886741832,0.015743807411456145
2025-07-09,2293.3783085624164,2332.4840470421123,2292.388289866728,2314.168701171875,874400,0.011029360786651843,0.0012850347587904931,0.004512170450635233,0.0090654003885172,0.01749082271647589,0.0019463162619375721,2300.209521484375,0.006068655727277328,2298.7542236328127,0.006705578778098076,2370.6383707682294,-0.02382044865789923,2302.101250892113,2310.3647419846397,-8.263491092526692,-12.135091082233163,3.8715999897064712,10.545014046321038,50.64643881865883,62.387244287260856,51.009027874754416,-37.612755712739144,35.751603229731735,0.01544900473833735,2325.501520436995,2272.00692682863,2.327112357571892,0.7881501942404128,0.005040126653434598,0.005929158812834051,1.334959793954513,1.1047713386129208,0.005519779208831732,-0.09082014019216267,-0.010909041037643452,-0.009638024775343368,1.327631560867846,-0.0012833855641638525,0.008641139246980067,0.7328233086667043,-0.00983950031876868,-0.0017252037591147795,0.6374036070173938,-0.004491902222591437,0.0010755221740781362,0.8119071573936528,0.004117492088686517,0.004805068253259456,0.006911868697965326,-0.0002928978026242226,0.009033539159341951,0.01720281180046411,0.0019958216273098916,-0.012690641349828877,-0.3363203258510241,0.014067523620309715,0.009065400388513247,-0.01196581196580686,0.0,0.16011330389885056,0.06751323704455776,-0.00620321640961552,-0.02909091676350517,-0.023030563925957814,-0.006312615488951367,-0.029200315842841017
2025-07-10,2299.813411910147,2312.1886455084577,2239.422271950388,2246.847412109375,774000,-0.02909091676350517,-0.018382410193452436,-0.021134384225638736,-0.023030563925957863,0.032493368700265195,-0.00620321640961556,2290.50732421875,-0.019061240996139373,2296.621545410156,-0.02167276249812866,2368.419405110677,-0.051330432751867106,2293.600660310153,2305.659754586472,-12.059094276318774,-12.119891721050287,0.06079744473151294,10.42519553340619,38.97785975108436,7.015655535746154,33.749512706348156,-92.98434446425385,38.53694794342852,0.01715156433664193,2331.535203496392,2261.70788732392,3.040436344944303,-0.21281750508411582,0.011978628685644043,0.007971315095878211,1.1330681700070706,0.9664296791303632,-0.11482159194876485,-0.1261784030852735,0.029962554955286436,0.011029360786651843,1.2800449713878328,0.0187266511764832,-0.009638024775343368,1.2730181920389518,0.028640715881071976,0.008641139246980067,0.7026779348881058,0.021590690166877202,-0.003652825479424693,0.9273884828158647,-0.004778583003005555,0.0023397442871836223,-0.024312333760499613,-0.023474128512822358,-0.00032528238981401015,0.01695107434795934,-0.02876563437369116,-0.038085458573598074,-0.21579841289783966,-0.02916111218697065,-0.023030563925947847,0.009065400388513247,0.0,0.194873262521795,0.039573551164013246,0.003084433497006378,-0.0037452650398719367,-0.00680869756204705,0.003955597600530157,-0.002874100936348158
2025-07-11,2253.7776635299474,2262.192822827116,2235.4623168243447,2238.432373046875,622100,-0.0037452650398719367,-0.032727228609845005,-0.02311517001421759,-0.006808697562047029,0.011957484499557101,0.0030844334970064466,2279.914111328125,-0.018194430253369087,2293.750207519531,-0.024116764891087605,2365.522176106771,-0.05372589796220362,2285.113231500418,2300.6799485465017,-15.566717046083795,-12.80925678605699,-2.7574602600268054,10.418300326863703,37.805365040547414,2.8444346802829132,24.082444834429978,-97.15556531971708,37.693630661953,0.01683929839284308,2336.913442994983,2250.586972044079,3.763551526574364,-0.1407980525940508,0.015869395812749695,0.009891865784506482,0.8592292212518697,0.7727076814919058,-0.19625322997416017,-0.17581463546389364,0.003759344782010121,-0.02909091676350517,1.0690297657112156,0.03383453931238334,0.011029360786651843,1.2076997766639366,0.02255639589733316,-0.009638024775343368,1.2010701347060375,0.0236621240337076,-0.0017252037591147795,0.5766407327964244,0.0024618346947789266,0.0020115514537244594,-0.006207099734650863,-0.02512672146794205,0.004036934710618994,0.020498191516799717,-0.007782199750490931,-0.0436133615310173,-0.1803362468274668,-0.003017259385471382,-0.006808697562044008,-0.023030563925947847,0.0,0.1993652030869535,0.035962977004648136,2.8325183532018627e-08,-0.0028748059004305437,-0.002874834144183991,0.0004089864599217322,-0.0024658477656923435
2025-07-14,2238.432436450883,2244.3725490641978,2225.067183070924,2231.997314453125,910200,-0.0028748059004305437,-0.006609304030267271,-0.03426854427163939,-0.0028748341441839913,0.008676307007786436,2.832518360786591e-08,2264.073828125,-0.014167609410257298,2289.9946411132814,-0.02532640278709808,2362.1916259765626,-0.055115897496486266,2276.9415519546806,2295.5923460210665,-18.65079406638597,-13.977564242122787,-4.673229824263183,10.68961829018521,36.891462614737044,6.1946943587322485,5.351594858253776,-93.80530564126775,36.380183185618776,0.016299384837976924,2340.329938704074,2239.659343522489,4.3961061468966465,-0.07610990136239539,0.0160137243633683,0.011568769670887165,1.1236190854762789,1.1289988476819057,0.4631088249477575,-0.40638850140377514,0.0028830942363045065,-0.0037452650398719367,0.7679668568169558,0.006653277564037774,-0.02909091676350517,0.9554835993832563,0.036815181714430656,0.011029360786651843,1.0794248828174668,0.035484548077959976,0.008641139246980067,0.5925479686097713,0.0036479681506279412,0.004606979071199646,-0.006522774051058485,-0.03887552334283904,0.002267753388088768,0.02116508833878547,-0.005142559288519312,-0.05543363261042486,-0.31241331392350397,-0.002166329549296478,-0.0028748341441827067,-0.006808697562044008,0.0,0.20282308599173512,0.03318356741963409,0.010423607284075986,0.0015524606002825792,-0.008779631255487197,0.008992429226918045,0.0001212825431246374
2025-07-15,2255.2627779180966,2255.2627779180966,2224.0771863885006,2235.46240234375,515900,0.0015524606002825792,-0.0013268083230418837,-0.023356368721221266,-0.008779631255487204,0.014021811707099848,0.01042360728407598,2253.381640625,-0.007952154202016004,2288.393200683594,-0.023130115193931378,2358.625362141927,-0.0522181105045344,2270.5601443222295,2291.138276119043,-20.578131796813523,-15.297677753060935,-5.280454043752588,10.561074366090939,37.76390184078482,10.087727979692708,6.3756190062359615,-89.91227202030728,36.00914092447429,0.016108139813357954,2343.3191133010687,2233.467288066119,4.80039117412752,0.01816186734597898,0.01539837688027732,0.012604282061497024,0.6978024430524765,0.658261571891376,-0.43320149417710396,-0.1910841312556063,-0.0015500542026519737,-0.0028748059004305437,1.2311296446333866,0.001328571081763652,-0.0037452650398719367,0.8414477608508347,0.005092910420986474,-0.02909091676350517,1.0469065534456616,0.02391493475485218,-0.009638024775343368,1.1762143913131102,-0.0004224751063240964,0.004854143978236681,0.0019749357066066757,-0.028210512699457947,-0.00458104054268434,0.009381442845604647,0.006133501142966919,-0.03273781156682591,-0.1305105274741916,0.0009545865826761891,-0.008779631255483311,-0.0028748341441827067,0.0,0.20095864501278485,0.0346821852937158,-0.004207351795663339,0.0030999991918267966,0.007338225483655814,-0.004235410261153251,0.0030719407263368843
2025-07-16,2226.057025591111,2247.342427436879,2225.562016245861,2242.392333984375,544900,0.0030999991918267966,0.004657272418715719,-0.031016047858202,0.0073382254836558605,0.009786476868327386,-0.004207351795663339,2239.0263671875,0.0015033171762517394,2286.5513305664062,-0.019312488634170788,2354.791463216146,-0.04773209474745155,2266.2266350394825,2287.527465590549,-21.30083055106661,-16.498308312662072,-4.8025222384045385,10.441712150860544,39.56338014463754,16.227907101746048,10.836776480057006,-83.77209289825396,34.99280308637028,0.015605120725764355,2344.9440361585025,2228.15862497431,5.107491339600208,0.12187917022971115,0.0025903718886080736,0.013358423267237926,0.8091520757445937,0.7000517747963375,0.05621244427214567,-0.2197385367230642,-0.003090418896192215,0.0015524606002825792,0.7660883756223819,-0.0046356827816009805,-0.0028748059004305437,1.3516062017667996,-0.0017659536551580812,-0.0037452650398719367,0.9237906153802747,0.032008835429317095,0.011029360786651843,1.2984448064435175,0.00011062427909812558,0.0009704622288838352,0.0029893749127286712,-0.031986510087085834,-0.00021499005507782473,0.00029847364522892644,0.0033149892469046213,-0.03131452150343093,-0.19419865207181178,0.0030582484129218386,0.0073382254836525645,-0.008779631255483311,0.0,0.1972471797232275,0.03766542170868461,1.8341804741695e-08,0.02207507393433894,0.02207505518763786,0.0011084342576129277,0.023183489850147128
2025-07-17,2242.3923751138973,2293.873347964194,2239.9173283422483,2291.893310546875,865300,0.02207507393433894,0.025243505837521774,0.02004849025115152,0.0220750551876379,0.024088397790055248,1.834180471641152e-08,2248.035546875,0.01950937285303267,2286.842138671875,0.00220879779525629,2351.66845703125,-0.025418186099587237,2270.1753543483123,2287.85086151324,-17.675507164927694,-16.7337480831152,-0.9417590818124957,10.52093909483162,50.55985515717507,60.087627308582285,28.80108746334035,-39.912372691417715,36.347318553197105,0.01585907964647286,2345.280415248383,2228.403862095367,5.110827335939085,0.5432180085631619,0.010826726193176345,0.013080104214434346,1.2510102200291753,1.1251968411785893,0.5879977977610571,0.08046423244314593,-0.021598290084308913,0.0030999991918267966,0.7877909036101902,-0.024621961216264143,0.0015524606002825792,0.7458640616122172,-0.02613385004401969,-0.0028748059004305437,1.3159245374674164,-0.01965444823770257,-0.02909091676350517,1.1190129553941774,0.00018927539491980002,0.005864746195262804,0.02188579853941914,0.014183744055888715,0.005707639594729578,0.006492083714011685,0.01636743433960936,0.013556406537139833,0.1431892637097317,0.0212578012232491,0.022075055187628055,0.0073382254836525645,0.0,0.17138868783346692,0.058450203088361595,0.004967628199768814,0.015766764544060452,0.010745755426606607,0.005550772506174498,0.016349908850466135
2025-07-18,2303.2785843872093,2343.3743431096173,2293.873406415287,2328.029052734375,951500,0.015766764544060452,0.0381898909714149,0.04002652962240005,0.010745755426606624,0.021579628830383987,0.004967628199768885,2265.9548828125,0.027394265610355628,2288.0838012695312,0.017457949504149584,2348.5689412434895,-0.008745703883502154,2279.0759233307836,2290.8270238259165,-11.75110049513296,-15.737218565518752,3.9861180703857926,11.712746662930304,56.746840127022374,87.13691860140871,54.48415100391236,-12.863081398591296,37.42829812530748,0.016077247009151443,2348.867427274629,2227.3001752644336,5.313059423030936,0.8285856248646118,0.01817869126238785,0.0133938801943206,1.2560044669670165,1.2852619692131468,0.09961862937709465,0.46053370786516856,-0.0155220323157228,0.02207507393433894,1.142218250411518,-0.036785073042958416,0.0030999991918267966,0.7192820116135862,-0.039761810653892615,0.0015524606002825792,0.6810012659046598,-0.038486065963492244,-0.0037452650398719367,0.8211879967421766,0.00013880033102531194,0.0036234148524362827,0.01562796421303514,0.036403114769963774,-0.004072542111731318,-0.0017806553284086671,0.01983930665579177,0.04180718495080872,0.009857945960611585,0.015806911444120213,0.01074575542660196,0.022075055187628055,0.0,0.15320635476714692,0.07306496946248184,-0.004677910694644627,-0.009355775673221434,-0.004699850459303545,-0.0046986083012128645,-0.009376473279789672
2025-07-22,2317.1387407311454,2340.89918925819,2300.308423024489,2306.24853515625,598100,-0.009355775673221434,0.006263478558672375,0.033266715968839566,-0.004699850459303579,0.017645792984721295,-0.00467791069464466,2280.805126953125,0.011155450284392687,2287.038122558594,0.008399690589834252,2342.840226236979,-0.01561851750363974,2283.256325150086,2291.9693579985337,-8.71303284844771,-14.332381422104545,5.6193485736568345,12.81942511902194,52.48360863757622,68.87955339945191,72.03469976981431,-31.12044660054809,37.65418870447843,0.016327029862768457,2345.782008138452,2228.2942369787356,5.137114681248887,0.6635098905020587,0.01752202530941501,0.013066665193175321,0.8604009833976128,0.8178015754405203,-0.37141355754072514,0.6780593729549647,0.009444132861265997,0.015766764544060452,1.368787051835527,-0.006224491589496561,0.02207507393433894,1.2447834324259395,-0.02768834329840386,0.0030999991918267966,0.7838697472886795,-0.03219567170329374,-0.0028748059004305437,1.3093746448562233,-0.0013032011065365076,-0.001164206481179984,-0.008052574566684926,0.03443092245001955,0.002099586125845786,-0.0020129289974103355,-0.01145536179906722,0.0352796449662499,0.10617299259012437,-0.009578695015403186,-0.00469985045930155,0.01074575542660196,0.0,0.16409738879852406,0.064310871879922,0.00021462343820144447,0.0023610067503005983,0.0021459227467810482,-0.0009584904096949594,0.0011878929024041944
2025-07-23,2306.7435101462124,2326.048874286921,2289.418183353269,2311.693603515625,630700,0.0023610067503005983,-0.007016857972439561,0.03410086481076635,0.0021459227467811584,0.01599999999999996,0.00021462343820150958,2296.0513671875,0.006812668283758372,2287.1450927734377,0.010733254667026237,2338.0581990559895,-0.011276278559703146,2287.6312910524766,2293.430413222022,-5.799122169545171,-12.625729571592672,6.8266074020475,13.454446705128628,53.425637001462,73.44384353765197,76.48677184617087,-26.556156462348024,37.58108172084798,0.016256947574574066,2346.0601343937515,2228.230051153124,5.151841202070153,0.7083382279553804,0.014130012575864477,0.013073868704461086,0.8782887086913957,0.8644036204353952,0.054505935462297206,0.6174536452020527,-0.0023554455279418685,-0.009355775673221434,0.8328911949711809,0.007066442193247369,0.015766764544060452,1.3250225246866387,-0.008565275666130301,0.02207507393433894,1.2049837000644756,-0.03297634299671448,0.0015524606002825792,0.7184226174312527,0.003335679358191521,0.002487471221402618,-0.0009746726078909227,0.031613393589363735,0.011049079613166337,0.013888155482656348,-0.008688072862865739,0.020212709328110003,0.2443574370117192,-0.0003389180253111656,0.002145922746780228,-0.00469985045930155,0.0,0.16135542081049337,0.06651483665189148,-0.00021411333077592243,0.002997878166341117,0.0032126793745985704,-0.0017512220250119742,0.0014607694721050651
2025-07-24,2311.198639098443,2323.573872762496,2309.2186017121953,2318.623779296875,477200,0.002997878166341117,0.005365962927229129,0.03399558772886491,0.003212679374598642,0.006216505894962477,-0.0002141133307758762,2311.29765625,0.0031697012395013324,2288.5767822265625,0.013129119067644579,2333.3835205078126,-0.006325467323399558,2292.3993661669997,2295.296588486826,-2.8972223198261418,-10.680028121239367,7.782805801413225,14.04410960651341,54.65774628205876,79.25301449505443,73.85880381071944,-20.746985504945567,35.92209524438034,0.015492852081098839,2349.0693110470543,2228.0842534060707,5.286475794938235,0.7483529590858674,0.0058494748350999696,0.01338380671906724,0.6773011847093439,0.6652948098082189,-0.24338037101633103,0.5260706371817483,-0.0029889177554922597,0.0023610067503005983,0.8951673453398641,-0.005337323050043308,-0.009355775673221434,0.8488973985219165,0.004056403423649879,0.015766764544060452,1.3504863312048212,-0.03287788471512376,0.0030999991918267966,0.7733893871502965,0.0048050501361634355,0.0071879850012511555,-0.0018071719698223186,0.02680760272761375,0.0062904109366736126,0.02091425640516917,-0.0032925327703324956,0.013081331323695735,0.22916052611127474,0.0015563642866368752,0.003212679374597252,0.002145922746780228,0.0,0.15788422497329657,0.06930494703070864,0.0034159289070774257,-0.007045215883656031,-0.010425531914893704,0.002939897966720621,-0.007521246824012836
2025-07-25,2326.544033289212,2330.0090988707066,2299.8135273748253,2302.28857421875,468200,-0.007045215883656031,-0.004068458416189635,0.00453566648326853,-0.010425531914893689,0.013129573826947915,0.003415928907077366,2313.376708984375,-0.004793051958877914,2288.8737915039064,0.005860866057199043,2328.640380859375,-0.011316391684270566,2293.920782790346,2295.8145133558573,-1.893730565511305,-8.922768610093755,7.02903804458245,14.23101670626842,51.21827062817527,65.56014408045424,72.75233403772022,-34.43985591954576,35.51305783377326,0.01542511144408068,2349.574007810226,2228.173575197587,5.303937380176496,0.6105002875702025,0.0044444754458025345,0.013525043861687885,0.7489510366461326,0.6983046499453377,-0.018860016764459364,0.18780612341383152,0.007095203120947247,0.002997878166341117,0.7633477887388606,0.004085078387300989,0.0023610067503005983,1.0088923938759415,0.0017200106801738002,-0.009355775673221434,0.9567441585178383,-0.004515187100903706,0.02207507393433894,1.384167731759715,0.003754739492574249,0.010766313237781875,-0.01079995537623028,-0.006230646754513345,0.0020772815826302295,0.01698945713093135,-0.00912249746628626,-0.012453790647662819,0.22593012903289117,-0.007514536379657327,-0.010425531914889208,0.003212679374597252,0.0,0.16609964874052555,0.06270147658582657,-0.0004299999505256169,-0.002365067707128188,-0.0019359001935901343,-0.0010071810462763341,-0.002942248802878905
2025-07-28,2301.2985902457403,2307.238702760894,2281.9932245714913,2296.843505859375,675600,-0.002365067707128188,-0.009393621178208078,-0.013395686294537912,-0.0019359001935900955,0.011062906724511901,-0.00042999995052557424,2307.139599609375,-0.004462709474857496,2287.9580322265624,0.0038835824375509365,2323.235868326823,-0.011360173466779422,2294.3704324932737,2295.8907350227846,-1.5203025295109,-7.442275393977184,5.921972864466284,13.75426515723916,50.086840892544245,60.99585394225418,68.60300417258763,-39.00414605774582,34.77965928774678,0.015142372216046415,2347.5876043885705,2228.3284600645543,5.212470799036349,0.5745055960545178,0.003661863388957112,0.013317984012890511,1.1853442603967639,1.0205885152068594,0.4429730884237506,-0.10161233451934482,0.0023706745124263406,-0.007045215883656031,0.82145971391025,0.009482698051011207,0.002997878166341117,0.837250268000793,0.006465437291378384,0.0023610067503005983,1.106566940545055,0.013577567123937762,0.015766764544060452,1.669412468572411,0.0038923289470843034,0.01457840704490067,-0.006257396654212492,-0.02797409333943858,0.00255468847037524,0.023429448626577868,-0.004919756177503428,-0.036825134921115776,0.19225981609163328,-0.002856231642613947,-0.0019359001935892544,-0.010425531914889208,0.0,0.16886409145725162,0.06047944686542572,-0.009698285935535567,-0.018103458263830308,-0.008487486398259025,-0.009197003786179813,-0.017602176114474555
2025-07-29,2274.568060790373,2277.04310764651,2248.332564115315,2255.2626953125,648100,-0.018103458263830308,-0.020425710066431457,-0.022107695275043526,-0.008487486398259064,0.012769704975781568,-0.009698285935535582,2296.942431640625,-0.018145747039614024,2285.60673828125,-0.013276143468388124,2317.6845133463544,-0.02693283649063205,2288.3538575423854,2292.8812505998008,-4.527393057415338,-6.859298926664815,2.3319058692494767,13.284594980016568,42.38658131210203,26.14103284699597,50.89901028990147,-73.85896715300403,35.76046517748343,0.01585645222252587,2346.4860916597304,2224.7273849027692,5.327194075763108,0.2507854364015327,0.01098153846249654,0.01384781001012853,1.1174889346007748,0.9772080287568454,-0.04070455891059799,-0.12124864836119331,0.0184372359957361,-0.002365067707128188,1.164905916087461,0.020851619194061533,-0.007045215883656031,0.8072956629842352,0.028094768789037827,0.002997878166341117,0.8228139478344233,0.02260749488239222,-0.009355775673221434,1.0312762409886183,-0.0055242275791067596,0.010168359539287838,-0.012579230684723549,-0.032276054814331365,-0.002607316284526335,0.0187979155281158,-0.015496141979303973,-0.040905610803159326,0.40399360300464693,-0.017050119163871825,-0.008487486398255332,-0.0019359001935892544,0.0,0.190414714558909,0.04315728470402242,0.00043898316723756103,0.007462688182891641,0.007020623080298272,-0.000921475521382466,0.006102229494271614
2025-07-30,2256.252717673441,2284.9632612506807,2254.767689557377,2272.093017578125,2146600,0.007462688182891641,-0.010775870544993627,-0.017130551331402843,0.007020623080298284,0.013391877058177765,0.0004389831672376105,2289.022314453125,-0.007395863626623145,2284.1464599609376,-0.005277000663089448,2316.293896484375,-0.019082586615765118,2285.852189855576,2291.341381487084,-5.48919163150822,-6.585277467633496,1.096085836125276,12.591622048279902,46.005004821080696,40.248931751049135,42.4619395134331,-59.751068248950865,35.36297278575633,0.015564051520846162,2344.851017794968,2223.4419021269073,5.315294697439713,0.40072044988971517,0.011090144155742143,0.013705768586221065,2.4306424455438034,2.933471447644791,2.3121431877796637,0.13263711734693873,-0.007407408999723697,-0.018103458263830308,0.7338579003805734,0.010893254848615808,-0.002365067707128188,0.7649967558974161,0.013289753723110254,-0.007045215883656031,0.5301531691994823,0.017429121796559865,0.0023610067503005983,0.714155497253553,0.005349488665639011,0.012189616714481618,0.00211319951725263,-0.029320168045884464,0.0033675253234254268,0.010919374721778369,0.004095162859466215,-0.028049926053181212,0.501604574006925,0.0057735220775772976,0.0070206230802951726,-0.008487486398255332,0.0,0.18159682588940573,0.05024501004420478,0.003050135527428388,0.006535974399808797,0.0034752389226759828,-0.000549297233187594,0.002936541639192815
2025-07-31,2279.023209212662,2289.9134156858763,2277.0431716720777,2286.943359375,758600,0.006535974399808797,0.014047438521617606,-0.013663458558801689,0.0034752389226760405,0.005652173913043427,0.003050135527428425,2282.68623046875,0.0018649645529134062,2283.3049438476564,0.0015934864662496828,2313.634562174479,-0.011536481705815116,2286.0200620893334,2291.0156020713744,-4.995539982041009,-6.267329970514999,1.2717899884739898,11.78475498771655,49.045914114177315,52.69712599560347,39.695696864549525,-47.30287400439653,34.10993173732739,0.01491507500502085,2343.360998558595,2223.248889136718,5.260449759263121,0.5302918293988506,0.00837413583260751,0.013471302599701654,0.8075186737362695,1.0208571916872673,-0.6466039317991241,0.16495288330468805,-0.006493532835866511,0.007462688182891641,2.2850244991329767,-0.013852841581587838,-0.018103458263830308,0.6898930298556238,0.004328986305142335,-0.002365067707128188,0.7191663801426623,0.013852734826593549,0.002997878166341117,0.5079724638899918,0.002063168164352101,0.00936855227836117,0.004472806235456696,-0.02303201083716286,0.007175837197541762,0.011713524462940475,-0.0006398627977329645,-0.025376983021742162,0.6695812704969709,0.0017311682121993613,0.0034752389226745156,0.0070206230802951726,0.0,0.17392408810225385,0.056412275257095544,-4.599818448358661e-08,-0.03549787986318387,-0.03549783549783536,-0.004026419777291492,-0.039524253642290876
2025-08-01,2286.9432541797573,2286.9432541797573,2205.76171875,2205.76171875,1833400,-0.03549787986318387,-0.029193918697408394,-0.04192647982953446,-0.035497835497835376,0.03680430879712733,-4.5998184535965734e-08,2263.380859375,-0.025457112260764303,2278.8251098632813,-0.03206186854709214,2309.5080729166666,-0.04492140788951693,2273.6726246525127,2284.7004996031246,-11.027874950611931,-7.219438966534386,-3.808435984077545,12.83406155904089,36.83355316014192,0.0,30.98201924888421,-100.0,37.472196657875436,0.01698832486724534,2347.3815629186456,2210.268656807917,6.016824438052408,-0.032870268640337846,0.016246282765462448,0.015944024264410075,1.5121311118460719,2.282915118491438,1.416820458739784,-0.04010507880910685,0.03680435648777536,0.006535974399808797,0.6256696091668104,0.030071833355002964,0.007462688182891641,1.7704486989684616,0.022441669986697166,-0.018103458263830308,0.5345326571328892,0.04376123433786305,-0.007045215883656031,0.38615675060888555,0.006995508183583151,0.01260909270146428,-0.04249338804676702,-0.054535572530998735,0.006013271213692384,0.01586822149548115,-0.04151115107687625,-0.05779470132501561,0.3132937628665305,-0.03738180022885854,-0.03549783549781985,0.0034752389226745156,0.0,0.21712960873088807,0.02168413625774101,0.13464994975144307,0.15821368486297427,0.020767405063291333,0.1353952295156069,0.1589589646271381
2025-08-04,2502.767423343344,2569.593689591634,2453.266485381648,2554.743408203125,5938400,0.15821368486297427,0.11709955462181276,0.11228449029541321,0.020767405063291253,0.047417271993543314,0.13464994975144298,2314.96083984375,0.1035795354423601,2291.9923583984373,0.11463871109377255,2311.189794921875,0.10538018721581333,2316.914283660299,2304.7036780179396,12.210605642359496,-3.3334300447556098,15.544035687115105,14.736407804064603,70.65746849594078,95.91836820877603,49.5384980681265,-4.081631791223969,60.783609099572466,0.023792451681987403,2430.560194773856,2153.4245220230187,12.091474552056965,1.4480953758014317,0.05381491342835126,0.027824242536434434,2.62178584657714,5.502895358437868,2.2390094905639795,1.1349948264173833,-0.1366014639017874,-0.03549787986318387,0.8094406188728493,-0.10482463638779949,0.006535974399808797,0.3349196320917113,-0.11063748700488518,0.007462688182891641,0.947717482531067,-0.10094943449762828,-0.002365067707128188,0.2982753802282628,-0.0007736163012568421,0.007892988422934519,0.1589873011642311,0.10439150187247868,-0.0023788528611127383,0.010903551302715543,0.16059253772408702,0.10138093899269766,-2.020776588336186,0.1534065546941411,0.020767405063282954,-0.03549783549781985,1.0,0.050867922420515514,0.1553235154028922,0.00755668013550026,0.011431898136021301,0.0038461538461538325,0.019936709728285665,0.023811927728806706
2025-08-05,2574.048786967194,2601.7693123653016,2547.3182803333034,2583.948974609375,2642500,0.011431898136021301,0.17145426572807376,0.14574190402742881,0.003846153846153727,0.021375825884181854,0.007556680135500262,2380.698095703125,0.08537448711871876,2305.6298706054686,0.12071282886775658,2313.9288981119794,0.11669333345402211,2357.996543806311,2325.3885148024906,32.60802900382032,3.854861764959576,28.753167238860744,16.7626343265594,72.00833916923173,95.50000099916315,63.80612306931306,-4.4999990008368504,60.33128216617431,0.023348480468841866,2493.861309332437,2117.3984318785,16.32798404693968,1.2393002621831175,0.06780603492652819,0.0373694262567303,0.9919662930416708,2.2257017382793745,-0.5550148188064126,1.9471688217376393,-0.011302686970300457,0.15821368486297427,2.2292119714659067,-0.14636018728558697,-0.03549787986318387,0.6882387896547206,-0.11494252330588672,0.006535974399808797,0.28477034244140453,-0.12720308432074845,-0.018103458263830308,0.24328982195659674,0.005307403092908924,0.018798444063207194,0.006124495043112377,0.12694345996422163,0.006126372239386715,0.019940095839136175,0.005305525896634586,0.12580180818829265,-1.9211701348629786,0.023201701517384685,0.003846153846152233,0.020767405063282954,0.0,0.038990291246673095,0.16487062929914026,0.013793109668194692,0.003065140253716736,-0.01058201058201047,0.02761626918878988,0.016888299774311923
2025-08-06,2619.5896661931815,2621.5697037337663,2567.118671367695,2591.869140625,1842900,0.003065140253716736,0.014532078760891132,0.1407407709864501,-0.010582010582010472,0.02121095256459704,0.013793109668194768,2444.6533203125,0.06021950805385412,2320.7771606445312,0.11681086171326482,2316.7429402669272,0.11875560105311256,2393.9769433168785,2345.127820418973,48.849122897905545,12.853713991548771,35.99540890635677,18.799742549232672,72.37970154046775,92.8571446000668,94.75850460266867,-7.1428553999331905,59.91126432330983,0.02311508068993012,2546.2634689857664,2095.290852303296,19.431965478203225,1.1011273632858833,0.07091603497122054,0.04462881003973647,0.7079469921376358,1.491102658643565,-0.3025922421948912,1.3160376694491758,-0.003055773878580914,0.011431898136021301,1.0151120118963062,-0.01432392239289837,0.15821368486297427,2.281226554946083,-0.14896871752666707,-0.03549787986318387,0.7042975828233444,-0.12337664661983716,0.007462688182891641,0.8246128456902972,0.006101627788470067,0.01954503899832177,-0.003036487534753331,0.12119573198812833,0.0071951771838161946,0.023579771791953537,-0.0041300369300994585,0.11716099919449657,-1.7770200690586428,0.01585111450979096,-0.010582010582006434,0.003846153846152233,0.0,0.03581537185498316,0.1674225958150415,0.0007638550821413848,-0.013369069588865967,-0.014122137404580126,0.008839946912224362,-0.00529297775878299
2025-08-07,2593.8489530403117,2603.749139883977,2538.9029160579694,2557.21826171875,1692500,-0.013369069588865967,-0.010344907408500914,0.1181817211326186,-0.01412213740458017,0.025541041138623453,0.0007638550821413342,2498.70830078125,0.023416082989031972,2332.929638671875,0.09614032902143799,2320.267443847656,0.10212220082572054,2419.090992301782,2360.8382234782157,58.252768823566385,21.933524957952294,36.31924386561409,20.115405341026932,68.12157500728786,84.52375992309798,90.96030184077598,-15.476240076902013,60.26376143064539,0.023566139164874225,2580.771299553688,2085.0879777900623,21.24724696137067,0.9524836991667641,0.06435295397172322,0.04971812195619247,0.6066436530378241,1.3255421996246972,-0.08161050518205004,0.8773163751987281,0.013550223468976386,0.003065140253716736,0.6605516030625738,0.01045304317185991,0.011431898136021301,0.9471526458803251,-0.000967791272912577,0.15821368486297427,2.1285037927325345,-0.1056909792920796,0.006535974399808797,0.27190539154770654,0.0033931084094140957,0.02091599045749853,-0.016762177998280062,0.09726573067512007,0.004544738672738344,0.020930836738351583,-0.01791380826160431,0.09725088439426702,-2.146340133229934,-0.0036145145805255158,-0.014122137404574726,-0.010582010582006434,0.0,0.04985090161662413,0.1561409859327894,0.006581550947906578,0.01296947232892176,0.006346153846153557,0.010376771177868931,0.016764692558884114
2025-08-08,2574.048723993169,2598.7991924931025,2570.088649033179,2590.384033203125,1071400,0.01296947232892176,-0.0005729870380404289,0.17437165183512637,0.006346153846153592,0.011171032357472889,0.00658155094790656,2575.632763671875,0.005727240986488358,2350.1064697265624,0.10224113952735814,2323.8719075520835,0.1146845162953345,2445.4437678250656,2377.841616791172,67.60215103389373,31.067250173140582,36.534900860753154,21.337092219121605,69.94417340358811,92.49998276683915,89.96029576333466,-7.500017233160848,58.92927352662447,0.02274924210899071,2618.471590178214,2081.741349274911,22.83854998985437,0.9476691364961696,0.007028313601750846,0.0531459429391144,0.40621169490824977,0.829445709782257,-0.36697193500738556,1.625897729346005,-0.012803418744189554,-0.013369069588865967,0.641696185955024,0.0005733155400275969,0.003065140253716736,0.6987189962165518,-0.002484210260820019,0.011431898136021301,1.0018801603463225,-0.1484808080670471,-0.03549787986318387,0.6951171564726387,0.0021364829413381544,0.016303533922159632,0.010832989387583605,0.15806811791296674,0.0017682287029927037,0.016301836514202306,0.011201243625929056,0.15806981532092407,-2.582149065134558,0.017535302421298464,0.006346153846151126,-0.014122137404574726,0.0,0.03640922090466684,0.16694526625062509,0.00764380899801953,0.007834903974123897,0.0001896453631708983,0.018788705052818384,0.01897980002892275
2025-08-12,2610.1844339844492,2625.529724607153,2576.0287871145597,2610.679443359375,1522600,0.007834903974123897,0.020905990873337776,0.021894971908585026,0.00018964536317080295,0.019215987701767915,0.007643808998019559,2586.819970703125,0.009223476285733057,2368.7188232421877,0.10214830808196185,2326.950545247396,0.12193164082938934,2470.8646409841904,2395.0888632036313,75.77577778055911,40.00895569462429,35.76682208593482,22.729248759690506,71.03549475939724,96.46226462222761,91.16200243738825,-3.5377353777723894,58.25582095276512,0.02231442895102444,2654.585213720661,2082.852432763714,24.136793921972842,0.9232057845488618,0.007397708450132346,0.05617172360351512,0.8678844561130108,1.1390474224058542,0.42113123016613785,0.45012742845205755,-0.007773995466531236,0.01296947232892176,0.610699728280231,-0.020477880491069245,-0.013369069588865967,0.9647277301794764,-0.007205136878529639,0.003065140253716736,1.050455972790403,-0.021425853449572152,0.15821368486297427,3.3848975792601492,0.0023918683782880243,0.01938626486290045,0.0054430355958358725,0.0025087070456845766,0.004316131940360338,0.023159135898395498,0.0035187720337635587,-0.0012641639898104719,-2.537021257029425,0.018785022454961733,0.00018964536317073028,0.006346153846151126,0.0,0.028352180320279717,0.17342142997384605,-0.002654558810567642,-0.010428544188660127,-0.0077946768060837,0.0019156114271487593,-0.005858373950943726
2025-08-13,2603.7492412414376,2605.729278687249,2560.188417433596,2583.453857421875,753600,-0.010428544188660127,-0.0026753468568444516,-0.0001916126024024134,-0.007794676806083686,0.01778808971384397,-0.0026545588105676087,2586.720947265625,-0.0012630236934534356,2386.291650390625,0.08262284578580026,2329.8199747721355,0.10886415491112644,2488.18605889768,2409.0418257383158,79.14423315936438,47.83601118757231,31.308221971792065,23.666066322642244,67.49503323548151,89.97639967835076,92.97954902247251,-10.023600321649235,57.701192736551825,0.022334903551988215,2679.4947352600616,2093.0885655211882,24.573952209189574,0.8362212357333253,0.0074832786849497014,0.05822051301135129,0.5474353135004261,0.5670851327525527,-0.5050571391041639,0.1362628336755647,0.010538444825819004,0.007834903974123897,1.1060576012947834,0.0026825235373715284,0.01296947232892176,0.7782937830206429,-0.010155240678576094,-0.013369069588865967,1.2294775319791282,0.00019164932444115657,0.011431898136021301,1.9195830890722874,-0.0024665350165705407,0.011574610137750569,-0.007962009172089586,-0.011766222740152982,0.0018013921740125947,0.018360981222392773,-0.012229936362672722,-0.018552593824795186,-2.4885027769148316,-0.0059457747613171396,-0.007794676806080692,0.00018964536317073028,0.0,0.039189413034493616,0.1647105773191012,0.0005748101117695192,-0.0061314553715534625,-0.006702412868632823,-0.00026406780639015386,-0.006970333289713136
2025-08-14,2584.938852822411,2594.344030571094,2551.773226024421,2567.613525390625,565700,-0.0061314553715534625,-0.01649605740693061,-0.0093583487122062,-0.00670241286863279,0.016682832201745854,0.0005748101117694206,2581.86982421875,-0.005521695437698315,2402.899206542969,0.06854815982213447,2333.6563110351562,0.100253500589635,2500.405669127364,2420.7878775644126,79.61779156295142,54.19236726264813,25.42542430030329,24.34345398648719,65.45107059750359,86.20280764412593,90.88049064823478,-13.797192355874076,56.62045072298906,0.02205178083191201,2697.6710460204995,2108.127367065438,24.534681993725112,0.7793929012004753,0.008066608433577788,0.05889311672443738,0.5045662487368006,0.4248939642824685,-0.2493365180467091,-0.02539369959095361,0.006169282048720248,-0.010428544188660127,0.6721603766096038,0.016772741513418232,0.007834903974123897,1.3580565146308157,0.008868354830786629,0.01296947232892176,0.955616543921881,0.009446754736842866,0.003065140253716736,1.6437425133410812,-0.001332950769042675,0.004191924215728017,-0.004798504602510787,-0.013550272927934216,-0.000337101459536922,0.010833337191227643,-0.005794353912016541,-0.020191685903433843,-2.907559404305533,-0.007111597890435161,-0.006702412868630198,-0.007794676806080692,0.0,0.045600465625952234,0.15955744127794466,0.0019279077808653788,-0.0003855682424886986,-0.002309024437175289,0.010853218263720578,0.0085397422403665
2025-08-15,2572.5636474844805,2583.9488627802557,2549.79321689293,2566.62353515625,691700,-0.0003855682424886986,-0.0065146595195706425,0.00367793143756856,-0.002309024437175303,0.01339545719277825,0.0019279077808652722,2583.75087890625,-0.006628868088955797,2419.1107666015623,0.06097809599717374,2337.834826660156,0.09786350425014634,2510.593033131808,2431.5905188675115,79.00251426429668,59.154396662977845,19.848117601318833,24.924882783513816,65.31793784352763,85.96696541209266,87.38205757818979,-14.033034587907332,55.015821806155955,0.021435095974363567,2712.449851210312,2125.771681992813,24.25181092644558,0.7514372892917383,0.00708576706994407,0.05862946912676334,0.7510306720622453,0.516683336682276,0.22273289729538615,0.039497574591474516,0.0003857169623102674,-0.0061314553715534625,0.6142230030151976,0.006557378608154085,-0.010428544188660127,0.8182401539194855,0.017164928007030733,0.007834903974123897,1.6532012451669433,-0.003664453828022607,-0.013369069588865967,1.8376744433502243,-0.0005984560951978898,0.00024995115570170966,0.00021288785270919116,0.0034279802818668503,0.0030696915322309636,0.009249195080888823,-0.003455259774719662,-0.005571263643320263,-3.0878202154107326,0.009093087325809218,-0.002309024437174406,-0.006702412868630198,0.0,0.0460037714617511,0.15923326832687065,-0.0013499963849279428,-0.006750189529235118,-0.0054074932406334986,0.026951905091225647,0.021551711946918472
2025-08-18,2563.158602662318,2598.799278481493,2549.29833984375,2549.29833984375,650700,-0.006750189529235118,-0.007133155113010492,-0.015860850295842277,-0.00540749324063351,0.01941747572815538,-0.0013499963849279307,2575.533740234375,-0.010186393593596299,2431.9810180664062,0.04823940684766148,2341.8957763671874,0.08856182481237607,2516.5476957028764,2440.309616717603,76.2380789852732,62.57113312743692,13.666945857836282,25.652062556157027,62.90639559494246,81.83963911024112,84.66980405548658,-18.160360889758874,54.62190157984073,0.021426249225568145,2724.4500757261158,2139.5119604066967,24.051919442384687,0.7005636471702308,0.009048415771579745,0.058852845334665754,0.777548481766984,0.4899845707947509,-0.05927425184328461,-0.07195012569638326,0.006796064250587097,-0.0003855682424886986,0.8265410862735867,0.0071844025705483094,-0.0061314553715534625,0.6759784480337834,0.013398007225472464,-0.010428544188660127,0.9005079696628233,0.01611647123297355,0.01296947232892176,1.2802604016676604,0.0031456507737032007,0.0013192484564678688,-0.009895840302938318,-0.017180098752310146,0.009433967158717863,0.016644218394257403,-0.01618415668795298,-0.032505068690099684,-3.157498209236105,0.02303754488040876,-0.0054074932406313996,-0.002309024437174406,0.0,0.05311248029937192,0.1535193635983341,0.013203834027708972,0.019999950200757954,0.0067075507857414784,0.025762728950514437,0.03255884512356342
2025-08-19,2582.958852010161,2600.2841796875,2564.1484962461927,2600.2841796875,846500,0.019999950200757954,0.013114757217092432,-0.003981823083763381,0.006707550785741577,0.01409266409266406,0.013203834027709044,2573.4546875,0.01042547681791639,2445.5937744140624,0.06325269833884684,2346.7086669921873,0.10805581291827604,2529.430231700511,2452.1595843450027,77.27064735550812,65.51103597305116,11.759611382456953,26.346603916027842,66.7920213766952,93.98583394460886,87.26414615564755,-6.0141660553911365,54.36218288440568,0.02090624682834396,2742.7484643819116,2148.439084446213,24.301230488619822,0.7602859899168585,0.007407700357277096,0.05862326154753419,1.206457433359795,0.6399541561488141,0.30090671584447515,-0.1045959526114415,-0.01960779527215284,-0.006750189529235118,0.9273973442258933,-0.012944986857660434,-0.0003855682424886986,0.9858317857707859,-0.012564262995973241,-0.0061314553715534625,0.8062527702913598,0.003997741382297804,0.007834903974123897,2.17005562673789,0.004563177626761133,0.0032488651375027298,0.01543677257399682,-0.00723068822126611,0.004186298307601821,0.016235487397176486,0.015813651893156134,-0.020217310480939867,-3.607614396350935,0.03510250024268184,0.0067075507857389804,-0.0054074932406313996,0.0,0.032463266387517745,0.1701169826184141,-0.006091738264474289,0.023795945530292517,0.03007086764987532,-0.011755973850428455,0.018131709944338353
2025-08-20,2584.4439290515907,2667.6055034780734,2584.4439290515907,2662.160400390625,1173200,0.023795945530292517,0.04427181345663622,0.030465627532939354,0.030070867649875398,0.03217774372725525,-0.006091738264474235,2589.19599609375,0.028180332584294865,2463.389367675781,0.08069005871422785,2352.2104532877606,0.1317696495517675,2549.8502576528363,2467.715200348382,82.13505730445422,68.83584023933179,13.299217065122434,27.771491804840316,70.79090627751333,98.82100760744147,91.5488268874305,-1.1789923925585317,56.41928228026832,0.02119304391725179,2767.5784187087747,2159.2003166427876,24.696790123763286,0.8267228587614159,0.01681347898416147,0.05861618654820096,1.4934549958564645,0.868068658222753,0.38594211458948613,0.006722567587104322,-0.023242859707109487,0.019999950200757954,1.0775738612278358,-0.042394913744217666,-0.006750189529235118,0.8283252350867724,-0.03588696805095615,-0.0003855682424886986,0.8805172354533893,-0.029564913879032817,-0.010428544188660127,0.959314426250794,0.0065032551071248085,0.01241076398572232,0.01729269042316771,0.018054863547217033,-0.0018880785286513886,0.012612430132652331,0.025684024058943905,0.017853197400287023,-3.6713985974764674,0.016864056668276377,0.03007086764986376,0.0067075507857389804,0.0,0.00846586753451647,0.18940583716441528,1.8943016710792904e-08,-0.013387857844617601,-0.01338787653402751,0.006979802794855009,-0.006408073992779303
2025-08-21,2662.160450819974,2664.6354977247897,2625.0347472477356,2626.519775390625,575600,-0.013387857844617601,0.01008951094963706,0.022942023562926295,-0.01338787653402754,0.01508580049028846,1.8943016692600846e-08,2600.97724609375,0.00982035861106656,2479.1306762695312,0.05945192826294177,2357.2812662760416,0.11421569117155195,2561.6455680740346,2479.478502203363,82.16706587067165,71.50208536559977,10.664980505071881,29.09460198730905,65.87057722899559,91.10397726546455,94.6369396058383,-8.896022734535453,55.21795858003873,0.021023241133528305,2782.873673875721,2175.3876786633414,24.503992509442604,0.7426213942093692,0.01728787866726756,0.05932446103417168,0.7308825826210953,0.4267652072176406,-0.5093760654619843,0.006342336499304713,0.013569524712101488,0.023795945530292517,1.4897002187822603,-0.009988729553811582,0.019999950200757954,1.0748646737122258,-0.029400667861471108,-0.006750189529235118,0.8262426972056058,-0.022427491524299237,-0.0061314553715534625,0.718311808528064,-0.00047198719454710276,0.013522768343977315,-0.012915870650070499,0.00941925521894898,0.002326594617279433,0.014504147459508903,-0.015714452461897035,0.008437876103417391,-4.3550366363314,-0.0032554530484742387,-0.01338787653402251,0.03007086764986376,0.0,0.022150270045720948,0.17840645964002394,-0.004523182567894524,-0.006407841442245377,-0.0018932222642938923,0.009791659323984367,0.007907000449633514
2025-08-22,2614.639546928348,2626.5197720563824,2601.769303039643,2609.689453125,391200,-0.006407841442245377,-0.019709912016543374,0.016779211044726905,-0.001893222264293858,0.009512937595129353,-0.004523182567894498,2609.5904296875,3.7945968598407376e-05,2493.6839599609375,0.04651972544461214,2362.079724121094,0.104826999052682,2569.0369350049523,2489.123757827188,79.91317717776428,73.18430372803267,6.7288734497316085,29.660417826990738,63.62176000926389,72.97923128162388,87.63473871817665,-27.020768718376118,53.041709563677536,0.020324912414441444,2793.1321898398674,2194.2357300820076,24.01653414682273,0.6936987458749794,0.015766607711258825,0.05886282773185726,0.5377755721769876,0.2909737878137619,-0.32036136205698407,0.026213225230392156,0.0064491666793782265,-0.013387857844617601,0.7912669206162424,0.020106203518496457,0.023795945530292517,1.6127768437577756,-0.0036039818558617487,0.019999950200757954,1.1636682562572085,-0.01650231521538459,-0.0003855682424886986,0.9508674930337992,0.0011665413820867857,0.015183327340019283,-0.007574382824332163,0.0015958837047076214,0.00477161396395963,0.01555605997713719,-0.011179455406205007,0.0012231510675897155,-4.54937949901851,0.015300041302623014,-0.001893222264293134,-0.01338787653402251,0.0,0.028742287509008948,0.17310786595522717,-0.004742082318656471,-0.00967379679544611,-0.004955212502382289,0.013995012093007728,0.009063297616218088
2025-08-25,2597.3140909121516,2606.2242593200835,2569.5935669763635,2584.44384765625,532400,-0.00967379679544611,-0.016019650081681713,0.013786345545831358,-0.004955212502382312,0.014255442111346555,-0.004742082318656479,2616.61953125,-0.012296661096681039,2507.7917236328126,0.030565586168921577,2366.995438639323,0.09186684750893992,2571.407229258998,2496.1845052219333,75.22272403706484,73.59198778983911,1.6307362472257267,29.341093729777104,60.29644756780058,35.384627854938444,66.48927880067562,-64.61537214506156,52.1170078911746,0.02016565689303627,2796.2257006545074,2219.357746611118,23.00302487671236,0.6328763774901456,0.01148168396099435,0.057251585616444674,0.7564853271117009,0.3950548394588847,0.3609406952965235,0.03542575564736228,0.009768293279281304,-0.006407841442245377,0.5558547332195669,0.01628045731057992,-0.013387857844617601,0.8178680583874813,0.030070900090873875,0.023795945530292517,1.6669958410357768,-0.01359886686853684,-0.006750189529235118,0.9245773898414421,-0.000676162860851159,0.011067808926526826,-0.008997633934594951,0.002718536619304532,0.006245698137221399,0.012457993786757375,-0.01591949493266751,0.0013283517590739827,-4.695813243047379,0.01965483522939448,-0.004955212502380403,-0.001893222264293134,0.0,0.038791343882593636,0.16503054107922716,0.002489914653535097,-0.017046572028669882,-0.019487963316774937,-0.010710932845413395,-0.030247419527618374
2025-08-26,2590.8788922637677,2590.8788922637677,2536.4278647228784,2540.387939453125,543900,-0.017046572028669882,-0.02655546375025164,-0.02303449780691791,-0.019487963316774916,0.02146760343481656,0.002489914653535025,2604.640283203125,-0.024668413586830917,2519.9689453125,0.008102875306300383,2370.50029296875,0.07166742269014481,2566.6350308273254,2499.458833683503,67.17619714382226,72.30882966063575,-5.132632516813487,28.262730112309526,54.90345859284752,3.018864166046541,37.12757443420296,-96.98113583395346,52.28372358043993,0.020580999763238753,2791.8396732881492,2248.098217336851,21.57730780622255,0.5375527632060001,0.01798406937856735,0.0548997806863672,0.845535482486891,0.40556985584709593,0.021600300525920435,-0.05598100288303132,0.017342197039241114,-0.00967379679544611,0.82765782473988,0.027279893985706183,-0.006407841442245377,0.6081512791852762,0.03390499324879004,-0.013387857844617601,0.8948156347112602,0.023577595887282143,0.019999950200757954,1.315951068073457,-0.00468817491383131,0.0017210181080083294,-0.012358397114838573,-0.024755515914926238,-0.004400282499649497,0.0047856367654543295,-0.012646289529020385,-0.027820134572372236,-3.05370935781135,-0.030483755874863072,-0.019487963316767394,-0.004955212502380403,0.0,0.05680626805127249,0.15055033620054595,-0.004286827747466804,0.0,0.004305283757338518,-0.009636822390168165,-0.005349994642701361
2025-08-27,2529.4977339449474,2541.377958135686,2514.152444365242,2540.387939453125,411300,0.0,-0.017046572028669882,-0.04574196991271906,0.0043052837573384455,0.010828903327426483,-0.004286827747466769,2580.285791015625,-0.015462570736313741,2534.225207519531,0.002431801212577911,2374.5431599934896,0.06984281534769843,2562.597016769756,2502.4906192960675,60.1063974736885,69.8683432232463,-9.761945749557796,26.776018845675996,54.90345859284752,17.096755997931915,18.500082672972304,-82.90324400206808,50.49385145115452,0.019876433306483327,2777.474536373851,2290.975878665211,19.197135924033333,0.5126675209395639,0.015501551441206728,0.049120164225272184,0.8378812787620625,0.30942586568525077,-0.24379481522338664,-0.09764007563246446,-3.936850845320805e-13,-0.017046572028669882,1.108007847115696,0.017342197039241114,-0.00967379679544611,1.0845805806295212,0.027279893985706183,-0.006407841442245377,0.7969344912514438,0.047934592605043846,0.023795945530292517,2.3899886123113343,-0.0011598426091384503,-0.005847517934443513,0.0011598426091384503,-0.03989445197827555,-0.0017833315475671203,0.005178482469111476,0.0017833315475671203,-0.05092045238183054,-3.5702199606267064,-0.006366885887539447,0.004305283757336744,-0.019487963316767394,0.0,0.05680626805127249,0.15055033620054595,0.00038979403344230334,0.0021434964382536226,0.0017530190884300634,0.003039328458906815,0.004793030863718134
2025-08-28,2541.378167514553,2574.543796112814,2532.9630080194715,2545.833251953125,397100,0.0021434964382536226,0.0021434964382536226,-0.0307199375361642,0.0017530190884299576,0.016415868673050484,0.0003897940334423927,2564.148486328125,-0.007142813481219368,2547.912219238281,-0.000815949337052424,2378.4403849283854,0.0703792569636803,2560.017976028736,2505.701184678072,54.31679135066406,66.75803284872985,-12.441241498065793,25.971091037454837,55.47432739786425,20.64527600234327,13.586965388773914,-79.35472399765673,49.85720406845366,0.019583845104617272,2759.3482406900175,2336.4761977865446,16.596805796939655,0.4950836965459298,0.012344220835262138,0.04260467190731834,0.8724002100263412,0.31978778525014073,-0.03452467785071722,-0.04084452927470128,-0.0021389116890591087,0.0,0.9035965912461197,-0.0021389116890591087,-0.017046572028669882,1.1949092778477133,0.015166191922620476,-0.00967379679544611,1.1696446029162026,0.031693561773759926,-0.013387857844617601,1.2645519035284865,0.002778059960630552,-0.0026582467454256643,-0.0006345635223769294,-0.028061690790738534,0.0008831781418215038,0.004578076979737693,0.0012603182964321187,-0.03529801451590189,-3.476679282149324,0.005214023586371583,0.0017530190884292678,0.004305283757336744,0.0,0.05454585277188182,0.15236723401538024,-0.007972064982782467,0.0005832523713447113,0.008624068992551859,-0.0034352897279720535,0.005120027626155125
2025-08-29,2525.5377038332263,2547.318115234375,2515.1425074826775,2547.318115234375,583200,0.0005832523713447113,0.0027279990089787987,-0.023899908020066474,0.008624068992551857,0.012792757331234084,-0.007972064982782474,2551.67421875,-0.0017071550453479079,2560.93095703125,-0.0053155832883718945,2381.897705078125,0.06944899850338238,2558.064151291142,2508.783920274835,49.28023101630697,63.26247248224528,-13.982241465938309,24.827921861649198,55.63923491255875,21.612909550891953,19.78498051705572,-78.38709044910804,48.59423290297108,0.019076625181728007,2735.3051594256863,2386.5567546368134,13.618032295300855,0.4609665833307085,0.007296152536652505,0.035116178805621255,1.1815689825986009,0.4729961532565931,0.46864769579451027,0.020024641804694543,-0.000582912386705492,0.0021434964382536226,0.8045285373626618,-0.002720577277255276,0.0,0.8332978781598157,-0.002720577277255276,-0.017046572028669882,1.1019467929276046,0.0244850996491508,-0.006407841442245377,0.7925750788624359,-0.005246325997567682,-0.008966276438309474,0.005829578368912393,-0.014933631581757,0.001512258418270138,0.0016197813201097363,-0.0009290060469254267,-0.025519689340176212,-3.6977616570628697,0.006175223565994571,0.008624068992548441,0.0017530190884292678,0.0,0.053931144932366164,0.15286132965371738,-0.002720559258671873,0.023319083192485213,0.02611067809820722,-0.0022615449515259846,0.023778097499631102
2025-09-01,2540.3879853511917,2619.5894813870823,2539.397966650743,2606.71923828125,733800,0.023319083192485213,0.02391593647439949,0.008619026737687108,0.026110678098207298,0.03157894736842107,-0.002720559258671819,2556.129296875,0.019791620661395726,2580.9788330078127,0.00997311754100294,2386.524385579427,0.09226591357342007,2565.5495492896202,2516.0383882753104,49.51116101430989,60.51221018865821,-11.001049174348317,24.880267060116733,61.74343550135612,60.322547136675354,34.19357756330353,-39.677452863324646,50.85118160535452,0.01950773250089792,2644.1371175928,2517.820548422825,4.894134254590871,0.7037769505819962,0.010915717248585649,0.012429231308725697,1.3745150891336884,0.6229143870473196,0.2582304526748971,0.10395577524781108,-0.02278769503654665,0.0005832523713447113,1.0924191877661038,-0.023357324193167384,0.0021434964382536226,0.7438265765807954,-0.025446276628101838,0.0,0.770425260507885,-0.008545373931670097,-0.00967379679544611,0.9972633325903184,0.006061677601247549,-0.00242264977503546,0.017257405591237663,0.011041676512722568,0.0001530047690486295,-0.004258414455747473,0.023166078423436584,0.01287744119343458,-3.3295007277045583,0.023828512682374892,0.02611067809819702,0.008624068992548441,0.0,0.029914483412533308,0.17216566732690908,0.00455757477594676,0.011773678337664295,0.007183364839319584,0.012822681383989386,0.02003878494570692
2025-09-02,2618.599556129616,2654.735239985469,2608.2043594039596,2637.409912109375,711100,0.011773678337664295,0.03536731291478712,0.038191793918347816,0.007183364839319507,0.017840197380907228,0.004557574775946788,2575.53369140625,0.024024620958585263,2585.112158203125,0.02023036166507408,2391.532149251302,0.10281181582022425,2576.604989723429,2525.028871522278,51.57611820115062,58.7249917911567,-7.148873590006076,25.37106649456378,64.46420794086183,80.32258754353272,54.08601474370001,-19.677412456467284,50.64866875527341,0.019203942672205206,2651.5942252423974,2518.6300911638527,5.143457070387468,0.8933222614404914,0.01665140450317221,0.012931088427128175,1.2534791935850633,0.7757629444736572,-0.030934859634777823,0.19336300982323618,-0.011636671906100182,0.023319083192485213,1.2934932249370263,-0.03415919401163969,0.0005832523713447113,1.0280256865403021,-0.03472219458065706,0.0021434964382536226,0.6999811387605521,-0.03678683856147946,-0.017046572028669882,0.9587502930543045,0.005501157692218539,0.007850516783931534,0.006272520645445756,0.030341277134416283,0.0027550355360142086,0.002994904464751784,0.009018642801650087,0.03519688945359603,-0.2352190045921878,0.012421715054061661,0.007183364839316764,0.02611067809819702,0.0,0.01792970647811148,0.18179890384851735,-2.233695284292736e-08,0.00882129878732707,0.008821321321321296,-0.0010945853527681443,0.007726735771511769
2025-09-03,2637.4098531976742,2661.170302325582,2609.194319858285,2660.67529296875,737600,0.00882129878732707,0.020698836259434028,0.04734999393105266,0.00882132132132139,0.019920318725099768,-2.2336952815572312e-08,2599.591162109375,0.023497591370785553,2588.9484741210936,0.027705000529598678,2397.4004720052085,0.1098167886578525,2589.538882530401,2535.0767545923873,54.462127938013964,57.872419020528156,-3.410291082514192,25.905459777251785,66.41418953259378,95.48382381596726,78.70965283205844,-4.516176184032749,50.74347687756081,0.019071653354935606,2663.128544398975,2514.768403843212,5.730517313834482,0.9834642147072992,0.019560818700367733,0.01430222366148139,1.1660535505666647,0.8979779669126285,0.03726620728448893,0.20972640345874827,-0.008744163905249458,0.011773678337664295,1.1241603576572061,-0.020279082844519625,0.023319083192485213,1.1600462247909689,-0.042604664325217145,0.0005832523713447113,0.9219664190489139,-0.04520933232042934,0.0,0.650213971458879,0.0022595700507708582,0.011387778540660462,0.006561728736556211,0.035962215390392197,-0.004653378317423823,-7.557712499846607e-05,0.013474677104750893,0.04742557105605112,-0.5510749828318425,0.006256938410942669,0.008821321321318045,0.007183364839316764,0.0,0.009028762281027032,0.18895338834041314,4.887102966755208e-08,0.0014884210367911432,0.0014883720930232158,0.002491948389420375,0.003980320555181851
2025-09-04,2660.675422998691,2672.555648143243,2628.9948226132183,2664.635498046875,638200,0.0014884210367911432,0.010322849630805209,0.04666536820610956,0.0014883720930232492,0.016569384296742536,4.8871029570240825e-08,2623.351611328125,0.015737077157123247,2592.5867919921875,0.02779027736938211,2403.791296386719,0.10851366424828068,2601.092207994474,2544.6736985519788,56.41850944249518,57.58163710492156,-1.1631276624263833,26.544725773490278,66.74866616050167,95.00000637141905,90.26880591030634,-4.9999936285809525,50.23043035273681,0.018850769791791736,2673.788592823757,2511.384991160618,6.264152936548182,0.9436398289006699,0.018146905208641036,0.01563277413825543,0.9374527197439412,0.8384504825491417,-0.1347613882863341,0.21992285675520273,-0.0014862089325261563,0.00882129878732707,1.0834614949594656,-0.010217377182900056,0.011773678337664295,1.0445356142430533,-0.02173515282261107,0.023319083192485213,1.0778796705548481,-0.04458480200454629,0.0021434964382536226,0.5833006502825432,0.0038720308738804973,0.012175968751337933,-0.002383609837089354,0.03448939945477163,0.004521888301997365,0.0033249337756837624,-0.003033467265206222,0.043340434430425796,-0.6351456997370978,0.004360478946496257,0.0014883720930226898,0.008821321321318045,0.0,0.007529134721727845,0.19015877305905232,-0.0003715925754224081,0.016161938043567803,0.01653967664002942,0.003361196678407473,0.019894727297397684
2025-09-05,2663.645339279594,2718.5913776851007,2641.3699183043877,2707.701171875,863500,0.016161938043567803,0.01767441484893828,0.06296153420393202,0.016539676640029508,0.02923538230884558,-0.00037159257542239443,2655.42822265625,0.019685318086075432,2600.1109375,0.041379093800284705,2410.5982666015625,0.12324861814953803,2617.493587053016,2556.7498076870174,60.74377936599876,58.214065557137005,2.5297138088617572,27.673171344669292,70.22169343389787,94.67312530286868,95.05231849675165,-5.326874697131319,52.15836099759225,0.01926296798898784,2693.7451134200087,2506.4767615799915,7.202321606326353,1.0745243834201836,0.013746818588031885,0.01773951987521264,1.1718946149847795,1.199778801638424,0.35302413036665614,0.22938938664707464,-0.015904884289460686,0.0014884210367911432,0.8661298706233773,-0.017367455240516305,0.00882129878732707,1.001030072973681,-0.02595975527015948,0.011773678337664295,0.9650657333128857,-0.05923218496467442,0.0005832523713447113,0.7914869015160666,0.0005014251873390983,0.017946620167269823,0.015660512856228704,0.045014914036662204,0.005877059791753251,0.0077966391439059516,0.010284878251814553,0.05516489506002607,-0.22020197960304094,0.017456078243957306,0.016539676640023298,0.0014883720930226898,0.0,0.004021937842777373,0.2030392040660839,-0.0005484195599115838,-0.01188297196292687,-0.011340771904152058,0.0009609350290266927,-0.010373617373988593
2025-09-08,2706.216215589948,2707.206234326217,2630.479782265408,2675.525634765625,793100,-0.01188297196292687,0.004086914224002536,0.026395783433026176,-0.011340771904152063,0.02916823485133603,-0.0005484195599115937,2669.189501953125,0.0023738040355927303,2604.368017578125,0.027322412464826806,2417.032010904948,0.10694671096341368,2626.4215943934173,2565.5480171002478,60.87357729316955,58.745967904343516,2.1276093888260306,28.431765974509478,64.77785846742262,78.93466659205446,89.5359327554474,-21.06533340794555,53.94857732702079,0.020163730306297926,2703.4307288086675,2505.3053063475827,7.607428025679995,0.8591543997917606,0.0095773855897655,0.018993687801138314,1.0593013766510262,1.123687838356704,-0.08152866242038215,0.12845123759281196,0.0120258750991864,0.016161938043567803,1.1533309024563878,-0.004070279341838567,0.0014884210367911432,0.8524097069457633,-0.005550438988475737,0.00882129878732707,0.9851729862789017,-0.025716964020558453,0.023319083192485213,0.9800975289200896,0.004066544521727104,0.015894284811335105,-0.015949516484653974,0.010501498621691072,0.006854409718110603,0.014872376424530471,-0.018737381681037474,0.011523407008495705,-0.4411684260788637,-0.008859022815888348,-0.011340771904147872,0.016539676640023298,0.0,0.016096180264493026,0.19345505307493652,0.0007400410651305922,-0.004255333515893356,-0.004991680532445919,-0.000540927153433849,-0.005536301734457797
2025-09-09,2677.505633606161,2684.43576466005,2652.755165556557,2664.140380859375,762100,-0.004255333515893356,-0.016087739469958007,0.010135121062247565,-0.004991680532445921,0.011942526590781825,0.0007400410651305913,2674.535595703125,-0.0038867363969457003,2607.041064453125,0.021901962797508112,2423.170031738281,0.09944425936430568,2632.224484618949,2572.8511551564793,59.37332946246988,58.871440215968796,0.5018892465010865,29.136175273646792,62.91912164776246,73.36564227688794,82.32447805727037,-26.634357723112068,52.35800745391167,0.01965287108369373,2709.468698914381,2504.6134299918685,7.857769166573705,0.7787300356323676,0.00726658777987668,0.01972278494923045,1.0042153060807668,1.1412509584052137,-0.039087126465767286,0.039078476847673294,0.004273518763141526,-0.01188297196292687,1.0450638489078286,0.016350786665587425,0.016161938043567803,1.137829571973156,0.00018584500653839875,0.0014884210367911432,0.8409529042655103,-0.01003343102451959,0.011773678337664295,0.9370128646556006,-0.003409826688548411,0.0069186930075306385,-0.0008455068273449449,0.0032164280547169266,-0.0029035809066160463,0.009064071932650077,-0.0013517526092773095,0.0010710491295974883,-0.35993579245784174,-0.005300436210481661,-0.004991680532444056,-0.011340771904147872,0.0,0.020438486356391235,0.19000826811063248,0.0033444539701736886,-0.002229681885216106,-0.005555555555555536,0.0041283680406776135,-0.0014457678147121811
2025-09-10,2673.05047573324,2683.4456720277585,2650.280045754772,2658.2001953125,538400,-0.002229681885216106,-0.006475527361053612,-0.0009302516781325432,-0.005555555555555506,0.0125140082181547,0.0033444539701736557,2674.040576171875,-0.005923762339854144,2610.7783813476562,0.018163860365408402,2429.0215576171877,0.0943501867966281,2636.2207478025725,2579.1733062791477,57.04744152342482,58.50664047746,-1.4591989540351804,29.716746596307438,61.92080144887641,70.46003841249036,74.25344909381091,-29.539961587509644,50.98712308384559,0.01918106964770286,2714.930818755517,2506.6259439397954,7.97865021037124,0.7276558050155849,0.007459253016260748,0.020099717524241417,0.7487542781488636,0.81946253972506,-0.2935310326728776,-0.032444610105572425,0.002234664475740944,-0.004255333515893356,1.0598544490662127,0.006517733119826952,-0.01188297196292687,1.1029662295688405,0.01862198966382289,0.016161938043567803,1.2008716923877112,0.0009311178517004137,0.00882129878732707,1.0257822354431683,0.0005926194618406444,0.005627080792766975,-0.0028223013470567502,-0.006557332470899518,0.00217792752743739,0.01605416748751442,-0.004407609412653496,-0.016984419165646962,-0.36835426141957833,-0.001427432999421538,-0.005555555555553428,-0.004991680532444056,0.0,0.022718823991914716,0.18819820836143064,-0.004283031140984606,0.005586615268128536,0.009912100243127053,-0.00505227499232426,0.004817371416788882
2025-09-11,2646.815041097005,2673.050537109375,2636.419844563802,2673.050537109375,631600,0.005586615268128536,0.003344477008049296,0.0031580450942232385,0.009912100243127,0.013894104393541096,-0.004283031140984614,2675.723583984375,-0.0009989996320990402,2616.0502319335938,0.021788689100449288,2435.780879720052,0.09741009930889,2641.886869234388,2586.1271752295347,55.75969400485337,57.957251182938684,-2.1975571780853116,29.834668244922277,63.48081856566232,77.72398836356969,73.849889684316,-22.276011636430304,49.96166375968325,0.01869087885397516,2721.5939854308076,2510.50647843638,8.068939365831948,0.770031637529766,0.007174105015847049,0.020255061545340708,0.8799831694162658,0.9565189736351507,0.1731054977711739,-0.031697525633420875,-0.0055555783894488675,-0.002229681885216106,0.7501313147778934,-0.003333328767001986,-0.004255333515893356,1.061803631114845,0.0009259449534857467,-0.01188297196292687,1.1049946986447758,-0.0031481032425959565,0.0014884210367911432,0.8891786870194123,-8.34407110773226e-05,0.001691024379831508,0.005670055979205859,0.0014670207143917305,-0.0020883261900516963,0.009412644597299846,0.007674941458180233,-0.006254599503076608,-0.4668620908072819,0.004611654936753396,0.009912100243123254,-0.005555555555553428,0.0,0.01703702939524531,0.19270823685127003,0.012962966076883742,-0.00962962658516009,-0.022303473491773307,0.012662598988950505,-0.009929993673093326
2025-09-12,2707.7012005437196,2708.6912192642108,2642.854974351539,2647.31005859375,659900,-0.00962962658516009,-0.004096808335938618,-0.022303463140074253,-0.022303473491773286,0.024911032028469695,0.012962966076883688,2663.645361328125,-0.00613268679552148,2620.0845581054687,0.010391077037207319,2441.9155517578124,0.08411204338618528,2642.7212060589054,2590.659240663921,52.06196539498433,56.778194025347815,-4.716228630363489,30.46534531731706,58.97113662623257,65.13319751095247,71.10574142900418,-34.86680248904753,51.09556241346814,0.01930093615123828,2723.9171947537648,2516.2519214571726,7.925899668167613,0.6311028081685919,0.004333077043932776,0.02012043075483642,0.9747112718807837,1.0017898321140513,0.04480683977200761,-0.10746463679596452,0.009723257927818585,0.005586615268128536,0.9329105005605439,0.004113661217126419,-0.002229681885216106,0.7952485964246309,0.006357518345833313,-0.004255333515893356,1.1256667075319673,0.022812255437999918,0.016161938043567803,1.275440495937349,-0.003101302312400513,-0.0020623868715154074,-0.0065283242727595765,-0.020241076268558846,-0.0006433743365494776,0.0029440769269167754,-0.008986252248610611,-0.02524754006699103,-0.3575400264503212,-0.009859658662467448,-0.02230347349176505,0.009912100243123254,0.0,0.02692594275458176,0.18485873081486662,-0.0014958802011612038,0.002991778764226849,0.004494382022472099,0.0006767837068206721,0.0051644426722087244
2025-09-16,2643.3499998907646,2656.7152526992013,2628.499718992502,2655.230224609375,562700,0.002991778764226849,-0.006666657533258125,-0.007585578658837244,0.004494382022471996,0.01073446327683619,-0.0014958802011612452,2659.586279296875,-0.0016378692890722801,2625.38115234375,0.011369424297865027,2448.0681030273436,0.08462269547353074,2644.6456704512852,2595.4422765117324,49.203393939552825,55.26323400818882,-6.059840068635992,30.614365513838596,59.914742052057356,69.00729619020618,70.62149402157611,-30.99270380979383,49.46127464869893,0.01862786668751363,2724.949754959628,2525.8125497278716,7.585077886842498,0.6498919914582849,0.003639884442065149,0.0192366051509244,0.8918425019138081,0.8599754554721613,-0.147295044703743,-0.040423174335162515,-0.002982854723185935,-0.00962962658516009,1.0458981109168686,0.0067114001391781475,0.005586615268128536,1.0010444716700928,0.0011185360405276956,-0.002229681885216106,0.853328599663043,0.007643559480130735,-0.01188297196292687,1.2570113528840257,0.006947485583714447,0.0008775150125343122,-0.003955706819487598,-0.008463093671371557,0.006076701200568265,0.002047447286953045,-0.0030849224363414156,-0.00963302594579029,-0.13062999535642192,0.003785578213839445,0.004494382022470296,-0.02230347349176505,0.0,0.023862771856260886,0.18729017879941226,-0.006338573959019489,-0.007270714133541856,-0.0009380863039398779,-0.007077393869215592,-0.00800953404373796
2025-09-17,2638.3998514524646,2668.100412632042,2633.449757922535,2635.9248046875,492100,-0.007270714133541856,-0.004300687737460507,-0.010590874405339457,-0.0009380863039399082,0.013157894736842207,-0.006338573959019452,2653.9431640625,-0.006789278542201904,2627.16318359375,0.003335012133034443,2453.6135864257812,0.07430314996185694,2643.3039987953184,2598.44098230253,44.863016492788574,53.18319050510877,-8.320174012320194,30.927549428398375,56.50354882967597,59.36739638054962,64.5026300272361,-40.63260361945038,48.40337322447096,0.01836295676507017,2726.145334505024,2528.181032682476,7.5352876082767155,0.5442585911353032,0.005206995884434373,0.019263361363184604,0.8529468351183224,0.7730116666483402,-0.12546650079971566,-0.02727337698393062,0.007323964585991494,0.002991778764226849,0.9753163668382036,0.004319263540826013,-0.00962962658516009,1.1437911328888049,0.014084518782493172,0.005586615268128536,1.0947393234316853,0.010704241684242444,-0.004255333515893356,1.3209322963699928,0.0006818516331437292,0.0050971304959230804,-0.007952565766685585,-0.015688004901262535,-0.0056558213003088985,-0.00040758259396790045,-0.0016148928332329572,-0.010183291811371556,-0.09422360122523193,-0.007803625984343334,-0.0009380863039395526,0.004494382022470296,0.0,0.03136150653863961,0.18133792084994338,0.01220660940023266,0.003568111435035881,-0.008534322820037077,0.012437992710199335,0.003799494745002557
2025-09-18,2668.1005091867046,2668.1005091867046,2631.469815739614,2645.330078125,334900,0.003568111435035881,-0.0037285454167468313,-0.0048416658798668966,-0.008534322820037058,0.013920240782543338,0.01220660940023255,2651.369140625,-0.0022777147129252606,2626.321667480469,0.007237655188581327,2458.916385904948,0.07581131806170416,2643.615703307577,2601.91424865975,41.70145464782718,50.88684333365245,-9.185388685825274,31.15327863964755,57.765145363033206,63.99031388711633,64.12166881929072,-36.00968611288367,47.56246752608663,0.017979785554693706,2724.3812400688857,2528.262094892052,7.467445728572092,0.5969227692043623,0.005266851055344747,0.01901596317267714,0.6245326261885981,0.5631543369105713,-0.3194472668156879,0.021369288729003122,-0.00355542528180941,-0.007270714133541856,0.9176843993652108,0.003742499495710705,0.002991778764226849,1.0493416206519084,0.0007484814406044649,-0.00962962658516009,1.2306034040664553,0.004865221657184504,-0.002229681885216106,1.0040261747982717,0.0020258624691585994,0.00675367031769681,0.0015422489658772818,-0.011595336197563706,0.002455683151120254,-0.00010403554392575901,0.001112428283915627,-0.004737630335941137,0.16551499206323636,0.003161659057768389,-0.008534322820033859,-0.0009380863039395526,0.0,0.027694577763996985,0.18424861270310267,-0.008420713728664153,-0.004491073228249376,0.003963011889035695,-0.008463240642207583,-0.004533600141792805
2025-09-19,2623.0545108192846,2650.2800247077657,2620.084454758723,2633.44970703125,628400,-0.004491073228249376,-0.00093898644295487,-0.014814845259509823,0.003963011889035649,0.011524655204987782,-0.008420713728664157,2643.448974609375,-0.0037826595766232707,2626.6681640625,0.0025818042265599583,2464.3146443684896,0.06863371243936056,2642.0517038804496,2604.25020853912,37.80149534132943,48.26977373518785,-10.46827839385842,30.978618860564954,55.57249288229441,52.48615997519794,58.61462341428797,-47.51384002480206,46.32197484201206,0.017589846017683902,2724.7770498828795,2528.559278242121,7.470215473936424,0.5345613086523359,0.0033635748744682203,0.019111356622857,1.1732614390189713,1.0520218440181743,0.8763810092564945,-0.04828502825013259,0.004511333959036801,0.003568111435035881,0.6252788923097604,0.0009398689667932114,-0.007270714133541856,0.9187809582132969,0.008270717120195226,0.002991778764226849,1.0505954992615771,0.01503762535178721,0.005586615268128536,1.1792360357803664,-0.0002713090818123316,0.0024606086076188857,-0.004219764146437044,-0.01727545386712871,0.0002569369276662363,0.002017029218732823,-0.0047480101559156124,-0.016831874478242647,0.2337639336193661,-0.00455113581515271,0.003963011889034138,-0.008534322820033859,0.0,0.0323308512125719,0.18056848576714907,0.004887292969431023,-0.009022482503770912,-0.013842124953236001,0.003869421125077962,-0.010040354348123974
2025-09-22,2646.320147269774,2658.200372397809,2609.689453125,2609.689453125,440200,-0.009022482503770912,-0.01347303510239517,-0.014210879963465262,-0.013842124953236045,0.018588770864946872,0.004887292969431103,2635.924853515625,-0.00995301529807413,2626.6681640625,-0.0064639725606731036,2469.64296875,0.056707178384099555,2637.072896071919,2604.653115545482,32.41978052643708,45.0997750934377,-12.67999456700062,30.467529695641474,51.37257299641151,1.345351785169177,39.27394188249449,-98.65464821483083,46.47832801564043,0.017809907596463885,2724.7770498828795,2528.559278242121,7.470215473936424,0.41347006545061926,0.006512996452123386,0.01928535843188759,0.8953323529830514,0.7339406711839087,-0.2994907702100573,-0.03762653774569891,0.009104628857961927,-0.004491073228249376,1.2781164257486357,0.013657036838734982,0.003568111435035881,0.6811603930350384,0.010053054983256482,-0.007270714133541856,1.0008928916468869,0.014415740318330261,-0.00962962658516009,1.3421849607758192,0.0030768064503954506,0.008069116129944235,-0.012099288954166364,-0.0222799960934095,0.0043542724003371915,0.006957195534594417,-0.013376754904108104,-0.02116807549805968,0.21582605026302662,-0.009962247917704996,-0.013842124953230813,0.003963011889034138,0.0,0.04172984047188191,0.17310786595522717,0.0053110427442431,0.0174506477887022,0.012075471698113294,0.005338298296083761,0.01747790334054286
2025-09-24,2623.5496253597476,2687.9008425855527,2621.569587906646,2655.230224609375,791900,0.0174506477887022,0.008270717120578253,0.0,0.012075471698113325,0.025302114803625285,0.005311042744243206,2635.924853515625,0.007323945926225761,2630.207482910156,0.009513599919700466,2475.624332682292,0.07254973606250315,2639.8663312315275,2608.399568068733,31.46676316279445,42.37317270730905,-10.906409544514602,30.561905667182256,57.93462779745534,42.08148341975393,31.97099839337369,-57.91851658024607,48.74497526170559,0.018358097467370597,2727.067309704531,2533.3476561157813,7.365185250496332,0.6291698660185506,0.006401289798457141,0.01871327099184567,1.4732995845589125,1.2923683519080345,0.7989550204452522,-0.02385914362225683,-0.017151345696231557,-0.009022482503770912,0.8189752205112176,-0.008202873474868255,-0.004491073228249376,1.16911410397376,-0.0037285454171220866,0.003568111435035881,0.6230686082444498,-3.765876499528531e-13,0.002991778764226849,1.0468817732432125,7.601928075074776e-05,0.005639990883680648,0.01737462850795145,-0.005639990883680648,-0.00012628481041767264,0.0009256256784816233,0.017576932599119872,-0.0009256256784816233,0.3840009022028569,0.017499141269837103,0.012075471698108723,-0.013842124953230813,0.0,0.023862771856260886,0.18729017879941226,-0.0013049617139705427,-0.0027963860757940218,-0.0014933731566174613,-0.0016467736042846584,-0.0031381979661081376
2025-09-25,2651.7652508244823,2658.2003727697347,2629.4898287063,2647.80517578125,633100,-0.0027963860757940218,0.014605462964418114,0.00450709787799064,-0.0014933731566174936,0.010918674698795105,-0.0013049617139705518,2638.300927734375,0.003602412426103818,2635.5783447265626,0.0046391453618319645,2481.1684407552084,0.06716058945770498,2641.0876919314846,2611.318501973364,29.769189958120478,39.85237615747134,-10.083186199350862,30.649540497898695,56.59368530926674,35.00004504990609,26.142293418276406,-64.99995495009391,47.31394446182909,0.01786911850410254,2723.412660922135,2547.7440285309904,6.665278334170326,0.5696016749732707,0.006725549531478111,0.01701713324890607,1.1191424445069038,1.0257432223340155,-0.20053036999621165,-0.032491607229651054,0.0028042277789306347,0.0174506477887022,1.399856107731823,-0.01439521419697709,-0.009022482503770912,0.7781495878564825,-0.005421648421228276,-0.004491073228249376,1.1108341685802217,-0.00448687509315715,-0.007270714133541856,0.8698941667064404,0.0018021061732381141,0.006725958978830746,-0.004598492249032136,-0.002218861100840106,0.0008901330396706883,0.007278066991592938,-0.00368651911546471,-0.0027709691136022976,-0.005647045725890069,-0.0027913594538168758,-0.0014933731566169305,0.012075471698108723,0.0,0.026733916283299852,0.18501115534228485,0.005234583075359733,0.014208222649028546,0.008926910916868147,0.005250017617570772,0.014223657191239584
2025-09-26,2661.6653319412444,2690.375874855991,2648.3000792050693,2685.42578125,657400,0.014208222649028546,0.01137210489725704,0.015157164490194663,0.00892691091686808,0.015887850467289643,0.005234583075359721,2646.320068359375,0.014777393466941513,2642.8302368164063,0.016117397114348453,2487.554060872396,0.07954469150597276,2647.9089364420256,2616.8079300679296,31.10100637409596,38.10210220079627,-7.001095826700308,31.296684383470485,61.46094125494602,69.54544506989193,48.87565784651732,-30.454554930108067,46.97514121989421,0.01749262316160938,2721.501820506962,2564.158653125851,5.9535858637159,0.7707174715151135,0.010397187929636988,0.015028406734287857,1.0431592460183339,1.0442943467679933,0.03838256199652501,-0.013999900159190615,-0.014009177141445561,-0.0027963860757940218,1.0046001196443675,-0.011244234285841426,0.0174506477887022,1.2565832171005757,-0.02820272623238107,-0.009022482503770912,0.6985073016386836,-0.014930855064376969,0.003568111435035881,0.5314177540181625,0.003087075104205377,0.008260870115117691,0.011121147544823169,0.006896294375076972,0.002733206522531912,0.007134627431655792,0.011475016126496634,0.008022537058538871,0.04466207708894349,0.014086151968619223,0.008926910916864726,-0.0014933731566169305,0.0,0.012350218973339341,0.1964284784350933,0.0009216940776386462,-0.02488475844001692,-0.025782688766114226,0.0011288641680387555,-0.024677588349616808
2025-09-29,2687.900922288516,2695.3260629578213,2607.7094030600188,2618.599609375,536100,-0.02488475844001692,-0.011030103979471462,-0.005639028387973588,-0.025782688766114188,0.03359908883826881,0.0009216940776385812,2643.350048828125,-0.009363284845716247,2646.4685546875,-0.010530616456457476,2492.842411295573,0.0504473116746349,2643.3998092009447,2616.9406470536387,26.45916214730596,35.773514190098204,-9.314352042792244,30.537799483345534,50.60576766564888,10.78432407371295,38.443271397836995,-89.21567592628705,49.8781068397448,0.019047626319485523,2712.5897335894438,2580.347375785556,4.996936675089394,0.2892585569759066,0.011578336892226088,0.012953278142417127,0.8763512663038769,0.842307365986557,-0.18451475509583204,-0.009200990787515129,0.025519812817021092,0.014208222649028546,1.0746377960607512,0.011153124097581957,-0.0027963860757940218,1.0349151029602397,0.013988627777311802,0.0174506477887022,1.294502085032718,0.005671007359077995,-0.004491073228249376,1.027232112936684,-0.008490644465892335,0.00012666327401429284,-0.01639411397412458,-0.005765691661987881,-0.004638612977796239,0.0025433508043828336,-0.02024614546222068,-0.008182379192356422,0.6497427557641483,-0.02187085326090025,-0.025782688766104594,0.008926910916864726,0.0,0.03818520706719585,0.17592148361936122,0.0013232671838827592,-0.003780702650733936,-0.005097224844251458,0.004228159147847337,-0.0008758106867693583
2025-09-30,2622.0647163058143,2623.5497444630573,2597.8092564041744,2608.699462890625,368200,-0.003780702650733936,-0.028571379218553905,-0.00037935173979786185,-0.0050972248442515055,0.009908536585365873,0.001323267183882806,2643.15205078125,-0.013034659841619334,2649.5376220703124,-0.015413315455683807,2497.9245076497396,0.04434679867249769,2638.0612943839724,2616.3301889674894,21.731105416482933,32.96503243537515,-11.233927018892217,29.535278888180056,49.21885599901152,9.82144093191875,30.05040335850788,-90.17855906808126,48.15399121254038,0.01845900300035477,2701.0494899384503,2598.0257542021745,3.8883665918951706,0.10360436468517745,0.011728362568447044,0.010129580287029004,0.6163983386373947,0.5884458764039916,-0.3131878380899086,-0.005194544843485582,0.003795050608244921,-0.02488475844001692,0.8974773203245717,0.029411712406812507,0.014208222649028546,1.100543910429721,0.014990501376604737,-0.0027963860757940218,1.0598636289824406,0.0003794957017693168,-0.009022482503770912,0.7369325058885963,-0.0051219926237013194,-0.008447195069662194,0.0013412899729673836,0.008067843329864332,-0.004470833938807363,-0.006069122077818359,0.0006901312880734272,0.005689770338020497,0.6843519575816516,-0.0007210786926886313,-0.005097224844249562,-0.025782688766104594,0.0,0.04212517246914504,0.17279406394421343,-0.011385204035032959,0.0034155549064769364,0.01497120921305184,0.0033294661525009647,0.01813022509401086
2025-10-01,2578.9988872395343,2619.094647290667,2574.048793406061,2617.609619140625,588900,0.0034155549064769364,-0.0003780609417456393,-0.014168490973050951,0.01497120921305175,0.017499999999999974,-0.011385204035032988,2635.6279296875,-0.006836439371776026,2650.082141113281,-0.012253402062474272,2503.295361328125,0.04566550938312153,2634.914882808073,2616.424961572907,18.489921235166094,30.07001019533334,-11.580088960167245,27.92209193107188,50.53285198683776,32.35297155181732,17.652912185816344,-67.64702844818268,47.93198140340222,0.018311355922935608,2699.9768623116806,2600.1874199148815,3.7655226171547382,0.1745896039429351,0.012032177222470408,0.009778177666093067,1.0577629454270479,0.9521869254985278,0.5994024986420423,-0.016398152320865278,-0.003403928601821815,-0.003780702650733936,0.6613488139008983,0.0003782039254958125,-0.02488475844001692,0.9629253099735784,0.025907668436293996,0.014208222649028546,1.1808004080892192,0.014372122257132691,0.0174506477887022,1.4223849150682275,-0.015077664749519538,-0.023290842936609938,0.018493219655996474,0.009122351963558987,-0.021501611889198524,-0.02726344168401756,0.02491716679567546,0.01309495071096661,0.18126168427742337,0.007312973292192532,0.014971209213045946,-0.005097224844249562,0.0,0.03857785278829698,0.17560981388923447,-0.004538647894482217,-0.01701973627574438,-0.012537993920972657,-0.004011076153161903,-0.016492164534424064
2025-10-02,2605.729210754136,2612.6593416338014,2567.1184815674296,2573.05859375,570900,-0.01701973627574438,-0.013662313213010924,-0.028229638160290893,-0.012537993920972622,0.017740069417662988,-0.004538647894482163,2620.67861328125,-0.018170873487080685,2646.8645751953127,-0.027884305883250082,2507.989697265625,0.02594464265714147,2625.3985306452923,2613.2126380304694,12.185892614822933,26.493186679231258,-14.307294064408325,26.232333223301264,44.35308051448715,4.19580229866914,15.456738260801737,-95.80419770133086,48.114778272673156,0.018699449126236774,2706.8852430841275,2586.843907306498,4.5352277144278075,-0.11483805530150393,0.015807175575706264,0.011966285198706923,1.048868181392281,0.9336654340996401,-0.030565461029037233,-0.013371186232760235,0.017314423191847617,0.0034155549064769364,1.0819381187982384,0.013851557530086378,-0.003780702650733936,0.6764639418263056,0.017699175500551112,-0.02488475844001692,0.9849329690740969,0.029049700699308456,-0.0027963860757940218,1.1631431873173115,-0.007231354202132472,-0.032640353326168235,-0.009788382073611906,0.004410715165877342,-0.002910553013028716,-0.030668798529972435,-0.014109183262715663,0.0024391603696815416,0.18155759536837213,-0.016491303269506714,-0.01253799392096781,0.014971209213045946,0.0,0.05656022924955755,0.1613359733313863,-0.004232362177098659,-0.01769908061751657,-0.013523956723338393,-0.005548416849403777,-0.01901513528982169
2025-10-03,2562.1684778783538,2584.4438993436797,2520.092681777183,2527.517822265625,520800,-0.01769908061751657,-0.034417583208827596,-0.05880183324629906,-0.013523956723338436,0.02553525829895909,-0.004232362177098685,2589.097021484375,-0.023784044672231608,2640.2067016601563,-0.04268183976831441,2511.5950154622396,0.006339719064718974,2610.3399601253436,2606.8648738997404,3.4750862256032633,21.88956658850566,-18.414480362902395,25.208477091220608,39.09051665854019,3.937008519460471,13.495260789982316,-96.06299148053952,49.27452393651771,0.019495223140436394,2719.173490601251,2561.2399127190615,5.981864139004016,-0.21352071488300908,0.015471766082405658,0.016027229417236197,1.0073871186755412,0.867102548861928,-0.08775617446137673,-0.07915595483874593,0.018017982339105787,-0.01701973627574438,1.1042959025573473,0.03564437650263841,0.0034155549064769364,1.1391134297005112,0.03211911698853931,-0.003780702650733936,0.7122118607840521,0.06247550762738685,0.014208222649028546,1.271613463550885,0.002769611428882905,-0.03300551461454894,-0.020468692046399478,-0.025796318631750123,0.007248689704415304,-0.0263077898242813,-0.024947770321931875,-0.03249404342201776,0.07682673226485888,-0.018255973760708727,-0.013523956723333157,-0.01253799392096781,0.0,0.0755973128007956,0.14622493971009612,0.006071293607717632,-0.0035252595141003207,-0.009538641230290024,0.004991843121399329,-0.004604710000418623
2025-10-06,2542.8631250633384,2553.7533311663933,2503.262375597684,2518.607666015625,786500,-0.0035252595141003207,-0.021161946279279142,-0.03818527391564108,-0.009538641230290076,0.020170061301166723,0.006071293607717534,2569.0986328125,-0.019653183475708325,2632.905310058594,-0.04341122470575354,2515.423087565104,0.0012660209987187532,2596.227299493079,2600.327302945361,-4.100003452282181,16.69165258034809,-20.79165603263027,24.6125638197816,38.13708256725669,7.989688539701601,5.374166452610408,-92.01031146029841,49.36141191024569,0.01959869040989406,2727.0351371791476,2538.77548293804,7.150263001175603,-0.10712766367129217,0.01799397560408943,0.019172332041684656,1.3869760043452115,1.2935089369708372,0.5101766513056836,-0.09614157608380414,0.0035377309333344265,-0.01769908061751657,0.9184197114596137,0.02161945604632165,-0.01701973627574438,1.0067699947624682,0.03930820764973664,0.0034155549064769364,1.0385126115179848,0.039701278094067094,-0.02488475844001692,0.9454009357018028,0.005364560041554399,-0.019258395309863778,-0.00888981955565472,-0.018926878605777304,0.014050454242891846,-0.008397273655304181,-0.017575713756992167,-0.0297880002603369,0.03130180952026285,-0.00396506415648449,-0.009538641230286325,-0.013523956723333157,0.0,0.07940248668652931,0.14320451326886016,-0.007272001339817757,-0.0003930704443305677,0.006929320926549076,-0.007280278554629455,-0.0004013476591422653
2025-10-07,2500.292347693884,2526.032835137971,2494.847244580712,2517.61767578125,467800,-0.0003930704443305677,-0.003916944283107293,-0.03491463405617823,0.00692932092654916,0.012499999999999968,-0.007272001339817782,2550.882275390625,-0.01304042916103143,2623.4011352539064,-0.040323021154512806,2518.8139038085938,-0.0004749171927844742,2584.1335112297206,2594.200663896168,-10.067152666447328,11.339891530989007,-21.407044197436335,24.2341832165066,38.02610597259713,11.358023448495132,7.761573502552406,-88.64197655150488,48.06313895646092,0.019090721922869883,2723.5933032779335,2523.2089672298794,7.638341439867522,-0.027902836912803985,0.017357280607999993,0.020415132216052335,0.7969593564357279,0.7952387671249178,-0.40521296884933244,-0.10414295874822188,0.000393225009062359,-0.0035252595141003207,1.3399070838749465,0.003932347067073572,-0.01769908061751657,0.8872518871990746,0.022021182366589453,-0.01701973627574438,0.9726038832602759,0.03617776757150981,-0.003780702650733936,0.6272775439068726,0.0005082769429561824,-0.013455351067382453,-0.0009013473872867501,-0.021459282988795778,0.0002644324701528663,-0.00362108035728383,-0.000657502914483434,-0.031293553698894395,-0.08444911294483717,-0.000370739356792346,0.006929320926546389,-0.009538641230286325,0.0,0.07982693473956728,0.14286759985548542,0.006685027747712846,-0.007078244116025312,-0.013671875,0.006675106959666895,-0.007088164904071263
2025-10-08,2534.44801980198,2552.2683574412126,2496.332297629177,2499.79736328125,577000,-0.007078244116025312,-0.007468532311796117,-0.045007572939028795,-0.013671874999999955,0.022407297243704043,0.006685027747712886,2527.31982421875,-0.01088997944571457,2614.6147216796876,-0.04391368160186615,2523.029736328125,-0.009208124943337781,2571.1587192376483,2587.2078268135815,-16.04910757593325,5.862091709604556,-21.911199285537805,23.11561463128618,35.99560813706266,2.4691479831184235,7.272286657105057,-97.53085201688158,48.62549044614483,0.01945177283581868,2725.2576251062987,2503.9718182530764,8.463419295331716,-0.018864540076875914,0.010991056448415134,0.0227052851152908,0.9869979695553035,0.9992276334064137,0.23343309106455745,-0.1674025966588205,0.007128702814376053,-0.0003930704443305677,0.8002038997538492,0.007524731008067276,-0.0035252595141003207,1.3453620503557127,0.011089082415455476,-0.01769908061751657,0.890864025206936,0.04712872234719323,0.0034155549064769364,1.0073537335721288,0.003129215795551257,0.004702957615990023,-0.01020745991157657,-0.04971053055501882,-0.00011747652165904579,0.017993758599598755,-0.006960767594366266,-0.06300133153862755,-0.02277665004334295,-0.007080919837647449,-0.01367187499999456,0.006929320926546389,0.0,0.08752470004871626,0.13675735770193942,0.0019801224489208735,0.007722696273233076,0.005731225296442766,0.00201452938108909,0.007757103205401293
2025-10-09,2504.7472681580366,2522.0725951116992,2494.8470813273725,2519.1025390625,614900,0.007722696273233076,0.0005897890277519746,-0.020969617566642285,0.005731225296442824,0.010912698412698508,0.0019801224489209507,2516.52861328125,0.0010228080724634658,2607.362829589844,-0.033850406060361715,2527.7075724283854,-0.003404283573283373,2563.1500761337793,2582.1629906838716,-19.01291455009232,0.8870904576651812,-19.9000050077575,22.112588719623485,39.74903381283826,12.098753464260202,8.641974965291256,-87.9012465357398,47.096920684586394,0.018695912514182577,2722.9718670625384,2491.7537921171493,8.867890280608218,0.11828118088004225,0.004032833915785089,0.02354258469297584,1.0362301377988914,1.0786091922973025,0.06568457538994799,-0.10285375962107757,-0.007663513288119983,-0.007078244116025312,0.9723610172547738,-0.000589441382089162,-0.0003930704443305677,0.788337060436366,-0.00019644815572250618,-0.0035252595141003207,1.3254106413706752,0.021418760788736613,-0.01701973627574438,0.9620812907292033,-0.00514461150362888,0.0066076364481589215,0.012867307776861956,-0.027577254014801204,0.001510623032919319,0.022655531029233632,0.006212073240313757,-0.04362514859587592,-0.006768492399305179,0.007732920913749606,0.005731225296440536,-0.01367187499999456,0.0,0.0791904400591659,0.14337282916171976,-0.007663506974621814,-0.004519470561076044,0.003168316831683171,-0.007758712598917714,-0.004614676185371944
2025-10-10,2499.797379184607,2524.052838903428,2487.422144634188,2507.717529296875,535600,-0.004519470561076044,0.0031683232136980877,-0.007833888566214475,0.0031683168316831226,0.014726368159204042,-0.007663506974621797,2512.5685546875,-0.0019307036946606404,2599.8386962890627,-0.03543341635950081,2532.302909342448,-0.009708704261192524,2554.621992005025,2576.6485120626126,-22.02652005758773,-3.6956316453854012,-18.33088841220233,21.366616154756546,38.32175833795139,9.761905800685385,8.109935749354674,-90.23809419931462,46.349333083490215,0.018482676992917686,2720.7020440874035,2478.975348490722,9.297757431709726,0.11890362682204172,0.0034029578956940552,0.024724311441160517,0.8981137264173882,0.9397381506318142,-0.12896405919661735,-0.1070302763726999,0.004539988906889558,0.007722696273233076,1.0310868752316131,-0.0031583166461505163,-0.007078244116025312,0.9675347650164917,0.003947871467862907,-0.0003930704443305677,0.7844241994362475,0.007895742936124828,-0.01769908061751657,0.8732965435365492,-0.006532000953217161,-0.0028627000649976662,0.0020125303921411167,-0.004971188501216809,-0.014066001508057141,0.0005566547335578792,0.009546530946981097,-0.008390543299772355,0.015196297611536125,-0.004305719415955292,0.003168316831681855,0.005731225296440536,0.0,0.08408995268588619,0.13948375130843213,-0.006711487744624822,-0.0057245158524792394,0.000993640699523013,-0.00643861629395352,-0.005451644401807937
2025-10-14,2490.887013832018,2518.6075370384156,2477.026752228819,2493.362060546875,606300,-0.0057245158524792394,-0.010218114632683628,-0.010023635602081638,0.0009936406995230567,0.016786570743405275,-0.006711487744624873,2507.51943359375,-0.005645967428287935,2590.8542724609374,-0.03762936918193449,2536.6012369791665,-0.01704610713064536,2545.1973871653095,2570.479145283669,-25.28175811835945,-8.012856939980212,-17.268901178379238,20.934292180453912,36.54011882455626,7.4829866679398975,9.781215310961834,-92.51701333206012,46.0087224924978,0.018452483584509242,2715.275048135519,2466.433496786356,9.604613968225978,0.10821570438907152,0.004467166493441716,0.025598573189910857,1.0820583201414904,1.0661513220944607,0.1320014936519791,-0.10086827058211989,0.005757474606734592,-0.004519470561076044,0.9558806469862811,0.010323602384873398,0.007722696273233076,1.0974066651080363,0.0025809740330937636,-0.007078244116025312,1.0297668657787233,0.010125126176902866,-0.0035252595141003207,1.4036596879288836,-0.00529868668727738,-0.013425301634256193,-0.0004258291652018591,0.003401666032174556,-0.01795644292094903,-0.031025976565335657,0.012231927068469789,0.02100234096325402,0.05010037865907722,-0.004824891262769587,0.0009936406995226577,0.003168316831681855,0.0,0.09033157306032615,0.13452935085756274,0.002580924229092618,-0.0007941006643518156,-0.0033663366336633693,0.0018212535100262058,-0.001553771383418228
2025-10-15,2499.7972391008407,2517.6175758548266,2473.5617433241387,2491.382080078125,537500,-0.0007941006643518156,-0.006514070674989547,-0.010420802155745812,-0.003366336633663354,0.01781068641184703,0.002580924229092596,2502.272314453125,-0.004352137979984683,2583.0578735351564,-0.035491188330414425,2540.7510660807293,-0.019430863047807168,2536.9181091518963,2564.6201034165915,-27.70199426469526,-11.950684404923223,-15.751309859772036,20.62114475894788,36.289517241297894,8.035709614343075,8.426867360989457,-91.96429038565694,45.86923035236852,0.018411158496777713,2711.816897795745,2454.298849274568,9.969503632093971,0.14400245348437177,0.00456335437054614,0.02651218626465661,0.9359855536071577,0.9554519421005011,-0.11347517730496459,-0.10860144625501988,0.0007947317609697802,-0.0057245158524792394,1.0557917044688738,0.006556782016041263,-0.004519470561076044,0.9326769535106859,0.01112653864095181,0.007722696273233076,1.0707674733265884,0.010530538816949209,-0.0003930704443305677,0.814612171120797,0.006739564005754853,-0.007377688468061074,-0.007533664670106669,-0.003043113687684738,0.01516297360217206,-0.016393814947150042,-0.015957074266523874,0.00597301279140423,0.06863382251761703,-0.001834793503402605,-0.003366336633662007,0.0009936406995226577,0.0,0.09119809419186305,0.13384153384415468,-0.005761905133658152,-0.01589502720363878,-0.010191846522781711,-0.00589186451115081,-0.016024986581131436
2025-10-16,2477.026972881019,2493.8572920412817,2443.8613439475603,2451.781494140625,508200,-0.01589502720363878,-0.016676505616328385,-0.01920790454695054,-0.010191846522781739,0.020457767875227777,-0.005761905133658126,2492.669140625,-0.016403158292843778,2572.8854370117188,-0.047069310249858276,2543.415869140625,-0.03602807394290797,2523.8201683809316,2556.261687914668,-32.44151953373648,-16.048851430685875,-16.392668103050607,21.03815094408417,31.618790149828783,3.1496069206994988,6.222767734327495,-96.8503930793005,46.163995905322295,0.01882875615776863,2709.1568587211764,2436.614015302261,10.592886861509873,0.05565172303956087,0.010396830821450724,0.02851223263896906,0.9066888373080512,0.9077658457119585,-0.05451162790697672,-0.10817931062945818,0.016151759865682624,-0.0007941006643518156,0.9589634987270317,0.01695932794362154,-0.0057245158524792394,1.0817108265640918,0.022814445450749066,-0.004519470561076044,0.9555736742664153,0.019584073562165294,-0.007078244116025312,1.0294361651451112,-0.003651573229143491,-0.013849888406517923,-0.012243453974495288,-0.005358016140432615,0.0018935179875680197,-0.014340168876822327,-0.0177885451912068,-0.004867735670128211,0.019092886532233632,-0.01593117992772216,-0.010191846522777626,-0.003366336633662007,0.0,0.10882286377558557,0.11985155029282422,0.003634072262282073,0.008277722164119039,0.0046268356467511484,0.003798869540046115,0.008442519441883081
2025-10-17,2460.691445261658,2479.99680964814,2451.781277083281,2472.07666015625,446200,0.008277722164119039,-0.007748879658502461,-0.0186677112888588,0.004626835646751083,0.011508176862507406,0.003634072262282063,2483.26396484375,-0.004505080751332491,2564.6930297851563,-0.036112068210217174,2545.8166625976564,-0.02896516608039479,2515.8596286540574,2550.0257599325632,-34.16613127850587,-19.672307400249874,-14.493823878255998,21.42537097313929,36.15414905838969,11.220387623258755,7.4685680527671146,-88.77961237674126,44.881962809574894,0.018155570793148435,2704.4754598430154,2424.9105997272973,10.90051935529833,0.1687124068791394,0.008774767849413268,0.02900673542059535,0.8470634690115632,0.8002998882593387,-0.12199921290830384,-0.11492265455889339,-0.008209764018941912,-0.01589502720363878,0.9647639062117355,0.007809393710163981,-0.0007941006643518156,1.020386854759559,0.008610331844753905,-0.0057245158524792394,1.1509963721687824,0.01902282387240306,0.007722696273233076,1.1673225618449354,-4.736288401264754e-05,-0.008537429007535343,0.008325085048131687,-0.010130282281323458,-0.00863134432218105,-0.02419515629654803,0.01690906648630009,0.00552744500768923,-0.04759387972275044,0.00786692300060351,0.004626835646749203,-0.010191846522777626,0.0,0.09971968972562922,0.12707736136620162,0.009211107887913794,0.008410146691177456,-0.0007936507936507908,0.009928586031602606,0.009127624834866267
2025-10-20,2494.847224980143,2499.7973186805,2478.016906398928,2492.8671875,387500,0.008410146691177456,0.016757485712965536,-0.005921855880250959,-0.0007936507936507984,0.008789452656811695,0.009211107887913858,2480.293896484375,0.005069274666377854,2557.0698852539062,-0.025107916731226143,2548.926973470052,-0.0219934845346752,2512.3223300149716,2545.791791604225,-33.46946158925357,-22.431738238050613,-11.037723351202956,21.025369388992704,40.507229146364175,27.27268060255969,13.880891715505987,-72.72731939744031,43.65615536062313,0.01751242728834932,2695.0481517805774,2419.091618727235,10.791904227754067,0.26734488927103645,0.007321003997837646,0.028393553259552354,0.7794569347529172,0.6917530539781602,-0.1315553563424473,-0.05598199381550506,-0.008340006017565571,0.008277722164119039,0.8975320884819398,-0.016481300554788803,-0.01589502720363878,1.0222451980424065,-0.0005957426975337077,-0.0007941006643518156,1.0811821998185625,0.005957133163905892,-0.004519470561076044,1.0773603464610644,0.0063350773661244785,0.0042928141924834,0.0020750693250529773,-0.010214670072734359,0.015075008548753556,0.00440653673863771,-0.0066648618575761,-0.010328392618888668,0.04580216089125976,0.007719678724190329,-0.0007936507936504803,0.004626835646749203,0.0,0.09054802089612332,0.13435754142492654,-0.0005957069363891065,0.004964261314312379,0.0055632823365785455,-0.0006176193420278258,0.00494234890867366
2025-10-21,2491.3821692249094,2515.142619080422,2486.4320755050107,2505.242431640625,397100,0.004964261314312379,0.013416158171356551,0.0047647998185806895,0.005563282336578524,0.0115468843320724,-0.000595706936389135,2482.669970703125,0.009092010296518849,2550.659521484375,-0.017806018193404882,2552.1527872721354,-0.018380700350872026,2511.233114880457,2542.788135310625,-31.555020430168042,-24.256394676474102,-7.2986257536939405,20.11138527235789,42.99851246913435,35.02820897742283,24.507092401080428,-64.97179102257718,42.588611661679415,0.01699979655612496,2685.7301420268673,2415.588900941883,10.591034938593987,0.3318765040786119,0.008362717271704333,0.027657908657665844,0.8721702785629726,0.7238345916741705,0.02477419354838717,0.01321114275314228,-0.00493973915870316,0.008410146691177456,0.8510853259711707,-0.013238547721564076,0.008277722164119039,0.9800110256731261,-0.02133962638736253,-0.01589502720363878,1.1161846778285134,-0.004742204165432806,-0.0057245158524792394,1.3316465371259891,-0.0009128544102750465,0.00897424930864924,0.005877115724587426,-0.0042094494900685505,0.00047841423226170827,0.023514617848921993,0.004485847082050671,-0.018749818030341304,0.05081881421151789,0.0049399488703269255,0.00556328233657629,-0.0007936507936504803,0.0,0.08516099813329175,0.1386335893746404,0.005334908080782075,0.012052947953963278,0.006682389937106903,0.004844194166903591,0.011562234040084794
2025-10-22,2518.6076697335025,2543.358138186072,2515.637613519194,2535.43798828125,350400,0.012052947953963278,0.017077043251527035,0.017683320657802648,0.006682389937106949,0.011019283746556481,0.005334908080781978,2491.48115234375,0.017642853085656274,2546.9469482421873,-0.004518727792848565,2555.766357421875,-0.007953923128608431,2514.956941557502,2542.243679975116,-27.286738417613833,-24.86246342470205,-2.4242749929117835,18.975533699479136,48.64895143596511,54.25221009073273,38.851033223571754,-45.74778990926727,42.2691184390914,0.01667132804448062,2679.379467594992,2414.5144288893825,10.399315105028396,0.45654783274840127,0.01259038856837289,0.026794758656300093,0.8385162283042301,0.6439803277242353,-0.11760261898766056,0.07963839862247091,-0.011909404521497469,0.004964261314312379,0.9502705315628134,-0.01679031432793654,0.008410146691177456,0.9272974842120125,-0.02499028902257916,0.008277722164119039,1.0677680966590968,-0.017376054317925882,-0.0007941006643518156,1.2862513490682754,0.005067645305154012,0.006863382780410425,0.0069853026488092655,0.010819937877392223,0.009656146478271522,0.01774123957359925,0.0023968014756917556,-5.79189157966023e-05,0.13951328415126238,0.010705787246533972,0.006682389937104296,0.00556328233657629,0.0,0.07223737683599846,0.14889195039966835,-4.015904853105212e-08,-0.0019524024390972228,-0.001952362358453641,-7.150227449813484e-05,-0.0020238645545468266
2025-10-23,2535.437886460473,2546.3280921422634,2514.152484446064,2530.48779296875,428400,-0.0019524024390972228,0.010077013309882421,0.03210167750112358,-0.00195236235845368,0.012797794841504364,-4.015904853057644e-08,2507.222412109375,0.009279344642899812,2540.709826660156,-0.004023298365338768,2559.569677734375,-0.011362021131753552,2517.346303313079,2541.3728735301997,-24.026570217120934,-24.695284783185826,0.6687145660648923,18.008809933107553,47.81219576215621,61.619628962571056,50.30001601024221,-38.380371037428944,41.54815338602767,0.016419029367166896,2663.558891003013,2417.8607623172993,9.670452174725185,0.45839596440524116,0.010422986873727355,0.024904384233714848,1.0658811059884903,0.8145400339581816,0.2226027397260273,0.08891494153580348,0.001956221770858857,0.012052947953963278,0.8718131175031909,-0.009976480186650982,0.004964261314312379,0.9880051054809278,-0.01486693813511697,0.008410146691177456,0.9641198145904295,-0.03110321221378276,-0.01589502720363878,1.2644275865157582,0.003063411218497517,0.01331015935542682,-0.00501581365759474,0.01879151814569676,0.0005122244514875264,0.016271184448781704,-0.0024646268905847493,0.01583049305234188,0.13812426848107334,-0.0020231530667570562,-0.00195236235845291,0.006682389937104296,0.0,0.07433491093651735,0.14722699430335062,-0.006259707445422036,0.0007825465963033906,0.007086614173228423,-0.006301974741872134,0.0007402792998532925
2025-10-24,2514.647679690554,2532.468017578125,2492.8672667168566,2532.468017578125,544200,0.0007825465963033906,-0.0011713836886770856,0.024429403179615727,0.007086614173228398,0.01588562351072271,-0.006259707445422006,2519.30068359375,0.005226582943877345,2534.94296875,-0.0009763340648624164,2563.4967529296873,-0.012104066571213323,2519.6727208923166,2540.713254570787,-21.040533678470183,-23.964334562242698,2.9238008837725147,17.01387716604902,48.196048701408856,80.63069553389559,65.5008448623998,-19.369304466104406,41.40905320568772,0.016351264031074352,2647.5421194217834,2422.343818078217,8.883762045921435,0.48900990301832137,0.007531878822712932,0.02280863771042956,1.2910388806251645,1.0435362879101662,0.27030812324929965,0.09326393963344626,-0.000781934696363118,-0.0019524024390972228,1.0163194716277482,0.0011727574372148997,0.012052947953963278,0.8312753101268976,-0.010750613926617691,0.004964261314312379,0.9420645709229196,-0.023846839132288467,0.008277722164119039,1.05854749822666,-0.003998708702901379,0.009329910814374273,0.004781255299204769,0.015099492365241454,0.00030600919675379044,0.025585249785968798,0.0004765373995496002,-0.0011558466063530705,0.13940542890251048,0.0007398872529818158,0.00708661417322558,-0.00195236235845291,0.0,0.07349485119456615,0.14789380710428995,-1.126411275365058e-08,0.0003909191458701944,0.0003909304143863146,-0.0012841751697653535,-0.0008932447597824055
2025-10-27,2532.4679890521197,2551.2783454993405,2517.6177076464196,2533.4580078125,410000,0.0003909191458701944,0.0011737716546205146,0.01628278494579849,0.00039093041438633774,0.013370035391270088,-1.1264112747951991e-08,2527.41884765625,0.002389457592613997,2527.344580078125,0.0024189134246124233,2568.133341471354,-0.013502154697300095,2521.7935342646524,2540.175828884988,-18.382294620335415,-22.847926573861244,4.465631953525829,16.09551101189229,48.400384027750704,82.6484015909044,74.96624202912368,-17.351598409095594,40.85559496620437,0.016126414900188055,2616.333637498612,2438.355522657638,7.0420992944093195,0.5343493228919598,0.004943762928498832,0.01801901713079493,0.9623938726025243,0.8053016345659031,-0.24660051451672182,0.09227547123321433,-0.00039076638820212395,0.0007825465963033906,1.2774018182202287,-0.0011723955303737377,-0.0019524024390972228,1.0055842317632229,0.000781532775220084,0.012052947953963278,0.8224946657559135,-0.016021903733281828,0.008410146691177456,0.9095795747158004,0.0051090152074160485,0.00823867370589499,-0.004718096061545854,0.0080441112399035,0.009211720919065828,0.01994368516468773,-0.008820801773195634,-0.0036609002188892417,0.12369453362586594,-0.0007485203771052864,0.00039093041438618335,0.00708661417322558,0.0,0.07307536548923502,0.14822678156331612,0.002149235226717172,-0.00859714963143643,-0.010723337882628248,0.0040061502467338,-0.006740234611419801
2025-10-28,2538.9030050082993,2541.8730611654546,2500.7872843248056,2511.677490234375,412800,-0.00859714963143643,-0.008209591275957218,0.0025686370757882493,-0.010723337882628275,0.01642913697545527,0.002149235226717143,2528.705859375,-0.006734025263747667,2521.9984741210938,-0.004092383081758744,2572.126416015625,-0.02350153764054319,2520.237219798456,2538.0648408367942,-17.827621038338293,-21.843865466756654,4.016244428418361,15.176035086209428,44.263718273233344,62.5569731157529,75.27869008018429,-37.4430268842471,40.8720365286647,0.01627280440564624,2600.6643778622397,2443.332570379948,6.238378377176511,0.43439988994037076,0.0038559992345145394,0.016066854641848725,0.9618767781788187,0.82073958020602,0.006829268292682933,0.0326429980276135,0.008671701546795196,0.0003909191458701944,0.9553524201872957,0.008277546549498194,0.0007825465963033906,1.2680555782095764,0.007489139352685026,-0.0019524024390972228,0.9982267727030182,-0.0025620560839388906,0.004964261314312379,0.9252937708692076,-0.01011936449122794,-0.0009726881414022911,0.0015222148597915115,0.0035413252171905404,-0.015012102520497523,0.003952781601026591,0.006414952889061094,-0.0013841445252383419,0.10860159720254221,-0.006966811320342089,-0.010723337882624051,0.00039093041438618335,0.0,0.08238075479640317,0.1408404584271408,-0.008277452172054667,-0.03685451287059438,-0.028815580286168485,-0.006776006039989476,-0.03535306673852919
2025-10-29,2490.8871999373337,2511.1825845155195,2415.64577418406,2419.11083984375,755700,-0.03685451287059438,-0.045134818740288685,-0.04588049440576425,-0.02881558028616849,0.03954918032786875,-0.008277452172054665,2505.4404296875,-0.03445685190586767,2512.51904296875,-0.037177112502834286,2574.329207356771,-0.060294684561083445,2504.6793151900397,2529.253433355828,-24.57411816578815,-22.389916006562956,-2.184202159225194,16.247369999783704,31.817473231963305,2.5547445028048714,49.253373069820725,-97.44525549719513,44.81201363735401,0.01852416718542334,2592.7851424020605,2432.2529435354395,6.389292822112857,-0.0818658423947004,0.020287560721662674,0.017020981235852793,1.4811228859651013,1.4467698952398456,0.8306686046511629,-0.044182753121047136,0.03826474126979873,-0.00859714963143643,0.809061171531552,0.0472682632330681,0.0003909191458701944,0.8035733535075977,0.046859025996778936,0.0007825465963033906,1.0665966316556943,0.0480867377056462,0.012052947953963278,0.6867612269977128,-0.016137444946107575,-0.021961309212594666,-0.020717067924486805,-0.023919185193169584,-0.0138252674982762,-0.01927289162615267,-0.02302924537231818,-0.026607602779611578,0.28914802257324845,-0.03285696411192161,-0.02881558028615692,-0.010723337882624051,0.0,0.12379777433454447,0.10796494085902127,0.0026600848768791874,0.008184946569057994,0.005510204081632608,0.0011369573249915743,0.006661819017170381
2025-10-30,2425.545880004313,2445.8412638982268,2412.6756365593924,2438.9111328125,650100,0.008184946569057994,-0.028971218520210895,-0.03618933093086096,0.005510204081632662,0.013746409519901475,0.0026600848768792203,2487.12509765625,-0.01938542009413413,2503.584118652344,-0.025832160125552672,2578.2150309244794,-0.05403114032074141,2494.561133285803,2522.5614110933593,-28.00027780755636,-23.51198836676164,-4.48828944079472,17.293822685781816,35.96518316373657,18.928559516448246,28.013425711668674,-81.07144048355175,43.980128901745466,0.018032690207539663,2574.28160287608,2432.886634428608,5.647701924374864,0.04260758674825207,0.022228236569706395,0.014870178618759304,1.172278613173303,1.237352397049083,-0.13973799126637554,0.030868394956792722,-0.008118497104447009,-0.03685451287059438,1.3626995046532302,0.029835591974576303,-0.00859714963143643,0.7443725757851706,0.03876601887086051,0.0003909191458701944,0.7393235369959301,0.03754817423364187,-0.0019524024390972228,0.7725029347537963,0.0009844391639567138,-0.023875723163054547,0.00720050740510128,-0.012313607767806416,0.005267639523634531,-0.01447123529660995,0.002917307045423463,-0.021718095634251013,0.46233700255547305,0.005749521901158065,0.00551020408163039,-0.02881558028615692,0.0,0.11467422535808625,0.11520692490335677,0.01887558351938301,0.0,-0.018525896414342657,0.017467836463607844,-0.001407747055775166
2025-10-31,2484.9470035962554,2504.2523687636367,2438.416123449234,2438.9111328125,743700,0.0,0.008184946569057994,-0.03694296793335072,-0.018525896414342657,0.026999593991067782,0.01887558351938302,2468.413720703125,-0.01195204338890532,2496.876745605469,-0.02321524796767227,2576.284493001302,-0.05332227887212582,2485.9995947514485,2516.365094183666,-30.365499432217348,-24.88269057985278,-5.482808852364567,16.583953590154298,35.96518316373657,18.928559516448246,13.470621178567121,-81.07144048355175,45.54128007407813,0.018672791911668478,2565.3556280749926,2428.397863135945,5.485163221616558,0.07676285956647903,0.020780010546574267,0.014403528288393629,1.251049269842765,1.3926027458823,0.14397784956160598,0.04332910477281726,-4.100053629940703e-13,0.008184946569057994,1.0935957110727197,-0.008118497104447009,-0.03685451287059438,1.2712356235312325,0.029835591974576303,-0.00859714963143643,0.6944105668832774,0.038360104025889186,0.0007825465963033906,0.9154511397719951,0.001815325114020414,-0.01832008053127594,-0.001815325114020414,-0.018622887402074784,0.0030448505051383135,-0.01193644509922809,-0.0030448505051383135,-0.025006522834122635,0.4425447424765573,-0.0013474825826760503,-0.0185258964143352,0.00551020408163039,0.0,0.11467422535808625,0.11520692490335677,0.06352745271301186,0.06778968105403727,0.00400763358778633,0.06351400745450607,0.06777623579553148
2025-11-04,2593.848944473484,2656.2201213825792,2560.683318656743,2604.244140625,1914200,0.06778968105403727,0.06778968105403727,0.027940519477415826,0.00400763358778625,0.03730910496810365,0.0635274527130118,2482.570947265625,0.04901096320825804,2500.7130615234373,0.041400623163638794,2576.6227457682294,0.010719999620093512,2504.1910633473794,2522.8746531793204,-18.683589831940935,-23.642870430270413,4.959280598329478,17.443359662230417,59.70384419824849,78.65852688254725,38.83854863848125,-21.34147311745276,57.810402109506775,0.022198534003655467,2582.860882260583,2418.5652407862917,6.5699517470509825,1.1301510993994512,0.029426593732307396,0.01618164065966259,2.1380518953960737,3.1707486756798837,1.5738873201559769,0.14195008028025113,-0.06348598629226743,0.0,0.8306703555563995,-0.06348598629226743,0.008184946569057994,0.7261245100809672,-0.07108907260044683,-0.03685451287059438,0.8440736690788908,-0.027181066363649253,0.0003909191458701944,0.4579465453517867,0.0024142957175488904,-0.020954326338423326,0.06537538533648837,0.04889484581583915,3.03816930024728e-05,-0.020953137195302934,0.0677592993610348,0.04889365667271876,0.4967051794604775,0.06777459030976216,0.0040076335877847055,-0.0185258964143352,1.0,0.043908032767087,0.17137888594009565,-0.015396302887237256,-0.01501614701962617,0.0003861003861003187,-0.011993180027437163,-0.011613024159826076
2025-11-05,2564.1484090436247,2622.064502452525,2546.328072610117,2565.138427734375,1331300,-0.01501614701962617,0.051755594217290035,0.021284953067366663,0.00038610038610032424,0.029743390357698258,-0.015396302887237211,2493.263134765625,0.028827800790660385,2503.039599609375,0.024809367032653684,2576.1772338867186,-0.004284956022487907,2513.5675809453787,2526.0053031463613,-12.437722200982535,-21.40184078441284,8.964118583430306,17.93855987988479,54.5525058476918,62.601619283504,53.39623522749983,-37.398380716496,59.09083266185687,0.02303611844996024,2589.5999572928854,2416.4792419258642,6.91641935645119,0.8587024695071805,0.03313069884982488,0.017310772037054212,1.2338264746742589,2.110006244591455,-0.30451363493887784,0.08329126703684997,0.01524506921996771,0.06778968105403727,1.7740484021794234,-0.049208765327458104,0.0,0.6892486661272789,-0.049208765327458104,0.008184946569057994,0.6025017585711228,-0.020841345996363225,-0.00859714963143643,0.3825761051194577,1.616804698882074e-05,-0.011135014134571025,-0.01503231506661499,0.03241996720193769,-0.00685139394659942,-0.01306509884516452,-0.008164753073026748,0.03435005191253118,0.6458230312086318,-0.01059135901302886,0.0003861003861001737,0.0040076335877847055,0.0,0.059822482986308545,0.1587464996988026,-0.015824012521449715,-0.003087617389374353,0.012941176470588234,-0.018461884339761245,-0.005725489207685882
2025-11-06,2524.5476451346544,2574.048579352981,2521.082579739372,2557.21826171875,839700,-0.003087617389374353,-0.018057400292341264,0.05709015874771595,0.012941176470588251,0.021009228352640814,-0.015824012521449708,2520.884619140625,0.014413052585285246,2505.01962890625,0.020837614288184314,2576.1772338867186,-0.007359343107134597,2520.2830702951283,2528.3173741517235,-8.034303856595216,-18.728333398849315,10.6940295422541,17.876369927637505,53.54484540303116,59.34957848226186,66.86990821610438,-40.65042151773814,58.653344586982044,0.022936385784894715,2594.5828740621123,2415.456383750388,7.150702064156487,0.7914065514355882,0.03007949786110962,0.017966778989489413,0.7662887695849885,1.2927590406148342,-0.369263126267558,0.08177679322770204,0.0030971802967254547,-0.01501614701962617,1.2149103714999347,0.018389466245100516,0.06778968105403727,1.7468500211260987,-0.0462639934487592,0.0,0.6786816219368298,-0.05400689645596446,-0.03685451287059438,0.6896325153928496,0.0013642481962399958,0.006569787636152803,-0.004451865585614349,0.05052037111156314,0.00408451184123127,0.004936082232047024,-0.007172129230605623,0.052154076515668925,0.6276566769170812,-0.00565128851847004,0.012941176470583125,0.0003861003861001737,0.0,0.06310494429905486,0.1561409859327894,-0.0046457259083931834,0.005420089387749183,0.010112796577207428,-0.0035920473120325913,0.006473767984109775
2025-11-07,2545.338126586867,2578.9987630333676,2538.407995553764,2571.07861328125,659900,0.005420089387749183,0.0023157368361292896,0.05419118338942397,0.010112796577207327,0.015990639625584887,-0.004645725908393184,2547.318115234375,0.009327652445042078,2508.58369140625,0.024912432496498438,2575.855476888021,-0.0018544765615267078,2528.09776921607,2531.4848733465033,-3.387104130433272,-15.660087545166107,12.272983414732835,17.89122237824751,55.10762152351481,65.04067494562977,62.33062423713188,-34.95932505437022,57.363160507883585,0.022310932155689137,2602.5946917653205,2414.57269104718,7.495145621900304,0.8323809003005159,0.02457791039999361,0.018757351628222476,0.6011326691328986,1.0095060931395197,-0.21412409193759674,0.07879729005483105,-0.005390870388753188,-0.003087617389374353,0.7649205974706699,-0.0023103865891878073,-0.01501614701962617,1.2127412068747205,0.012899460627697756,0.06778968105403727,1.743731103582656,-0.05140546064479312,0.008184946569057994,0.5922054071879034,0.007962408559924191,0.013475436892619583,-0.002542319172175008,0.040715746496804386,-0.0016787499203163771,-0.002190519680669221,0.00709883930806556,0.056381703070093186,0.6266516084167715,0.006472080725444968,0.010112796577203355,0.012941176470583125,0.0,0.05737388333510942,0.16069012050367862,0.005005739699489586,0.011166694425616575,0.006130268199233679,-0.0007514009089404387,0.0054095538171865494
2025-11-10,2583.9487635662604,2604.244146575114,2543.3579975485527,2599.7890625,670400,0.011166694425616575,0.01664730829531824,0.06596301420051298,0.0061302681992337574,0.0239392759828727,0.005005739699489501,2579.493701171875,0.007867963126987787,2512.618017578125,0.03469331363183614,2575.6739705403647,0.009362633716241131,2539.127198952059,2536.544442913429,2.582756038630123,-12.011518828406862,14.594274867036985,18.274022836102795,58.24133904459191,76.8292601971471,67.07317120834625,-23.170739802852918,57.61480254493199,0.022161337385390216,2614.6695719510763,2410.566463205174,8.123125254933667,0.9270931758829715,0.008154073915931308,0.0201367655348478,0.6189635130980398,1.0212335538592543,0.015911501742688294,0.07017486517404814,-0.011043376416135287,0.005420089387749183,0.609269126332632,-0.01637471339359231,-0.003087617389374353,0.7752739587536158,-0.013328248536168208,-0.01501614701962617,1.2291559143607107,-0.06188114720881821,0.0,0.6866395654698869,0.001783769310839121,0.013410596971489344,0.009382925114777453,0.05255241722902364,0.009187147261897849,0.0040487113966559555,0.001979547163718726,0.06191430280385703,0.6398386107192305,0.005288402885090872,0.006130268199231384,0.010112796577203355,0.0,0.04569690552925581,0.1699589354324148,7.823021497266325e-08,0.018469234282829428,0.018469154607768434,0.00042423033580506387,0.01889338638841952
2025-11-11,2599.7892658820574,2647.80517578125,2593.3541439368046,2647.80517578125,705100,0.018469234282829428,0.02984216900395764,0.016726939873538793,0.018469154607768466,0.02099637335369353,7.823021503576227e-08,2588.205908203125,0.023027251189021047,2519.6223999023437,0.05087380390126062,2576.7464925130207,0.02757690113236566,2555.8468876950114,2544.7859786814156,11.060909013595847,-7.397033260006321,18.457942273602168,19.204547647216696,62.90506995920521,96.54480141176735,79.47157885151474,-3.4551985882326517,57.38881892346866,0.021674109352291786,2637.387355871802,2401.8574439328854,9.347825767386622,1.0442314091814797,0.01396864291629069,0.02281593384664902,0.838126618811075,1.0604028056835546,0.05176014319809075,-0.007878361812023171,-0.018134307509261705,0.011166694425616575,0.7968799961011838,-0.02897741994115277,0.005420089387749183,0.784399029575136,-0.03421207681442706,-0.003087617389374353,0.9981207230402208,-0.01645175240069563,0.06778968105403727,2.2753396308724434,0.0024080929560881853,0.01344511599219067,0.016061141326741243,0.0032818238813481226,-0.000662904830193523,0.0035983224028683773,0.01913213911302295,0.013128617470670416,0.651192100701763,0.018900912671768494,0.01846915460776136,0.006130268199231384,0.0,0.026733916283299852,0.18501115534228485,0.0014955969131791313,-0.007664993762338201,-0.009146910584282186,-0.005313509564871928,-0.01447410024038926
2025-11-12,2651.765225028848,2688.890928198003,2619.0946062399917,2627.509765625,807700,-0.007664993762338201,0.010662673954918267,0.02431499883837218,-0.009146910584282226,0.02664902664902665,0.0014955969131790344,2600.68017578125,0.010316374190332711,2526.32978515625,0.04005018705879371,2577.744763183594,0.019305636132463944,2566.8719458380865,2550.9136666031627,15.958279234923793,-2.7259707610202986,18.684249995944093,20.54110222767863,59.861855169662,77.7777826097652,83.71728140622655,-22.22221739023481,58.275069140221724,0.022178821141826576,2652.3402785233225,2400.319291789178,9.975775459519328,0.9014744239355112,0.014375187207606267,0.02460200910031338,1.0965826319883893,1.1965819563085365,0.14551127499645444,0.024432633938691772,0.007724199704511658,0.018469234282829428,0.9572866334220791,-0.010550180817080812,0.011166694425616575,0.9101758034976057,-0.02147704761481839,0.005420089387749183,0.8959203650478372,-0.023737813920841955,-0.01501614701962617,1.8074538293501827,0.007170095675932853,0.02081663285667609,-0.014835089438271054,0.0034983659816960923,0.01045637143127683,0.02091022371712182,-0.01812136519361503,0.0034047751212503627,0.592669855900066,-0.013862169911750606,-0.009146910584278778,0.01846915460776136,0.0,0.03466461409645824,0.1787160187488892,7.352903397261912e-09,0.009419751205135052,0.009419743782969281,-0.0006636719113655481,0.008756071940866106
2025-11-13,2627.5097849448252,2652.26025390625,2612.164494188742,2652.26025390625,511500,0.009419751205135052,0.0016825551085666302,0.037166163565413024,0.009419743782969201,0.015349630471859096,7.3529033058575095e-09,2619.68857421875,0.01243341670725151,2534.3736938476563,0.04651506616554757,2579.172041829427,0.02833785838650482,2580.008608617804,2558.420821218206,21.5877873995978,2.136780871103321,19.45100652849448,21.612845055260838,62.259709607886045,86.73836119845267,87.0203150733284,-13.261638801547345,56.976547038599314,0.021482261009138432,2670.562000042952,2398.1853876523605,10.747294807068197,0.9328072040544465,0.012884994930080492,0.026340977239634824,0.7623848411362888,0.7592332560493746,-0.36672031694936236,0.11563291602119574,-0.00933184752355587,-0.007664993762338201,1.2038675194247908,-0.0016797288725481918,0.018469234282829428,1.050943404663142,-0.01978357566153266,0.011166694425616575,0.999223455518608,-0.03583433867339614,-0.003087617389374353,1.2515631497598079,0.0041788694620710195,0.023697429574162838,0.005240881743064032,0.013468733991250186,0.0011198127552160383,0.017826950927924107,0.008299938449919013,0.019339212637488917,0.729118814431944,0.008603274656666165,0.009419743782965615,-0.009146910584278778,0.0,0.025009281680081437,0.18638011563515383,0.0003732796068642852,0.0029861948894194246,0.0026119402985074203,0.0036295364991539786,0.006242451781709118
2025-11-14,2653.2502885711297,2660.180419921875,2626.0247725503436,2660.180419921875,537700,0.0029861948894194246,0.012434075307462766,0.03465541900599911,0.0026119402985074077,0.013006597549481632,0.00037327960686419633,2637.508935546875,0.008595794337769913,2544.7936401367188,0.04534229336486062,2581.0200764973956,0.03067017732418198,2592.342733433815,2565.95856927033,26.38416416348491,6.986257529579639,19.397906633905272,22.703422524028305,63.021009500016405,89.60574988234472,84.7072978968542,-10.394250117655277,55.34648277666589,0.020805537234301768,2685.911058609029,2403.6762216644083,11.090676764244735,0.9088325205856748,0.009131667590250225,0.02721308212225128,0.8317336472378926,0.7963790450264447,0.05122189638318675,0.10298969466135044,-0.0029773040795686434,0.009419751205135052,0.79120654744687,-0.012281367855050296,-0.007664993762338201,1.2493793321072082,-0.004652031888116692,0.018469234282829428,1.090673971856868,-0.033494647947302836,0.005420089387749183,1.020756990538005,-0.0034379742896662744,0.01216040497637843,0.006424169179085699,0.02249501402962068,-0.004466016824468644,0.01507740624845192,0.007452211713888069,0.01957801275754719,0.7291774472044751,0.006242713636657706,0.0026119402985064232,0.009419743782965615,0.0,0.02195751736452492,0.18880250943578558,0.0005581959500673417,0.02716779647468326,0.02659475543983625,0.005258698398042957,0.031868298922658876
2025-11-17,2661.665321858724,2738.391772460938,2660.1802937825523,2732.45166015625,1207700,0.02716779647468326,0.030235119699092206,0.05102821593098006,0.026594755439836353,0.029400818756978052,0.0005581959500673781,2664.041455078125,0.02567910681220731,2557.812390136719,0.06827680978163064,2583.222867838542,0.05776845435001676,2613.897952929574,2578.291390817435,35.60656211213882,12.710318446091476,22.89624366604734,24.530131144739737,69.13861948610707,98.17629166935615,91.50680091671785,-1.823708330643864,56.979696769645855,0.020852956925271546,2716.6258941282663,2398.9988861451716,12.41791654493147,1.0498250011183747,0.014675239081681422,0.02981557176106454,1.6018494815907345,1.6932209473176532,1.246047982146178,0.1315924500641379,-0.026449229199251745,0.0029861948894194246,0.7131857797891347,-0.029347785880459054,0.009419751205135052,0.67843504995749,-0.03840576434066201,-0.007664993762338201,1.0713039879778392,-0.04855075739916859,0.011166694425616575,0.8891942472952128,-0.002048255366068974,0.008680321657783147,0.02921605184075223,0.042347894273196914,-0.00644630805025091,-0.0008180369299594411,0.03361410452493417,0.0518462528609395,0.6394434578990568,0.03128984598501823,0.02659475543982636,0.0026119402985064232,0.0,0.0021739130434775653,0.21025805778927947,3.945513360470443e-08,0.0001811988825710653,0.00018115942028984477,0.009345606756953008,0.009526766184390469
2025-11-18,2732.4517679654955,2735.9168336132775,2689.3859520573433,2732.94677734375,1000500,0.0001811988825710653,0.027353918131617583,0.032155538610342926,0.0001811594202898146,0.017301674949383426,3.9455133667632e-08,2681.069775390625,0.01934936659548403,2569.816369628906,0.06347940251362671,2584.4026407877604,0.057477164823533045,2632.213156685601,2589.74734537494,42.46581131066114,18.66141701900541,23.80439429165573,26.2263605782575,69.17624128087355,98.32830046871439,95.37011400680508,-1.6716995312856218,56.23335282580931,0.020576087793573488,2742.8371250394907,2396.7956142183216,13.465612364790843,0.9714186090788051,0.0178004140130361,0.03247694960330489,1.2305955196729237,1.3449279882135645,-0.17156578620518337,0.14345781530911617,-0.0001811660558501682,0.02716779647468326,1.4854474853663067,-0.02662560355221133,0.0029861948894194246,0.6613605306627997,-0.02952363511333822,0.009419751205135052,0.6291350407923043,-0.03115377228319871,0.018469234282829428,0.8672592712857355,-0.007235654009801262,0.0033188782149416473,0.007416852892372327,0.028836660395401278,-0.014615158207302678,-0.014463039100231018,0.014796357089873743,0.04661857771057394,0.6572480145519551,0.009786982596683463,0.0001811594202897483,0.02659475543982636,0.0,0.001992353148742241,0.21040113222180026,-0.00018114921113354665,0.016301371698610456,0.016485507246376763,0.0012898588033595447,0.017772379713103546
2025-11-19,2732.451706190964,2780.4676147961313,2718.591443913184,2777.49755859375,1040200,0.016301371698610456,0.016485524371517846,0.057083629119480284,0.016485507246376818,0.022760378732702077,-0.00018114921113356543,2711.067333984375,0.02450334736272297,2583.4291259765623,0.07512047869428295,2586.918937174479,0.07367011725011907,2654.5646031330084,2603.654768576333,50.90983455667538,25.111100526539403,25.798734030135975,28.195141354393325,72.43273232946015,99.1924630285249,98.5656850555318,-0.8075369714751023,56.63641125846204,0.020391165091470584,2775.749925210119,2391.108326743006,14.888800106784991,1.0045435371280587,0.019217918649543714,0.03552063908368917,1.2102089419572064,1.3403585542889025,0.03968015992004004,0.2641685722013227,-0.016039899337855767,0.0001811988825710653,1.1640204253299222,-0.016218159508046726,0.02716779647468326,1.4050849252083428,-0.042238430888929535,0.0029861948894194246,0.6255809922037973,-0.05400105303625724,-0.007664993762338201,0.9397094428175693,-0.0008217427806790609,-0.008798194251560778,0.017123114479289516,0.06588182337104107,-0.0022381323061065085,-0.02640841645644745,0.018539504004716965,0.08349204557592774,0.6404320619131788,0.017734743386244745,0.016485507246370785,0.0001811594202897483,0.0,0.0010693281055065994,0.22306621857796322,0.0005346317285199742,-0.0049902299714414955,-0.00552190951193432,-0.0037432984296921767,-0.009268160129653646
2025-11-20,2778.982496914461,2788.3876745848165,2749.7769452012526,2763.63720703125,736200,-0.0049902299714414955,0.011229794133542859,0.041993221804294656,-0.005521909511934367,0.014041404140414033,0.0005346317285200086,2733.342724609375,0.011083309146749265,2594.8390869140626,0.06505147890186413,2589.4847330729167,0.06725371720983309,2671.345003732738,2615.5053195729934,55.83968415974459,31.256817253180444,24.58286690656415,30.089292089332258,69.95647477219919,92.92786300107636,96.81620883277189,-7.0721369989236464,55.34886255311217,0.020027542838210993,2800.996554931782,2388.681618896343,15.889807507323647,0.9093912331681309,0.016404136493930348,0.038267160893741686,0.8139654446128689,0.9256290618858843,-0.29225149009805806,0.18175912848109932,0.005015257258163874,0.016301371698610456,1.150077228316091,-0.011105086300910338,0.0001811988825710653,1.106183682878532,-0.011284240491713726,0.02716779647468326,1.3352703986130967,-0.04030085889804724,0.009419751205135052,0.5655301886980202,0.0018290369307068274,-0.011833493501742587,-0.006819266902148323,0.05382671530603724,0.006679756390447696,-0.021716164562954835,-0.011669986361889192,0.06370938636724949,0.5384895001968387,-0.008587208651570314,-0.00552190951193238,0.016485507246370785,0.0,0.008955758552746138,0.21916969579129258,0.01791155672372491,0.03546484417030671,0.017244413162062155,0.01451891367962679,0.032072201126208594
2025-11-21,2813.1382516287867,2879.964516624367,2766.607370817049,2861.649169921875,1144300,0.03546484417030671,0.030297636470554057,0.07573499469856149,0.017244413162062256,0.04097334049024859,0.01791155672372485,2773.636474609375,0.03173187839039482,2611.3971557617188,0.09583069875331329,2594.1048217773437,0.10313551938896626,2700.622567761836,2633.738197376614,66.8843703852217,38.3823278795887,28.502042505633,32.4929723160079,76.16247323546763,94.89655376320559,95.67229326426894,-5.103446236794415,59.70446591311253,0.020863656712580753,2845.5200493797115,2377.274262143726,17.930853076210955,1.0344458422944331,0.018501796990593324,0.04196968361884663,1.1155402566434747,1.3767737557541033,0.5543330616680251,0.2111435764771099,-0.034250167323713776,-0.0049902299714414955,0.7176970522947881,-0.02940668346546227,0.016301371698610456,1.0140566066246108,-0.0449749025603281,0.0001811988825710653,0.9753543885098281,-0.0704030221868287,0.0029861948894194246,0.5241859617208742,0.012477577900412318,0.0037395024326576758,0.02298726626989439,0.07199549226590381,0.0063002956285275295,-0.011169708181942156,0.02916454854177918,0.08690470288050364,0.7040422627473428,0.031029169780020995,0.017244413162056126,-0.00552190951193238,0.0,0.006400276768722781,0.24591326436159425,0.0019027478414672672,-0.007611176732303493,-0.009495856353591181,0.0022034463331284306,-0.0073104782406423294
2025-11-25,2867.0941667029806,2878.9743911506453,2822.0483156722535,2839.86865234375,776700,-0.007611176732303493,0.027583738241239386,0.03931158005604307,-0.009495856353591143,0.02017189966672529,0.001902747841467322,2795.119873046875,0.01600961008054358,2626.7671875,0.08112689463183309,2599.0961669921876,0.09263700528214946,2722.0450423128996,2649.0071199667723,73.03792234612729,45.31344677289642,27.72447557323087,34.724961097920996,72.57474070394794,88.82756133433764,92.21732603287319,-11.172438665662359,59.50600945348962,0.020953789325558497,2877.889589911104,2375.6447850888962,19.120263387339413,0.9242979973066856,0.01895929059858387,0.04536233539968172,0.826645068386866,0.9216026654927614,-0.321244428908503,0.09026034666105276,0.007669551040377032,0.03546484417030671,1.2178832905305663,-0.026843299689427225,-0.0049902299714414955,0.7835407484825683,-0.021962668484510006,0.016301371698610456,1.1070892238135934,-0.037824633931506146,0.02716779647468326,1.2853601765042078,-0.0037386169204305336,0.0020634927307875517,-0.0038725598118729593,0.03724808732525552,-0.0004271028993171024,-0.005209819852962823,-0.007184073832986391,0.044521399909005895,0.7071603330492473,-0.007309146503776112,-0.009495856353587831,0.017244413162056126,0.0,0.014118915058804526,0.2401297576534786,-0.0029632280889018148,0.012201492043312445,0.015209790209790297,-0.010940523873760273,0.004224196258453987
2025-11-26,2831.4534737843333,2874.519287109375,2813.6331372360405,2874.519287109375,554200,0.012201492043312445,0.004497447598669657,0.05180214665695915,0.01520979020979032,0.021639690358902196,-0.0029632280889018156,2823.434375,0.01809318203415189,2643.8202514648438,0.08725972785616642,2604.6650227864584,0.10360421089124316,2745.502618435434,2665.7117249402986,79.7908934951356,52.20893611734426,27.581957377791348,36.55422013431296,74.62283437956111,98.48272399490054,94.06894636414792,-1.5172760050994551,59.604590912049964,0.020735498689928005,2912.9561520796597,2374.684350850028,20.359621684999016,0.9285920888248665,0.01741682501199471,0.0480302235295351,0.6517538670690245,0.6520145744434287,-0.2864683919145101,0.06277847770641909,-0.012054410252873127,-0.007611176732303493,0.91341975559818,-0.004477311126841577,0.03546484417030671,1.3457270842423037,-0.03857412979496466,-0.0049902299714414955,0.8657906837535472,-0.04925084705517546,0.0001811988825710653,1.1766144785322248,0.008142908038647947,0.01766817771243564,0.0040585840046644985,0.03413396894452351,0.011280745556613273,0.020985064126817044,0.0009207464866991723,0.030817082530142103,0.7864997872975975,0.003329188062477787,0.015209790209784949,-0.009495856353587831,0.0,0.0018943096118398464,0.24928954529340938,0.0015498626838093,-0.013604261785959304,-0.015130674002750921,-0.0035394733723681515,-0.018693597842136755
2025-11-27,2878.974397286356,2890.85462175934,2825.51338715793,2835.41357421875,602500,-0.013604261785959304,-0.0015687620345832265,0.020851869138752033,-0.015130674002750925,0.023125437981779955,0.0015498626838093862,2835.017578125,0.00013968029539057625,2660.0070556640626,0.0659421252962924,2609.4913614908855,0.08657710696451648,2759.335073171329,2678.282232294258,81.05284087707105,57.97771706928962,23.07512380778143,38.37089410939425,68.41337506014042,84.26966144137467,90.52664892353762,-15.730338558625341,60.01435117557566,0.021165995578648674,2934.2976695659354,2385.71644176219,20.62329972530069,0.8197457544380993,0.015157618045732988,0.04962525301461695,0.7898728468590591,0.7010166777976092,0.08715265247203186,-0.02027132159875522,0.013791890271381613,0.012201492043312445,0.72655191988264,0.0015712269153631553,-0.007611176732303493,1.0182477015027904,0.009252828561119086,0.03546484417030671,1.5001684625075873,-0.02042594990465807,0.016301371698610456,1.3636941664776652,0.0014734981825246052,0.020016612234423702,-0.015077759968483909,0.0008352569043283305,0.0064708676828309645,0.029750262944725082,-0.020075129468790268,-0.00889839380597305,0.5827936889793365,-0.017375442633733532,-0.015130674002745668,0.015209790209784949,0.0,0.01955307262569133,0.23893582907625227,-0.0008728679454822474,0.007681601645758596,0.008561943036868636,-0.005542439664492717,0.0030120299267481264
2025-11-28,2832.9386325976293,2864.619232368073,2828.4835482549106,2857.194091796875,630100,0.007681601645758596,-0.006027162659925089,0.03385280981439864,0.008561943036868734,0.012775638781939177,-0.0008728679454822157,2853.728955078125,0.0012142487153807835,2681.9112182617187,0.06535744820356149,2614.6559611002604,0.09276101112494373,2774.3903068060285,2691.5349626277853,82.85534417824329,62.95324249108035,19.902101687162933,40.057805657684014,69.91494487343161,90.31342245729364,91.02193596452294,-9.686577542706358,58.308732099688996,0.020407690281551198,2945.5141765203603,2418.308260003077,19.65784373947292,0.8324751639607407,0.005628634849780087,0.047328063832862165,0.8496940912480565,0.7385259486208166,0.04580912863070541,0.04787743698877445,-0.007623044455275285,-0.013604261785959304,0.8124753054704873,0.006063709623800317,0.012201492043312445,0.7473424303597411,-0.006063795072186684,-0.007611176732303493,1.047385178023116,-0.032744322492895384,-0.0049902299714414955,0.9927706554147265,0.006002611860472781,0.024559435764785746,0.0016789897852858143,0.009293374049612897,0.008012392390844907,0.03088289560659657,-0.0003307907450863113,0.0029699142078020747,-0.08415927113879769,0.008355918749450152,0.008561943036865713,-0.015130674002745668,0.0,0.011780974228910045,0.24473745508425482,-0.012127558155261342,-0.014726310632930617,-0.002630655910206836,-0.0127695276936856,-0.015368280171354875
2025-12-01,2822.5433042877394,2841.353659525013,2771.062332059412,2815.1181640625,794200,-0.014726310632930617,-0.007157830639165974,-0.01626020629937852,-0.0026306559102068717,0.025366202215076742,-0.01212755815526131,2844.42275390625,-0.01030247342962487,2700.721569824219,0.04235778893885911,2618.129276529948,0.075240321132104,2780.6561309993317,2700.6892738451716,79.96685715416015,66.35596542369632,13.610891730463834,39.943881149524266,63.622713535577745,74.54240804883074,83.04183064916636,-25.457591951169256,60.29609121667287,0.0214186715095604,2945.2828342863913,2456.1603053620465,18.11080914039503,0.7338812617972365,0.008001578369465656,0.044565547247682316,1.1826530323539441,0.9230686978362164,0.26043485161085544,-0.04715816173280374,0.014946416200391388,0.007681601645758596,0.9382896948957696,0.007209434550326188,-0.013604261785959304,0.8971901938973198,0.0211007565523047,0.012201492043312445,0.8252660671500326,0.016528970773720397,0.03546484417030671,1.70399126784515,-0.010210837265932565,0.0015558312694415812,-0.0045154733669980525,-0.017816037568820102,-0.007628031109793059,0.016015327679714805,-0.007098279523137558,-0.03227553397909333,0.14767756296944745,-0.013599821588381248,-0.0026306559102059397,0.008561943036865713,0.0,0.026903473773732305,0.23344898674710896,0.004747725739727704,0.008616197907434175,0.003850192509625483,0.005900213623346445,0.009768685791052917
2025-12-02,2828.483573030395,2846.798919933112,2796.3079636067027,2839.373779296875,574000,0.008616197907434175,-0.006236997532356292,-0.0001742591321843845,0.0038501925096254175,0.01805629314923004,0.004747725739727813,2844.323779296875,-0.0017403082015584603,2720.7447021484377,0.043601693703094746,2621.4953409830728,0.08311227371131391,2789.6896153528,2710.962200174927,78.7274151778729,68.83025537453163,9.897159803341268,39.902331854616,65.54765163920683,81.52756866156885,82.12779972256442,-18.472431338431136,59.595724438796886,0.02098903810175137,2940.6138787415202,2500.875525555355,16.162426148948317,0.7697719593683364,0.007942411032696802,0.03972372660479256,0.9096657533030851,0.6737832577772666,-0.2772601359858977,0.017903294483448295,-0.008542593233840767,-0.014726310632930617,1.2586350893263243,0.006276141813004399,0.007681601645758596,0.9985721100283518,-0.001394745949969356,-0.013604261785959304,0.9548320842597714,0.00017428950336983995,-0.007611176732303493,1.2309013773353767,-0.004040924269284769,0.0012933703289250142,0.012657122176718945,-0.0014676294611093987,-0.007804082491916366,0.009013358885047066,0.01642028039935054,-0.00918761801723145,0.14553626583386636,0.009751974931567138,0.003850192509624056,-0.0026306559102059397,0.0,0.018131055107226873,0.23999732024604692,-0.00801958227763011,-0.014470070055438211,-0.006502636203866485,-0.007568799804559571,-0.014019287582367672
2025-12-03,2816.603187656858,2825.018346565499,2797.792832449308,2798.287841796875,497200,-0.014470070055438211,-0.005978549135336131,-0.02651971954210075,-0.006502636203866457,0.00973106864826603,-0.00801958227763011,2829.077490234375,-0.010883282110430437,2730.446887207031,0.024846099335121385,2623.788883463542,0.06650647825823497,2791.0124194211194,2717.430766220997,73.58165320012222,69.78053493964975,3.801118260472464,39.8637503664869,59.77746873198893,66.78505235567923,74.28500968869294,-33.21494764432077,58.30895461085188,0.020837368386444795,2945.978872699504,2514.9149017145583,15.787304745044139,0.6573802478431053,0.008148247030588716,0.039511866505329514,0.8024519004972555,0.6365740740740741,-0.13379790940766556,-0.03324081034715398,0.014682527253022881,0.008616197907434175,0.9264026365354479,0.006014507161569149,-0.014726310632930617,1.2817926375199524,0.021050818689600348,0.007681601645758596,1.016944775750846,0.02724217436563703,0.012201492043312445,0.8944465874006013,-0.0058949462230245804,-0.012644826480692015,-0.008575123832413632,-0.013874893061408735,-0.003097389303537031,-0.004863374835108146,-0.01137268075190118,-0.021656344706992604,0.2438954776092354,-0.01371463081191031,-0.006502636203864149,0.003850192509624056,0.0,0.03307979207135156,0.22883856018791746,-0.009198603839640884,0.0042455857886731785,0.013569005534725953,-0.010642230331900244,0.002801959296413819
2025-12-04,2772.547500510902,2826.008512839982,2772.0524911374846,2810.168212890625,587100,0.0042455857886731785,-0.010285918190553356,-0.008903590487705504,0.013569005534725957,0.019464285714285656,-0.009198603839640851,2824.02841796875,-0.004907955242564266,2742.698376464844,0.02459980178780019,2626.2144287109377,0.07004522637890997,2793.959464570274,2724.3002067150437,69.65925785523041,69.7562795227659,-0.09702166753548624,39.08952652947048,60.85066299718613,69.53273616636795,72.61511906120535,-30.46726383363206,57.99803083168369,0.020638633148584547,2946.8046267691784,2538.5921261605095,14.883608934600668,0.6652811619565289,0.008476263072481706,0.0372590853061501,0.9522789977956955,0.7892762749278749,0.18081255028157672,0.024805078142448034,-0.004227636993489936,-0.014470070055438211,0.8064607693817405,0.010392817864521398,0.008616197907434175,0.9310307353683005,0.0017614430154633265,-0.014726310632930617,1.2881961847203907,0.00898357657428206,-0.013604261785959304,0.9772578711836255,-0.0008049312861461482,-0.014867228742485179,0.005050517074819327,0.005963638254779675,0.00591903755826219,-0.005732173483735357,-0.0016734517695890117,-0.0031714170039701473,0.10017840840502705,0.0036526260267968945,0.013569005534721063,-0.006502636203864149,0.0,0.028712305725531493,0.23209875081854553,3.197095033158348e-09,-0.009159764315014973,-0.00915976748282532,0.00048778044815216246,-0.008671987063957843
2025-12-05,2810.1682218749997,2815.118315625,2779.477640625,2784.427734375,556900,-0.009159764315014973,-0.0049530670915451935,-0.025467768406350233,-0.009159767482825347,0.012822796081923457,3.197095000719649e-09,2809.475146484375,-0.008915335001880687,2754.0588500976564,0.011026955460757826,2627.493204752604,0.059727853658184005,2792.493044540232,2728.7540976528185,63.738946887413476,68.55281299569542,-4.8138661082819425,38.3706043950981,57.28437495645931,53.862708382941754,63.393498968329645,-46.137291617058246,56.40107684370629,0.020255895366717416,2940.0986663675135,2568.0190338277994,13.510228095762026,0.581619313774457,0.007357513362731812,0.03427505439668878,0.9252659578886856,0.7631840768747962,-0.05143927780616586,-0.0330715330715331,0.00924444121743151,0.0042455857886731785,0.9754419893633459,0.0049777220826243695,-0.014470070055438211,0.8260769155364599,0.0197333348761477,0.008616197907434175,0.9536768896177151,0.026133325897639947,0.007681601645758596,1.0468846831848821,-0.006927303427872003,-0.027182574883557072,-0.0022324608871429705,0.0017148064772068393,-0.004869085652519233,-0.01793484641789142,-0.004290678662495741,-0.007532921988458813,0.20280984961001278,-0.008172265786089277,-0.009159767482822087,0.013569005534721063,0.0,0.038222176165829076,0.22499993285941955,0.01084445494028774,0.013333343855019608,0.0024621878297574895,0.009577491052269871,0.01206637996700174
2025-12-08,2814.6233354749174,2841.353842002467,2797.7930165501643,2821.553466796875,555600,0.013333343855019608,0.004051449252761463,0.0022859796141161404,0.002462187829757414,0.015569709837225769,0.010844454940287837,2810.76220703125,0.0038392645730138675,2766.5825927734377,0.01986959441081071,2629.927001953125,0.07286379610550608,2796.9638787335616,2735.628124996823,61.33575373673875,67.1094011439041,-5.773647407165342,38.11172538127033,60.848422325450834,65.60201888215573,62.99915447715515,-34.39798111784427,56.438579042546344,0.020002661550339987,2934.5057536503177,2598.6594318965576,12.139392571579858,0.6636786543809211,0.007485915402093997,0.0305302610602157,1.002596718282232,0.7668832325039234,-0.002334350870892399,0.03315486614961216,-0.013157904983813085,-0.009159764315014973,1.0049426069319205,-0.004035101245191353,0.0042455857886731785,1.0594394047939137,-0.008245679295031616,-0.014470070055438211,0.8972121820193049,-0.002280765830278031,-0.014726310632930617,1.4331575119865887,0.004072830503328291,-0.01319203663126403,0.009260513351691316,0.01547801624538017,0.006247053042315941,-0.004346760128369677,0.007086290812703667,0.006632739742485817,0.24810122217896152,0.011783442360204224,0.0024621878297565393,-0.009159767482822087,0.0,0.024561347420119353,0.23519731010502945,0.002280639529118389,-0.003859710966858998,-0.006126378435147961,0.003059394076554546,-0.003080956419422841
2025-12-09,2827.988413166773,2833.9285253596668,2783.9325810694786,2810.6630859375,479200,-0.003859710966858998,0.009422170034658395,-0.010111628686831353,-0.006126378435147943,0.017958748221906174,0.0022806395291184558,2805.020068359375,0.002011756579133328,2777.1262939453127,0.012076077369722826,2632.3690470377605,0.06773139925015781,2799.071449072629,2741.186270251688,57.88517882094129,65.26455667931154,-7.379377858370248,37.44925204994269,59.28577867498625,53.44824307522243,57.637656780106646,-46.55175692477757,55.97839084594933,0.019916435778448257,2927.3864385232328,2626.8661493673926,10.821268366909855,0.611595766416943,0.005034956730899756,0.027424783904089832,0.8953645452829871,0.6702744740401522,-0.13750899928005755,-0.018998978549540357,0.0038746660575785796,0.013333343855019608,1.0381146522521445,-0.009334221413713095,-0.009159764315014973,1.0405436462188973,-0.0001760698570920649,0.0042455857886731785,1.0969710445234595,0.010214918145832641,0.008616197907434175,1.0724942591661824,-0.0026799949087542474,-0.011993437955687504,-0.0011797160581047505,0.0018818092688561508,-0.003138858166826854,0.000255781263483663,-0.000720852800032144,-0.010367409950315017,0.23521416781350052,-0.0031214070552642095,-0.006126378435145777,0.0024621878297565393,0.0,0.028531180497239603,0.23223395508147648,0.0073970019671454335,0.012504434319776214,0.005069930069930173,0.0067233469992869195,0.0118307793519177
2025-12-10,2831.453566313163,2845.808837890625,2799.277957605059,2845.808837890625,462400,0.012504434319776214,0.008596459850638727,0.016982168661832553,0.005069930069930194,0.016622458001768405,0.007397001967145458,2814.524267578125,0.011115402582195122,2787.026477050781,0.021091425331928093,2635.495857747396,0.07980015583174072,2806.26181658309,2748.9360900767942,57.32572650629572,63.67679064470838,-6.35106413841266,37.03185852840027,62.62190330988906,68.07022558939883,62.37349584892567,-31.929774410601166,55.303568663064816,0.019433339276589492,2927.684660582381,2646.368293519181,10.093781647919181,0.7089546422538506,0.007793936812120589,0.025355225801807373,0.8753580278698548,0.6579434145897245,-0.035058430717863076,0.028362360306652512,-0.012350004500008338,-0.003859710966858998,0.907161693242289,-0.008523190585324136,0.013333343855019608,1.051792647674073,-0.021568948236909802,-0.009159764315014973,1.054253645589797,-0.016698590383870227,-0.014470070055438211,0.9412370489984685,0.002450683352834013,-0.003930334895875141,0.010053750966942202,0.020912503557707695,0.002864006765071438,0.0062164062412976995,0.009640427554704775,0.010765762420534853,0.2732417614018524,0.011721868066621273,0.005069930069928404,-0.006126378435145777,0.0,0.01582881579006125,0.24171586919090404,0.017394334362708763,0.010262659254336226,-0.007009745255599165,0.019831311365095666,0.012699636256723129
2025-12-11,2895.309788349246,2898.279844552032,2842.3437860662284,2875.014404296875,724100,0.010262659254336226,0.022895422322704473,0.023075555089119515,-0.007009745255599179,0.019679554162312825,0.017394334362708694,2827.493505859375,0.0168067223984798,2799.401708984375,0.027010305476631746,2638.861922200521,0.0894902761332581,2816.8391377698263,2758.275224463467,58.563913306359154,62.65421517703854,-4.090301870679383,37.40713826133342,65.17553393172108,82.33082466272843,67.9497644424499,-17.669175337271575,55.34874650754616,0.019251641461275816,2924.427298189793,2674.376119778957,8.932307843076744,0.8023888781210531,0.012007366588709932,0.02230833135821738,1.303179570981983,1.0364778361789595,0.5659602076124568,0.03419068328094954,-0.010158406985227741,0.012504434319776214,0.832192008869036,-0.022382955112912106,-0.003859710966858998,0.8624273586722362,-0.018595015531428616,0.013333343855019608,0.9999262113486945,-0.0225550840059483,0.0042455857886731785,1.0566174922296951,-0.007841917866433066,-0.011112790111548159,0.018104577120769294,0.03418834520066767,-0.0089187574764711,-0.008729986248625586,0.019181416730807324,0.0318055413377451,0.35570288883280626,0.013435087053516186,-0.0070097452555967586,0.005069930069928404,0.0,0.008092286501374536,0.2494188280018388,-3.50405348070737e-08,0.018939358235212644,0.018939393939394034,-0.0028919359918415243,0.016047457283905928
2025-12-12,2875.0143035548326,2946.295649923961,2871.0542287565477,2929.46533203125,1201000,0.018939358235212644,0.029396385669612668,0.05208883529843367,0.01893939393939397,0.026206896551724194,-3.5040534832440535e-08,2856.501025390625,0.025543245386940416,2813.261962890625,0.041305562962997255,2643.5645100911456,0.10814974283685586,2834.1662445792763,2770.955973172192,63.21027140708429,62.76542642304769,0.44484498403659956,38.30539859608653,69.37625230388173,90.3954806666845,80.2655103062706,-9.604519333315498,56.7696518403938,0.019378844057188805,2931.2287338487777,2695.2951919324723,8.386476091756624,0.99252585366538,0.01628475495767014,0.020657584157940768,1.7546653498154021,1.638268646048035,0.6586106891313355,0.12263089786979897,-0.01858732620590564,0.010262659254336226,1.0579127225656393,-0.028556915566428698,0.012504434319776214,0.6755680747332573,-0.040554242030348076,-0.003859710966858998,0.7001129355799673,-0.049509921169346494,-0.009159764315014973,0.8136329169960013,0.002653342921252311,-0.0013507459796336173,0.016286015313960334,0.053439581278067284,0.00813010251560262,0.004592111357631927,0.010809255719610025,0.04749672394080174,0.44443043664353665,0.015326093224246657,0.018939393939387383,-0.0070097452555967586,0.0,0.005745184183843937,0.26337012508952334,0.009969597665033136,0.0038864613899887157,-0.006023088505939356,0.006790719722606239,0.0007075834475618187
2025-12-15,2958.6709227652645,2973.0261940987416,2931.4454081672907,2940.8505859375,723100,0.0038864613899887157,0.022899426709733772,0.04228065161425243,-0.006023088505939389,0.014184397163120564,0.009969597665033232,2880.36044921875,0.02100089130655025,2827.2954711914062,0.040163865397910614,2648.3248494466147,0.11045689374205736,2850.579220172849,2783.5407593029554,67.0384608698937,63.62003331241689,3.4184275574768037,39.40400196595493,70.18605762753624,84.06863097370568,85.59831210103955,-15.931369026294329,55.826166856615075,0.018983000062480063,2935.449903444743,2719.1410389380694,7.650734304594006,1.0249674580146033,0.01874102981270659,0.018865988415826377,1.007157770408142,0.9740544021035588,-0.3979184013322231,0.12744338325035365,-0.0038714152843016825,0.018939358235212644,1.6727928118658255,-0.022386782231105795,0.010262659254336226,1.0085506037236005,-0.03231777517100376,0.012504434319776214,0.6440461250680747,-0.0405655151989146,0.013333343855019608,0.7738581900688198,0.008795347846189239,0.003320785812714257,-0.004908886456200523,0.03895986580153817,0.007152700806080418,0.005606490127424102,-0.0032662394160917025,0.036674161486828324,0.4148298486307243,0.0009193075973015163,-0.006023088505937353,0.018939393939387383,0.0,0.010940919037195337,0.2662219252458745,0.004039763145843311,0.011614245851889082,0.007544006705783701,0.008098323768723225,0.015672806474768996
2025-12-16,2952.730925752002,3002.7268726926477,2938.870663233803,2975.00634765625,1194000,0.011614245851889082,0.015545845559954863,0.05847134882192151,0.007544006705783731,0.021728145528044477,0.004039763145843269,2913.2291015625,0.021205763068752326,2839.423205566406,0.047750240902095564,2653.976208496094,0.12096195065024729,2869.7218551702954,2797.7233954772737,71.99845969302169,65.29571858853785,6.7027411044838345,40.69335295005358,72.53268651041667,88.034195928032,87.49943585614074,-11.965804071968,56.3997413282029,0.018957855795036005,2956.3577357900626,2722.4886753427495,8.236498877266206,1.079739542419672,0.01750547319986171,0.02016336817486026,1.386886833983606,1.6098673814441886,0.6512238971096667,0.21343289502389884,-0.011480903812742027,0.0038864613899887157,0.8399144636964367,-0.015307871750210755,0.018939358235212644,1.3950176613185181,-0.0336106655500471,0.010262659254336226,0.8410760104585671,-0.055241314644308814,-0.003859710966858998,0.5566132084128509,-0.0008916663712339669,0.0050353548190770194,0.012505912223123049,0.05343599400284449,-0.009783675490749913,-0.001707322818928477,0.021397921342638994,0.06017867164084999,0.4708914092381874,0.016221294591257422,0.0075440067057811755,-0.006023088505937353,0.0,0.009317803660562602,0.27464636074177906,0.003327764713709769,0.029284502905308374,0.025870646766169125,0.0037772475472682703,0.029733985738866875
2025-12-17,2984.906468803043,3082.918323002546,2970.0561878637245,3062.1279296875,1306900,0.029284502905308374,0.04123886617358985,0.07601321948146578,0.0258706467661692,0.037999999999999985,0.0033277647137097623,2956.492919921875,0.03572983687962994,2855.8822631835938,0.07221784635929684,2660.9228393554686,0.1507766720616599,2899.322789711404,2817.308916529883,82.01387318152092,68.63934950713447,13.374523674386452,42.47210644936557,77.41560917654186,93.33333528332408,88.47872072835393,-6.666664716675927,60.4327694575328,0.019735546928530977,2998.1570498599517,2713.607476507236,9.963631099956984,1.224814534331607,0.022575565639114524,0.023834871456909622,1.2690554960522265,1.7264292017395073,0.09455611390284746,0.2495831475269985,-0.028451320138382474,0.011614245851889082,1.159424793240767,-0.039605577080947474,0.0038864613899887157,0.7021608609651581,-0.0433236627284691,0.018939358235212644,1.1662220910235856,-0.07064338811601523,0.012504434319776214,0.4490100706821865,-0.0024766237327684707,0.00014492151863510183,0.03176112663807684,0.07586829796283068,-0.0009545360665756871,-0.0055758871224152705,0.030239038971884062,0.08158910660388105,0.4646600209296146,0.029728037653981503,0.025870646766160535,0.0075440067057811755,0.0,0.006789524733266432,0.2952836293456187,0.0006466279022960819,0.008082774087030398,0.0074313408723747365,3.226312480991602e-05,0.007468409309544232
2025-12-18,3064.107987047236,3131.4292610760604,3045.2976310685935,3086.87841796875,1194700,0.008082774087030398,0.03760397701357321,0.07369146163415108,0.0074313408723747885,0.028283485045513684,0.0006466279022960054,2998.86572265625,0.02934866161113514,2871.3513061523436,0.07506121293954138,2668.4799845377606,0.15679279434517035,2928.1775017509954,2837.277027747577,90.90047400341837,73.09157440639125,17.80889959702712,44.39619236784694,78.580577510446,87.63736638406901,89.66829919847504,-12.362633615930989,62.26840235395666,0.020171964659013292,3040.844557005305,2701.858055299382,11.805817733956426,1.1357985074089476,0.0231913000870824,0.028167031974334986,1.0629561516129404,1.562269115141339,-0.08585201622159311,0.26315740181410363,-0.008017966674090271,0.029284502905308374,1.1627834557152021,-0.03624116507545461,0.011614245851889082,1.062333343120324,-0.04730598755758353,0.0038864613899887157,0.6433611728729532,-0.0686337409466935,0.010262659254336226,0.644250899290977,0.006374084089254836,0.014476417692199636,0.001708689997775562,0.05921504394195144,0.001322181271926616,0.004658006448445051,0.0067605928151037815,0.06903345518570603,0.5146421791951638,0.0074023238359550506,0.007431340872372363,0.025870646766160535,0.0,0.014432328415646376,0.30093402171998307,0.008017942949347434,0.006093632526917858,-0.0019090041361756738,0.004263467917460354,0.002339157495030778
2025-12-19,3111.6288330155953,3118.55896404681,3081.9282714532446,3105.688720703125,1079000,0.006093632526917858,0.014225660069032697,0.06015547845711633,-0.001909004136175694,0.01188564086090582,0.00801794294934744,3034.110400390625,0.023591204954922285,2888.4538818359374,0.07520799976492443,2676.7466389973956,0.16024754657588147,2955.486920051323,2857.159375373914,98.32754467740915,78.13876846059483,20.18877621681432,46.18284357786536,79.44824121592109,92.83745012863939,91.26938393201084,-7.162549871360605,60.43713737107158,0.019460140022458276,3078.7702212459517,2698.137542425923,13.177730868879017,1.0707204109237844,0.023265617952857247,0.0314359328707121,0.9813185683844441,1.3800406977710873,-0.09684439608269857,0.24373667200156057,-0.006056725070344604,0.008082774087030398,1.0865442943919326,-0.014026129124347309,0.029284502905308374,1.1885868739774141,-0.042078387372397885,0.011614245851889082,1.0859076651075312,-0.05674212856493921,0.018939358235212644,1.0922739579515452,0.0033979134793116522,0.01527824933296602,0.002695719047606206,0.044877229124150306,0.0072953115458950744,0.003989369097734422,-0.0012016790189772163,0.056166109359381905,0.583149381173705,0.0018393761134597609,-0.0019090041361750805,0.007431340872372363,0.0,0.008288190700289962,0.3051680721562315,0.0012750799461247464,-0.0019126789839807312,-0.003183699458771061,0.000643184714842162,-0.002544574215263316
2025-12-22,3109.648722109799,3116.5788529772835,3065.097880818828,3099.74853515625,854800,-0.0019126789839807312,0.004169298380066744,0.054031289443457364,-0.0031836994587710675,0.016795865633074895,0.0012750799461246616,3065.889990234375,0.011043626819198238,2900.358850097656,0.06874655701683663,2684.1552775065106,0.15483204758357227,2977.68101468285,2875.128942765198,102.55207191765203,83.02142915200628,19.53064276564575,47.325238699332715,78.36861173167547,91.18453707366082,90.55311786212309,-8.815462926339169,59.79741128445615,0.019291052356743072,3111.163934375452,2689.5537658198605,14.536482909395698,0.9729242791787726,0.017256331449220324,0.034886935266755896,0.7592276626037743,1.1139113822769766,-0.20778498609823914,0.168383521628936,0.0019163443351941645,0.006093632526917858,0.9583606082703234,-0.004151987505608079,0.008082774087030398,1.0611245771089484,-0.012136663681927229,0.029284502905308374,1.160779869275705,-0.0512615611936047,0.0038864613899887157,0.642252600408036,-0.004782124757163428,0.001573824778785327,0.0028694457731826967,0.052457464664672035,0.0010835906745039643,-0.001991629543166713,-0.0029962696584846958,0.05602291898662408,0.4065856948985785,-0.002353251451359545,-0.003183699458770044,-0.0019090041361750805,0.0,0.010220418063106914,0.3038365349271719,0.0022357337044303094,0.012775497634400557,0.010516252390057268,-0.0004583284462327487,0.010081435483737498
2025-12-23,3106.6787474315574,3156.1796834964325,3098.7585976611776,3139.349365234375,857900,0.012775497634400557,0.010838383224584414,0.055241232580090616,0.010516252390057372,0.018530351437699624,0.002235733704430352,3098.75859375,0.013099042811928419,2915.3328857421875,0.0768407891210956,2692.3476806640624,0.16602673116084854,3002.553068613854,2894.700825911063,107.85224270279105,87.98759186216324,19.864650840627803,48.64978532527838,80.2914150161593,95.61855588543432,93.21351436257818,-4.3814441145656815,59.62767375237035,0.018993640660920744,3148.21349258534,2682.452278899035,15.976261783488631,0.9809685154313101,0.00898077818409897,0.03805413693158909,0.8103632796523155,1.1120674681053502,0.0036265793167993277,0.1464348465656029,-0.012614343123979133,-0.0019126789839807312,0.8074350523916533,-0.010722172213453618,0.006093632526917858,1.0192120045982613,-0.01671395603422776,0.008082774087030398,1.1285010026816895,-0.052349387869675135,0.011614245851889082,1.127839790074443,0.005715158363940262,0.008133525037352514,0.0070603392704602945,0.0471077075427381,0.006626062314698709,0.014867426125737168,0.006149435319701847,0.04037380645435345,0.4241545199268578,0.00996502335430408,0.010516252390053988,-0.003183699458770044,0.0,0.005361084831281801,0.312618179745757,0.006622486784316539,0.009145350159715848,0.0025062656641605674,0.006818130202690832,0.00934099357809014
2025-12-24,3160.139664916992,3180.930057449341,3136.3792163085936,3168.059814453125,681800,0.009145350159715848,0.022037684193447538,0.03459420612006747,0.002506265664160482,0.014204545454545513,0.006622486784316465,3119.944970703125,0.015421696280156327,2930.009912109375,0.08124542560720949,2700.3915812174478,0.17318533966976002,3028.0156448968187,2914.9496398771416,113.06600501967705,93.00327449366601,20.062730526011038,50.030037527237575,81.57045868086298,96.79408008101558,94.53239101337026,-3.2059199189844154,58.550757137254415,0.018481581967019472,3186.5498637039814,2673.4699605147684,17.511200254603782,0.9639626320658331,0.01046430830741109,0.04154031997441804,0.7302592752460528,0.8765456541694415,-0.20526867933325565,0.11476382763315596,-0.009062470692238755,0.012775497634400557,0.9188756706271468,-0.021562496701043377,-0.0019126789839807312,0.9155553365801202,-0.019687473533938626,0.006093632526917858,1.155690463465079,-0.03343746361205546,0.029284502905308374,1.3997885696964893,-0.00040765592778554635,0.01018902350733701,0.009553006087501394,0.02440518261273046,-0.000461255059613723,0.014932972549351376,0.00960660521932957,0.019661233570716096,0.37491543382912257,0.009318281800496805,0.0025062656641596888,0.010516252390053988,0.0,0.004062499999998741,0.31884755734597187,0.001875033549425309,-0.01187496691101586,-0.013724266999376122,-0.0003788597909469846,-0.014128860251388153
2025-12-25,3174.000032891811,3186.8702763190076,3120.539021732685,3130.439208984375,631300,-0.01187496691101586,-0.002838217481836325,0.01411159920068683,-0.01372426699937614,0.021256345177664917,0.0018750335494253506,3128.65712890625,0.000569599033610757,2944.761193847656,0.0630536749545545,2708.9222412109375,0.15560319944209855,3043.7731162949044,2930.911830181381,112.86128611352342,96.9748768176375,15.886409295885926,50.82261527363331,74.72696678463811,85.99508857078106,92.80257484574366,-14.004911429218932,59.10650695504501,0.018881218579613425,3211.5701755052687,2677.9522121900436,18.120924862433217,0.847960578356754,0.008796790885485704,0.043722337513674145,0.768976845428711,0.8101213192927704,-0.07406864183044881,0.04198764763888985,0.012017676420537526,0.009145350159715848,0.8304901207243706,0.002846295888265349,0.012775497634400557,1.0449948292306213,-0.009803951388365206,-0.0019126789839807312,1.0412187667867292,-0.013915233009985095,0.008082774087030398,1.4552457424895946,0.00308807204746122,0.006881632889077289,-0.01496303895847708,0.007229966311609542,0.006011737946748716,0.02019522866699102,-0.017886704857764578,-0.00608362946630419,0.4018122796473063,-0.01429055704004118,-0.013724266999371815,0.0025062656641596888,0.0,0.01802656546488978,0.31066168769687935,-0.00031626589408384476,0.013915233009670125,0.014236001265422349,-0.000554771047780433,0.013676727855973536
2025-12-26,3129.4491578290704,3174.0,3128.459139114161,3174.0,610800,0.013915233009670125,0.0018750231671054163,0.021995533178035043,0.014236001265422373,0.014556962025316377,-0.00031626589408386395,3142.319384765625,0.010081920821593426,2960.6014892578123,0.07207944450322223,2718.343916829427,0.16762267656730678,3063.8080214803035,2948.9183612790566,114.8896602012469,100.55783349435939,14.331826706887512,51.558580323857925,77.12053284813766,96.80588923033437,93.19835262737702,-3.1941107696656204,58.137532235816,0.018316802846817165,3241.955109165863,2679.2478693497615,19.00651748834882,0.8792354098943679,0.00948909351139777,0.045473018794323236,0.8397942586560817,0.784786348726264,-0.032472675431649,0.023683234950238052,-0.01372425677902056,-0.01187496691101586,0.867979887834945,-0.0018715140352467685,0.009145350159715848,0.9374127792267788,-0.010917024186078761,0.012775497634400557,1.1795342084169163,-0.021522142185839144,0.006093632526917858,1.4835265309265098,0.002257682622907106,0.005756948684824158,0.011657550386763018,0.016238584493210886,0.0005935735809416721,0.01310433848278833,0.013321659428728453,0.008891194695246712,0.4085142189103384,0.013672749761885926,0.014236001265417825,-0.013724266999371815,0.0,0.0040549074729059826,0.3201223437023269,-0.003780718336483968,0.011342155009451904,0.015180265654648917,-0.007149793691408517,0.007973079654527355
2025-12-29,3162.0,3232.0,3155.0,3210.0,1542800,0.011342155009451904,0.02541521674891034,0.03556787384309312,0.015180265654648957,0.02440570522979398,-0.003780718336483932,3164.369677734375,0.014420035239776752,2980.3455810546875,0.077056305283552,2728.21708984375,0.1765925856665116,3086.299095098718,2968.2577419250524,118.04135317366581,104.05453743022068,13.986815743445135,52.65171038449096,78.89913848533408,94.91590493559355,92.57229424556967,-5.084095064406453,59.48485136182915,0.018531106343243182,3273.274559890748,2687.416602218627,19.657383405343126,0.8919967561042158,0.009809101789485854,0.046812895791918205,1.7837467236892155,1.8913097577510234,1.5258677144728225,0.1125784961101226,-0.011214953271336037,0.013915233009670125,0.7061916637473249,-0.02478529315158884,-0.01187496691101586,0.7298932503662184,-0.013065478363819882,0.009145350159715848,0.7882800856956879,-0.034346250730441064,-0.0019126789839807312,0.9882983532600087,0.0015415175312573678,0.012147537843563955,0.009800637478194537,0.023420335999529168,0.008247143426026013,0.020702127098999688,0.003095011583425891,0.014865746744093435,0.21534604525821144,0.009566165287979945,0.015180265654644155,0.014236001265417825,0.0,0.006853582554514999,0.32774713984771897,0.002180685358255552,-0.0127725856697819,-0.014920733602735492,0.002919557544356111,-0.012033713483681341
2025-12-30,3217.0,3226.0,3161.0,3169.0,585700,-0.0127725856697819,-0.001575299306868283,0.009444834364082055,-0.014920733602735468,0.020563112938943372,0.0021806853582554517,3170.2998046875,-0.0004099942493065445,2996.8268920898436,0.05745180289310392,2738.149446614583,0.15735099993061308,3099.022311237377,2983.127538819493,115.89477241788381,106.4225844277533,9.472187990130507,53.66675972650735,72.03128588355688,83.83190162323245,91.85123192972014,-16.168098376767546,59.878790550269926,0.018895168996608088,3293.246089119214,2700.407695060473,19.782203490750305,0.7904216556073741,0.008904874072783302,0.047983540437756746,0.722657286228795,0.7174917556436478,-0.6203655690951517,0.05768319153713719,0.012937835278948207,0.011342155009451904,1.9035609718179698,0.00157778478983861,0.013915233009670125,0.75362655015972,-0.01216812591246852,-0.01187496691101586,0.7789201720953359,-0.009356464110639173,0.012775497634400557,1.0585072321251208,-0.000587500611285144,0.005882548505899903,-0.012185085058496756,0.003562285858182152,-0.0034310924317862987,0.009793561054519742,-0.009341493237995602,-0.0003487266904376868,0.4216182558535065,-0.011325974463019995,-0.014920733602730829,0.015180265654644155,0.0,0.019880088355941974,0.3190496430770548,-0.005048911328494832,-0.0018933417481855619,0.0031715826197271646,-0.007691326907326448,-0.004535757327017179
2026-01-05,3153.0,3163.0,3116.0,3163.0,728100,-0.0018933417481855619,-0.014641744548286595,-0.0015971334979349994,0.003171582619727244,0.015083440308087292,-0.0050489113284947935,3169.287841796875,-0.0019839920233650776,3015.0625,0.04906614705298851,2748.7408162434895,0.15070871044200485,3108.865032585473,2996.451424832864,112.41360775260864,107.62078909272438,4.7928186598842615,53.212256350302205,71.05651026871058,80.88355495555575,86.54378717146058,-19.116445044444244,59.38744836810779,0.018775671314602914,3305.1889211415123,2724.9360788584877,19.24513479515017,0.754953512020613,0.008981990177538271,0.04705397209279768,0.888207372816536,0.8794954708580305,0.24312788116783346,0.007255075943420897,0.0018969332908624903,-0.0127725856697819,0.7144939682167905,0.014859310780583446,0.011342155009451904,1.8820578694978047,0.003477711033511355,0.013915233009670125,0.745113395572504,0.0015996884135704992,0.009145350159715848,0.8317261183715344,0.0009025248560526056,0.007108332502561031,-0.0027958666042381675,-0.00870546600049603,0.006267317750466996,0.016588921705410875,-0.008160659498652557,-0.018186055203345874,0.2020074188439829,-0.003159386430032477,0.003171582619726238,-0.014920733602730829,0.0,0.021814732848554595,0.31775792567536765,0.019917799557382265,0.040467910211824165,0.020148791072535754,0.017809728268250613,0.03835983892269251
2026-01-06,3226.0,3291.0,3205.0,3291.0,1093800,0.040467910211824165,0.03849794887977276,0.05129018016220055,0.020148791072535647,0.02683307332293292,0.01991779955738223,3201.4,0.027987755356710275,3039.1040893554687,0.08288492372660738,2761.614021809896,0.19169441276299914,3136.8857968030925,3018.2698378082077,118.61595899488475,109.81982307315646,8.796135921728293,53.78465547756264,77.9209762582236,100.0,88.23848552626275,-0.0,64.28834491324295,0.019534592802559533,3336.91831865399,2741.2898600569474,19.59881731867114,0.922907782542582,0.016205402354742656,0.04642220483183139,1.1990252575799596,1.2820031973895798,0.5022661722290893,0.06879376102920243,-0.03889395320600464,-0.0018933417481855619,0.7981443500127707,-0.03707079914948741,-0.0127725856697819,0.6420452490076636,-0.024612579763286346,0.011342155009451904,1.6912197544289282,-0.04878784290992899,-0.01187496691101586,0.6920320397789619,0.007464047744170429,0.011551717961452483,0.03300386246765374,0.039738462200748066,0.010435613212600808,0.02117909368311742,0.030032296999223357,0.03011108647908313,0.6349314576191483,0.03384201110359789,0.020148791072529402,0.003171582619726238,0.0,0.0,0.34429301698911013,0.0,-0.0012154360376784856,-0.0012154360376784856,-0.003078282137633216,-0.004293718175311701
2026-01-07,3291.0,3347.0,3278.0,3287.0,1516300,-0.0012154360376784856,0.039203288017704674,0.03560176433522377,-0.001215436037678517,0.021049420378279438,0.0,3224.0,0.01954094292772357,3064.232702636719,0.07269921020375536,2774.437060546875,0.1847448431037424,3159.9802896026167,3038.1757757483406,121.80451385427614,112.2167612293804,9.587752624895742,54.622754917591486,77.30396605552673,85.29877796205277,88.72744430586953,-14.701222037947227,64.62489170515417,0.019660751963837698,3356.6125817264847,2771.852823546953,19.083399171229917,0.880955245717999,0.01887689937022667,0.045630579028184286,1.386850031234537,1.6825978787481997,0.38626805631742545,-0.006737934396545686,0.001216915119865769,0.040467910211824165,1.000419814129352,-0.037724368725574164,-0.0018933417481855619,0.6659404522468287,-0.03589899604531921,-0.0127725856697819,0.5356974630970576,-0.03437785214510669,0.013915233009670125,0.5586546191901703,-0.0016681182630193868,0.007739907764385839,0.00045268222534090114,0.027861856570837933,0.004848211725366529,0.025924139605461475,-0.0060636477630450145,0.009677624729762298,0.43855193427209904,-0.0033416286675986475,-0.0012154360376781478,0.020148791072529402,0.0,0.01825372680254997,0.3434950772470831,0.008518405841192678,0.020079099482811058,0.011463046757164363,0.008144778305831685,0.019705471947450065
2026-01-08,3315.0,3369.0,3303.0,3353.0,1250000,0.020079099482811058,0.018839258584016916,0.04454828660436139,0.011463046757164403,0.019981834695731154,0.008518405841192577,3252.6,0.030867613601109678,3090.805029296875,0.08483064063141077,2788.6571044921875,0.20237084530669702,3189.6756296637527,3061.496088655871,128.17954100788165,115.40931718508065,12.770223822801,55.51118043584806,80.10348607856236,95.98941015920946,93.76272937375408,-4.01058984079055,65.86597086907173,0.019643892296168232,3386.710939382744,2794.899119211006,19.147497644209828,0.9430377389674957,0.024843262684800707,0.04527185475724232,1.2079850712372957,1.3356327586906953,-0.17562487634373147,-0.01607029556389783,-0.019683865195639805,-0.0012154360376784856,1.465334210813689,-0.018490903668649472,0.040467910211824165,1.0570352567354833,-0.056665672532342226,-0.0018933417481855619,0.7036271442943,-0.042648374590204985,0.011342155009451904,1.4909434943239197,-0.0018958056999803675,0.004071011466328816,0.021974905182791424,0.04047727513803257,0.0008519573308487034,0.018674947042060838,0.019227142151962355,0.02587333956230055,0.3875905518120921,0.019748888870827052,0.011463046757160946,-0.0012154360376781478,0.0,0.004771846107961595,0.35641763164662965,-0.003877124962719969,-0.018490903668356706,-0.01467065868263473,-0.005955298013488193,-0.02056907671912493
2026-01-09,3340.0,3378.0,3281.0,3291.0,988900,-0.018490903668356706,0.0012169151201704143,0.03849794887977276,-0.014670658682634731,0.029564157269125268,-0.0038771249627199524,3277.0,0.004272200182787733,3114.821875,0.0565612198928529,2801.5220621744793,0.17471857331882812,3205.2639943308677,3078.496378385066,126.76761594580194,117.68097693722491,9.086639008577023,55.78764921551818,71.21664246186127,73.85050179250847,85.0462299712569,-26.149498207491533,68.08983009270946,0.020689708323515275,3393.34077146264,2836.30297853736,17.8834557891141,0.8162767899010976,0.02108702713204757,0.043414518143000326,0.8865710794399604,1.0286351470972184,-0.20887999999999995,-0.029974625190816506,0.018839258583707386,0.020079099482811058,1.1206530986954701,-0.0012154360379820206,-0.0012154360376784856,1.3593970348415532,-3.0386804183990535e-13,0.040467910211824165,0.9806162874824842,-0.03707079914948741,-0.0127725856697819,0.5250932159247494,0.0023449976280601062,0.007149539710158485,-0.02083590129641681,0.031348409169614275,0.005361774277139096,0.027361695904229665,-0.023852677945495802,0.011136252975543093,0.14889090690176918,-0.019289223103082523,-0.014670658682630339,0.011463046757160946,0.0,0.026435733819499714,0.34429301698911013,0.0027347310847767314,0.008204193254329972,0.005454545454545379,0.001880815630969773,0.007350277800523014
2026-01-13,3300.0,3333.0,3248.0,3318.0,1012000,0.008204193254329972,-0.01043841336116913,0.04900411002213079,0.005454545454545455,0.026169950738916255,0.0027347310847766638,3308.0,0.0030229746067100827,3138.431433105469,0.05721602358404598,2815.0267700195313,0.17867440385861766,3222.607995203042,3096.2373873935794,126.3706078094624,119.41890311167242,6.951704697789978,55.25748908561992,72.64017124827078,80.82467445186599,83.55486213452798,-19.175325548134,69.29769937180164,0.020885382571362493,3401.349287234407,2875.513578976531,16.754729853618723,0.8414917702897207,0.008449575508662837,0.040649190282231996,0.863333165557784,1.0234099980684652,0.023359288097886566,0.029384737623933344,-0.008137432188364047,-0.018490903668356706,0.8436266476483129,0.010548523206446392,0.020079099482811058,1.0663700167462749,-0.009342977697706645,-0.0012154360376784856,1.293549485113901,-0.046714888487327744,-0.0018933417481855619,0.6211392073543701,0.0023540595302737146,0.008469173554936617,0.005850133724056258,0.040534936467194166,0.005735175314435618,0.026524466207423363,0.0024690179398943546,0.022479643814707424,0.14725056758038724,0.007359685434106302,0.005454545454543802,-0.014670658682630339,0.0,0.018083182640139216,0.3496287880986004,0.010247136829415249,0.005424954792043302,-0.004773269689737458,0.009653691792801436,0.004831509755429489
2026-01-14,3352.0,3388.0,3330.0,3336.0,849500,0.005424954792043302,0.013673655423883213,0.013673655423883213,-0.00477326968973747,0.017417417417417418,0.010247136829415311,3317.0,0.00572806753059818,3161.480712890625,0.05520175606219402,2829.070735677083,0.17918578631806947,3240.0529190179586,3113.997580919981,126.05533809797771,120.74619010893349,5.30914798904422,55.172254537937555,73.57833449658706,83.89604870607116,79.52374165014855,-16.103951293928837,69.34786370238724,0.020787728927567882,3408.3200985992066,2914.6413271820434,15.615428852823202,0.8535077812003071,0.008523421587594938,0.037957413995642446,0.7562262928175861,0.8536650316896136,-0.16057312252964429,0.02018255172964767,-0.005395683453535582,0.008204193254329972,0.9008840592482603,-0.013489208633389205,-0.018490903668356706,0.8803204013741153,0.005095923261089652,0.020079099482811058,1.1127520494667247,-0.013489208633389205,0.040467910211824165,0.9737025533653628,0.0012692302516975373,0.002323773437411355,0.004155724540345764,0.011349881986471858,0.004030171471426336,0.01961538939693867,0.0013947833206169654,-0.005941733973055457,0.2620302040556848,0.0043689281390060595,-0.004773269689736046,0.005454545454543802,0.0,0.015587529976014512,0.3531379852851177,0.0,-0.0011990407673860837,-0.0011990407673860837,-0.002924025794348826,-0.00412306656173491
2026-01-15,3336.0,3369.0,3312.0,3332.0,545400,-0.0011990407673860837,0.00421940928270037,0.01369029510191666,-0.001199040767386091,0.017210144927536232,0.0,3326.0,0.0018039687309074903,3181.6074462890624,0.047269361870932336,2843.0810343424478,0.17196800223088204,3254.1986237844267,3130.1459082592414,124.05271552518525,121.40749519218384,2.6452203330014044,54.68107000476986,72.97945721331041,80.63900964827967,81.78657760207228,-19.36099035172034,68.46587343793101,0.020547981223862682,3414.7564947795427,2948.458397798582,14.656053735505225,0.8225244852695127,0.006964466618168324,0.03589523957989387,0.586981158270741,0.5667429736444773,-0.35797527957622133,0.05529281845431111,0.0012004801917764318,0.005424954792043302,0.9142656654767043,-0.004201680672567765,0.008204193254329972,1.0891546244407588,-0.012304921969083948,-0.018490903668356706,1.0642934862741764,-0.013505402161160363,-0.0012154360376784856,1.6319023290904375,0.007064371997830914,0.011054523221190434,-0.008263412765216999,0.0026357718807262266,0.011159117342546637,0.025944206263469327,-0.01235815810993272,-0.012253911161552666,-0.004205661938897888,-0.0011521092923068399,-0.0011990407673857317,-0.004773269689736046,0.0,0.016806722689070585,0.35236144024944577,-0.009303721488595484,-0.007503001200480197,0.0018176310209028212,-0.009290840498699248,-0.007490120210583962
2026-01-16,3301.0,3332.0,3267.0,3307.0,870600,-0.007503001200480197,-0.008693045563549107,-0.01371905756039371,0.0018176310209027568,0.019895928986838077,-0.009303721488595438,3316.8,-0.00295465508954329,3199.9149169921875,0.033464978221181996,2857.334676106771,0.1573722979153278,3262.321912432976,3143.2462113511497,119.07570108182654,120.94113637011239,-1.8654352882858518,53.25495633432883,69.18901619822245,70.22058823529412,78.25188219654832,-29.779411764705884,68.21831104950736,0.020628458134105455,3411.0303125032556,2988.7995214811194,13.195063055583331,0.7536174179731918,0.0055815121166727134,0.03274868847689529,1.0202969478987578,0.8977886308981187,0.5962596259625963,-0.018250516381467352,0.007559721801932984,-0.0011990407673860837,0.6391798247001866,0.008769277290290756,0.005424954792043302,0.9955688688720363,0.003326277592681226,0.008204193254329972,1.1860102357839915,0.013909888115810842,0.020079099482811058,1.4649335916304242,0.0003857881677739333,0.013362819505346409,-0.00788878936825413,-0.02708187706574012,0.0030627734904463107,0.02855294752122574,-0.010565774690926507,-0.04227200508161945,0.027772693844102837,-0.0075880626709441965,0.001817631020902206,-0.0011990407673857317,0.0,0.024493498639242668,0.34746547290933116,0.017236165709101803,0.04566071968551566,0.027942925089179615,0.01717649866768998,0.04560105264410384
2026-01-19,3364.0,3458.0,3352.0,3458.0,952700,0.04566071968551566,0.037815126050420256,0.05074445457307819,0.02794292508917955,0.03162291169451074,0.017236165709101903,3350.2,0.03217718345142617,3224.064599609375,0.07255915418627024,2873.7667317708333,0.20329877918377703,3292.426233597134,3166.56130680662,125.86492679051389,121.9258944541927,3.9390323363211905,52.939742422432246,76.96960042980807,100.0,83.61986596119128,-0.0,74.13128883168541,0.02143761967370271,3437.235166625164,3010.894032593586,13.223715619197984,1.0487047383358936,0.017742358742758584,0.03162353774723161,1.1260683583892506,0.9948300581318247,0.09430277969216627,0.04857289755989114,-0.04366685945660964,-0.007503001200480197,1.0290281440261169,-0.03643724696384143,-0.0011990407673860837,0.6446496091796969,-0.03528050896499846,0.005424954792043302,1.0040884543420472,-0.04829381145198142,-0.018490903668356706,1.1688558828709248,0.012698600721524279,0.023956743334190133,0.032962118963991385,0.026787711238888057,0.002148406695682849,0.02490175574205466,0.04351231298983281,0.025842698831023532,0.0587186104158321,0.045534568229737095,0.02794292508917124,0.001817631020902206,0.0,0.0,0.375959606394196,-0.0080971659919028,-0.0063620589936379535,0.0017492711370261649,-0.007822594322270405,-0.006087487324005559
2026-01-20,3430.0,3449.0,3393.0,3436.0,1053500,-0.0063620589936379535,0.03900816449954636,0.035563592525617915,0.001749271137026239,0.01650456822870616,-0.008097165991902834,3373.8,0.01843618471722719,3242.758203125,0.05959179956362948,2889.4856119791666,0.18913898922144368,3314.514505351421,3186.519728524648,127.99477682677298,123.13967092870877,4.85510589806421,52.647043789956854,74.03613614307518,93.5672514619883,87.92927989909414,-6.432748538011696,73.47905391513645,0.021385056436296585,3461.350319101091,3024.166087148909,13.48186341895223,0.9420145621723529,0.019844308017459407,0.03263544512920422,1.2331141780623895,1.1148372295315991,0.1058045554739162,-0.022394421027196798,0.006402793946156393,0.04566071968551566,1.11512850255343,-0.03754365541355131,-0.007503001200480197,1.0190310426398828,-0.03026775320167918,-0.0011990407673860837,0.6383867799859775,-0.03434225844032757,0.008204193254329972,1.184538726339951,0.01017099457597255,0.03200786135181822,-0.016533053569610504,0.0035557311737996963,-0.004676058709290611,0.014373657936351978,-0.0016860002843473425,0.021189934589265935,0.7154733884352812,-0.0030164634243794925,0.001749271137025729,0.02794292508917124,0.0,0.006402793946447496,0.371964004339678,0.004074505238649495,0.002328288707799775,-0.0017391304347825765,0.009417203305397314,0.007670986774547594
2026-01-21,3450.0,3465.0,3419.0,3444.0,624800,0.002328288707799775,-0.004048582995951455,0.03237410071942448,-0.0017391304347826088,0.013454226381983035,0.004074505238649592,3395.4,0.014313482947218459,3260.6142822265624,0.05624268984283343,2905.1315714518228,0.1854884762681146,3334.4353506819716,3205.592341226526,128.84300945544555,124.28033863405614,4.562670821389418,52.488103020088474,74.41794759216862,93.98280802292264,95.85001982830367,-6.017191977077364,71.51626434976956,0.020765465839067593,3483.65487405057,3037.573690402555,13.680893998397185,0.9111039077544681,0.020409647048996362,0.033222244315857484,0.7719288708563493,0.6817343636454894,-0.40692928334124345,-0.029105527113495233,-0.0023228803719504976,-0.0063620589936379535,1.301579810254744,0.004065040650115037,0.04566071968551566,1.177043270270237,-0.03977932636497106,-0.007503001200480197,1.0756102352233319,-0.0313588850177029,0.005424954792043302,1.049541574571813,-0.008738751849454454,0.021558032275048412,0.011067040557254229,0.010816068444376069,-0.007467360985196303,0.0028812963776740875,0.009795649692996077,0.029492804341750393,0.6253273596590433,0.006997833836293531,-0.0017391304347821046,0.001749271137025729,0.0,0.006097560975607986,0.37342285682669346,-0.008130081300813052,-0.011033681765389103,-0.0029274004683840227,-0.012143757423649114,-0.015047357888225164
2026-01-22,3416.0,3464.0,3401.0,3406.0,546300,-0.011033681765389103,-0.008731082654249156,0.02220888355342132,-0.002927400468384075,0.018523963540135253,-0.008130081300813009,3410.2,-0.0012315993199808473,3275.629846191406,0.039800026232859054,2919.640938313802,0.1665818064484057,3345.445296730899,3220.4373529875243,125.00794374337465,124.42585965591985,0.5820840874548026,51.95300229483132,69.21155934424053,83.0945558739255,90.21487178627882,-16.9054441260745,70.90795975335745,0.020818543673909756,3495.3393189510102,3055.920373431802,13.414792456788824,0.7966876033407053,0.017835295474932525,0.0330911865530432,0.6747935042941966,0.6139230050873685,-0.12564020486555694,-0.029662776520927414,0.01115678214885163,0.002328288707799775,0.7717572423265863,0.00880798590692633,-0.0063620589936379535,1.3012904206002858,0.015267175572220903,0.04566071968551566,1.1767815697255741,-0.021726365238102785,-0.0011990407673860837,0.6736818181256724,0.0025561451961019195,0.01683615170476885,-0.013589826961491022,0.00537273184865247,0.0064185199333425935,-0.0009628041704073952,-0.017452201698731698,0.023171687723828716,0.514785961267265,-0.014337845719187971,-0.0029274004683832178,-0.0017391304347821046,0.0,0.01732237228419926,0.3664322721406751,-0.004110393423370495,-0.013211978860833806,-0.009139150943396235,-0.0068121052415147,-0.01591369067897801
2026-01-23,3392.0,3418.0,3357.0,3361.0,709700,-0.013211978860833806,-0.024099883855981385,0.016328999092833474,-0.009139150943396226,0.01817098599940423,-0.004110393423370522,3421.0,-0.017538731365385085,3288.692419433594,0.021986726438174342,2933.4828084309897,0.14573707074033537,3347.8383280030685,3230.849400914374,116.98892708869425,122.93847314247473,-5.94954605378048,50.558061431397746,63.542191305854104,70.20057306590257,82.42597898758358,-29.799426934097422,70.20024834240334,0.020886714770122716,3495.720182449679,3081.6646564175085,12.590278239017646,0.6746325698374765,0.011473263602887767,0.031598631826101745,0.912913670036442,0.8041051624979039,0.29910305692842765,-0.025041821895173344,0.013388872359115345,-0.011033681765389103,0.702726134903351,0.02469503124039729,0.002328288707799775,0.8037036227120881,0.0223147872653906,-0.0063620589936379535,1.355156476515981,-0.01606664683159298,-0.007503001200480197,1.119885361608745,-0.0011121086357148637,0.015351405644748635,-0.012099870225118943,0.0009775934480848389,0.005248223575276442,0.000822121415055199,-0.018460202436110247,0.015506877677778275,0.4116343501520854,-0.015372327961695579,-0.009139150943393532,-0.0029274004683832178,0.0,0.03094317167508749,0.35794951470132336,-0.0002975304968759751,0.00892591490627792,0.009226190476190554,0.004387149699725992,0.013610595102879888
2026-01-26,3360.0,3411.0,3338.0,3391.0,816700,0.00892591490627792,-0.004403992953611269,-0.019375361480624687,0.009226190476190476,0.021869382863990414,-0.0002975304968759298,3407.6,-0.004871463787121444,3301.274951171875,0.027178908195831353,2947.7916748046873,0.1503526619544877,3354.4785852333657,3242.7124082540504,111.76617697931533,120.70401390984286,-8.937836930527524,48.89612645728186,65.56717749304885,71.53846153846153,74.94453015942987,-28.46153846153846,70.40023060366025,0.020760905515670742,3500.924426203554,3101.6254761401956,12.095295180476159,0.7247064481734503,0.009980029857556487,0.030202895810617487,1.0886415773905926,0.9275032480216595,0.15076793011131473,-0.02875714787402517,-0.008846947803300198,-0.013211978860833806,0.9460131351464475,0.004423473901207675,-0.011033681765389103,0.7282048411025845,0.015629607785014654,0.002328288707799775,0.832843464618149,0.01975818342641711,0.04566071968551566,1.2699263264111884,-0.0023655123176381816,0.0003359935091075781,0.011291427223916102,-0.019711354989732265,-0.01138068335373647,-0.012595330620942986,0.02030659826001439,-0.0067800308596817,0.12790661501267958,0.010381579590585503,0.00922619047618773,-0.009139150943393532,0.0,0.021822471247413204,0.363629701831655,0.0011795930404010502,-0.0023591860808021003,-0.003534609720176718,0.0011651692640475316,-0.002373609857155619
2026-01-27,3395.0,3405.0,3371.0,3383.0,590000,-0.0023591860808021003,0.006545670931270564,-0.015424912689173453,-0.0035346097201767305,0.010086027884900622,0.0011795930404010617,3397.0,-0.004121283485721494,3312.0219604492186,0.021430425400963626,2961.9507080078124,0.1421527005337102,3358.8664951974633,3253.104081716713,105.76241348075018,117.71569382402433,-11.953280343274145,47.352901124174245,64.53774305509592,62.21198156682028,67.98367205706147,-37.78801843317972,67.80021413197024,0.020041446683993554,3504.8546916900236,3119.1892292084135,11.644411392408196,0.6840404351845893,0.009132421936606898,0.029240645555196856,0.8973370382706642,0.6735575024031162,-0.277580506918085,-0.013885885143647636,0.002364765001181768,0.00892591490627792,1.2421273883994093,-0.006503103754358142,-0.013211978860833806,1.079389993323204,0.0067986993789515004,-0.011033681765389103,0.8308732610292608,0.01566656813449141,-0.0063620589936379535,1.6022789318951607,-0.0017357836904034914,-0.011374842837094537,-0.000623402390398609,-0.004050069852078916,0.00011276802495389926,-0.00799328832055573,-0.0024719541057559996,-0.007431624368617723,0.17950561428735684,-0.002379428574393422,-0.0035346097201756892,0.00922619047618773,0.0,0.02423884126514211,0.3621248356225668,0.0,-0.007685486254803475,-0.007685486254803475,0.0016342527304460059,-0.006051233524357469
2026-01-28,3383.0,3386.0,3345.0,3357.0,1288400,-0.007685486254803475,-0.010026540843409038,-0.025261324041811806,-0.007685486254803429,0.012257100149476832,0.0,3379.6,-0.006687181915313367,3323.35,0.010125325349117587,2976.039416503906,0.12800925329896962,3358.5793420901614,3260.8000756636234,97.77926642653802,113.72840834452707,-15.949141917989053,45.3930093086499,61.17602341272421,50.23041474654378,61.3269526172752,-49.76958525345622,65.88591312254378,0.019626426309956556,3497.9389744513946,3148.761025548605,10.50680635210825,0.5963692011644418,0.006132381078292524,0.026679253544805735,1.6304299683253165,1.4176921020113313,1.183728813559322,-0.07789252934791013,0.007745010425675325,-0.0023591860808021003,0.7466265766159087,0.010128090556744018,0.00892591490627792,1.0335083476647673,0.0011915400652364738,-0.013211978860833806,0.8981031888547634,0.02591599642507414,0.002328288707799775,0.790664889948508,-0.011165284265184209,-0.013881298201025294,0.0034797980103807337,-0.011380025840786512,-0.009104187280905071,-0.009947349122069274,0.0014187010261015962,-0.015313974919742531,0.3972631414248806,-0.0040687282154706845,-0.007685486254801157,-0.0035346097201756892,0.0,0.032171581769427415,0.3571844858239942,-0.007149240393208189,-0.007745010425975529,-0.0006000600060005468,-0.006240258494881745,-0.006836028527649085
2026-01-29,3333.0,3349.0,3314.0,3331.0,1044600,-0.007745010425975529,-0.01537097250960684,-0.022019964768056344,-0.0006000600060006001,0.01056125528062764,-0.0071492403932082215,3364.6,-0.009986328241392672,3331.2,-6.0038424891883935e-05,2991.2375691731772,0.11358590649141398,3354.3363663839827,3266.0000700589108,88.336296325072,108.64998594063606,-20.31368961556406,42.979907845024506,57.92657070862397,38.24884792626728,50.230414746543794,-61.75115207373272,64.25120504236209,0.019288863717304955,3491.7784543454995,3170.6215456545,9.640877422280242,0.4993772514475401,0.0070966529292524625,0.02472981356495457,1.173864820127635,1.122633104457754,-0.18922694815274754,-0.09640930130645564,0.007805463824374748,-0.007685486254803475,1.4478340362363058,0.0156109276490497,-0.0023591860808021003,0.6630099979660202,0.018012608825872745,0.00892591490627792,0.9177631615912689,0.022515761032416037,-0.011033681765389103,0.6139023082861641,-0.0029198908315281914,-0.019261892985720924,-0.004825119594447338,-0.0027580717823354195,-0.002288110331771933,-0.0180124047082922,-0.005456900094203596,-0.004007560059764145,0.4652173513465024,-0.006680541797840024,-0.00060006000600042,-0.007685486254801157,0.0,0.040228159711786185,0.35216701258215355,0.021014710297208028,0.02972080456319426,0.00852690385180832,0.019190298355513658,0.02789639262149989
2026-01-30,3401.0,3435.0,3367.0,3430.0,713700,0.02972080456319426,0.021745606196008405,0.020529604284439174,0.008526903851808291,0.020196020196020195,0.021014710297208045,3378.4,0.015273502249285142,3342.2,0.0262701214765646,3007.7557169596353,0.1403851651443444,3365.9769254018315,3278.14821301751,87.82871238432153,104.48573122937316,-16.657018845051624,41.82155886960925,65.45153243448135,83.87096774193549,57.45007680491553,-16.129032258064516,67.09040468219337,0.01955988474698945,3498.135371227921,3186.2646287720786,9.331301012980745,0.7815268893408035,0.010857073963320864,0.023321620292151977,0.8012969851158832,0.802779639969585,-0.316771970132108,-0.04886470099055762,-0.02886297376121605,-0.007745010425975529,1.1728104674962192,-0.021282798834104555,-0.007685486254803475,1.4465336074307187,-0.013702623906993061,-0.0023591860808021003,0.6624144895871811,-0.020116618076087445,-0.013211978860833806,0.7968060394237667,0.005471757348355653,-0.012846330344251429,0.024249047214838605,0.0333759346286906,0.003921633482530008,-0.019206121749839735,0.02579917108066425,0.03973572603427891,0.4967801266413304,0.02777261498510212,0.008526903851805785,-0.00060006000600042,0.0,0.010204081632650087,0.3708653990994562,0.013119533527696792,-0.006997084548104993,-0.01985611510791363,0.01486651411387266,-0.005250103961929123
2026-02-02,3475.0,3480.0,3402.0,3406.0,1153800,-0.006997084548104993,0.022515761032722903,0.004423473901503883,-0.019856115107913668,0.02292768959435626,0.013119533527696793,3381.4,0.00727509315638275,3354.05,0.015488737496156757,3023.8738647460937,0.12636973377355676,3372.1343214938574,3287.618715756954,84.51560573690358,100.49170613087925,-15.97610039397567,41.206795665973154,62.53170371715434,65.25821596244131,62.45934387688137,-34.74178403755869,67.86966149060812,0.019926500731235523,3490.316613665965,3217.783386334035,8.125496856991695,0.6906189586810553,0.011470314042328967,0.020523575415911658,1.2042571712168133,1.257628555950737,0.6166456494325347,-0.1147197074615054,0.007046388725482355,0.02972080456319426,0.7449110271255327,-0.022019964768343447,-0.007745010425975529,1.090281713514546,-0.014386376982086224,-0.007685486254803475,1.3447434038791317,-0.0044039929539035905,0.00892591490627792,0.8524153507824331,0.002719925677573562,-0.007740569903102092,-0.009717010225678554,0.012164043804605975,-0.0035166072322316737,-0.011217164873554356,-0.003480477315873319,0.015640638775058238,0.4580523504233454,-0.005386294339865539,-0.019856115107907954,0.008526903851805785,0.0,0.021726365237809242,0.3664322721406751,0.0,0.012331180270111597,0.012331180270111597,-0.005819554754127706,0.006511625515983891
2026-02-03,3406.0,3478.0,3401.0,3448.0,577500,0.012331180270111597,0.005247813411078717,0.019213715637008466,0.012331180270111567,0.022640399882387533,0.0,3394.4,0.01579071411707056,3368.3,0.02366178784519679,3037.9364624023438,0.1349809460044633,3383.805964340956,3299.4988108860684,84.30715345488761,97.25479559568093,-12.94764214079332,40.61592540565425,65.43750168638738,84.97652582159624,78.03523650865769,-15.023474178403756,68.52182852699326,0.019872920106430797,3478.851526448029,3257.7484735519715,6.564232784967411,0.8604653981755176,0.014276979436773272,0.01644771939176538,0.6043317242238131,0.6346774574656202,-0.499479979199168,-0.0764330323263408,-0.012180974478244733,-0.006997084548104993,1.2074076942154728,-0.0052204176336991814,0.02972080456319426,0.7468598295732215,-0.03393271461744951,-0.007745010425975529,1.0931340590895153,-0.01885150812093417,-0.0023591860808021003,0.6174124974754107,0.003932681018801117,-0.002144789696555941,0.00839849925131048,0.02135850533356441,0.012704999218427987,0.00065586386932246,-0.0003738189483163904,0.018557851767686005,0.5443512647211455,0.005415197877279157,0.012331180270107947,-0.019856115107907954,0.0,0.00928074245939406,0.37414974446378524,0.0020301624129930307,0.014211136890951215,0.012156295224312608,0.0006673645967010106,0.012848339074659194
2026-02-04,3455.0,3523.0,3445.0,3497.0,579300,0.014211136890951215,0.026717557251908497,0.04170390229371468,0.01215629522431259,0.022641509433962263,0.0020301624129930394,3422.4,0.02179756895715812,3378.6,0.03504410110666112,3053.467488606771,0.1452553574082618,3401.2204313654242,3314.1285285982117,87.09190276721256,95.22221702998726,-8.130314262774704,40.510475951862055,68.50622455465879,89.84375,80.02616392801254,-10.15625,69.19884077506516,0.019788058557347835,3496.561688695903,3260.638311304097,6.982873894269989,1.0018578544820052,0.01745359900627122,0.017304280665909322,0.7118622823585216,0.6551788877000994,0.0031168831168830735,-0.011950840823110043,-0.014012010294820132,0.012331180270111597,0.7096503850544557,-0.026022304832992282,-0.006997084548104993,1.4178261719062009,-0.019159279382608196,0.02972080456319426,0.877017281062104,-0.04003431512752642,-0.007685486254803475,1.5832269369769016,0.00655375281271802,0.015765747580812922,0.007657384078233195,0.025938154712901756,0.0025035264995483014,0.012670138123881475,0.011707610391402914,0.029033764169833203,0.1859296539202799,0.013745657075309949,0.012156295224309072,0.012331180270107947,0.0,0.007434944237916089,0.38291916468719556,0.010294538175579016,0.011724335144409403,0.001415227851684131,0.009200399142616392,0.01063019611144678
2026-02-05,3533.0,3559.0,3500.0,3538.0,568000,0.011724335144409403,0.026102088167053283,0.06214350045031525,0.001415227851684121,0.01685714285714286,0.010294538175579068,3463.8,0.021421560135971518,3391.15,0.04330389395896872,3069.8138509114583,0.15251287922503187,3422.2634419245896,3330.7116005538996,91.55184137069,94.48814189812781,-2.9363005274378082,40.73349457642741,70.83927097295187,91.42857142857143,88.74961575005591,-8.571428571428571,68.6846378625605,0.019413408101340048,3520.3340160390944,3261.9659839609058,7.618891292870815,1.068375270031702,0.015049914113997864,0.018730921974490493,0.7905787509690853,0.678799815003149,-0.019506300707750723,0.04867615410263415,-0.011588468061330848,0.014211136890951215,0.806306814148576,-0.025438100622095727,0.012331180270111597,0.8038014589518429,-0.0373092142456084,-0.006997084548104993,1.6059326811058638,-0.05850763143045268,-0.007745010425975529,1.4539411325040608,0.006169047074172206,0.025152824547290908,0.005555288070237197,0.036990675903024337,0.005884693538082695,0.020668421663172662,0.005839641606326709,0.041475078787142586,0.25171055335064546,0.010243095677639641,0.0014152278516837205,0.012156295224309072,0.0,0.005935556811756378,0.39007018623830286,0.002826455624646673,-0.00423968343697001,-0.0070462232243517775,0.0027393009290985907,-0.004326838132518092
2026-02-06,3548.0,3556.0,3523.0,3523.0,475200,-0.00423968343697001,0.0074349442379182396,0.027113702623906777,-0.007046223224351747,0.009367016747090548,0.002826455624646693,3482.4,0.011658626234489988,3399.65,0.03628314679421818,3085.679207356771,0.14172594208738287,3437.7613739361914,3344.955185698055,92.8061882381362,94.15175116612949,-1.345562927993285,40.94058329923809,68.83031465527762,85.3061224489796,88.85948129251703,-14.693877551020408,66.13573515809189,0.01877256178202473,3539.597525880199,3259.702474119801,8.233054925077523,0.9407008956542494,0.015529679026704374,0.020377963664621083,0.7084490600974117,0.5954655896826063,-0.16338028169014085,0.0035342076623687824,0.004257734884756115,0.011724335144409403,0.8467993815979163,-0.007380073801019793,0.014211136890951215,0.8636459185909735,-0.021288674425483545,0.012331180270111597,0.8609623994239379,-0.0263979562875315,0.02972080456319426,1.0640153497296354,0.0026700627976634196,0.022286507932915544,-0.0069097462346334295,0.004827194690991233,0.000346249668072803,0.016993516768647528,-0.0045859331050428125,0.010120185855259249,0.27764492146265796,-0.004335817898868555,-0.007046223224349762,0.0014152278516837205,0.0,0.010218563724095879,0.3874732667928238,0.006528526823729841,0.002554640931024643,-0.003948110547095318,0.004006619412170554,3.273351946535578e-05
2026-02-09,3546.0,3583.0,3517.0,3532.0,767700,0.002554640931024643,-0.0016958733747880483,0.03699354081033479,-0.003948110547095319,0.018765993744668752,0.006528526823729776,3507.6,0.006956323411732468,3411.7,0.03526101357064371,3101.216056315104,0.13890807214367995,3452.259624099854,3358.810357127829,93.44926697202527,94.01125432730865,-0.5619873552833781,41.37582704593314,69.39120577743036,81.04089219330855,85.92519535695321,-18.95910780669145,66.12603978965676,0.01872198182039582,3553.6395646040555,3269.760435395944,8.32075297382863,0.9237719072042397,0.010423102875640508,0.0206153624841608,1.293423706197213,0.9755124394672738,0.615530303030303,0.07772987010985366,-0.002548131370610829,-0.00423968343697001,0.8006186598735386,0.001698754246602041,0.011724335144409403,0.9569684318353745,-0.009909399773779803,0.014211136890951215,0.9760067122574515,-0.03567383918487099,-0.006997084548104993,1.9439263673444631,0.005442453173614449,0.02519187481052456,-0.002887812242589806,0.01180166599981023,0.009083211024619706,0.030044416652313253,-0.006528570093595063,0.006949124158021538,0.3587220383108503,-0.0007037070421345251,-0.003948110547094205,-0.007046223224349762,0.0,0.014439411098523659,0.38903406537687335,0.0022650056625141968,-0.004246885617214091,-0.006497175141242928,-0.0029243047123980207,-0.00943619599212631
2026-02-10,3540.0,3574.0,3517.0,3517.0,661600,-0.004246885617214091,-0.0017030939540164658,0.02001160092807419,-0.0064971751412429375,0.01620699459766847,0.0022650056625141564,3521.4,-0.0012495030388478545,3421.65,0.027866672511499546,3115.70263671875,0.1287983514700044,3462.219681930646,3370.5281084516932,91.6915734789527,93.54731815763746,-1.8557446786847578,41.77998195357855,67.22011088626434,75.46468401486989,80.60389955238603,-24.53531598513011,65.47417980468127,0.018616485585630553,3563.820707250083,3279.479292749917,8.310067204423778,0.8353363074725233,0.004507376913968154,0.020737001413019547,1.0839486795519373,0.8598338295745928,-0.13820502800573142,0.02933260962978035,0.004264998578048296,0.002554640931024643,1.2577802316989455,0.0017059994310486548,-0.00423968343697001,0.7785556416612464,0.00597099800938139,0.011724335144409403,0.9305968107398737,-0.019618993460614242,0.012331180270111597,0.9461613700744314,0.0051533741636765424,0.026219068910885053,-0.009400259780890634,-0.006207467982810862,0.014466104171763835,0.031070563395441883,-0.018712989788977924,-0.011058962467367692,0.18503102971535704,-0.006923563768085176,-0.006497175141241102,-0.003948110547094205,0.0,0.018765993744663416,0.38642829653429606,0.013363662212112493,0.017628660790446338,0.004208754208754106,0.011918530763146631,0.016183529341480478
2026-02-12,3564.0,3631.0,3545.0,3579.0,887400,0.017628660790446338,0.013306908267270767,0.02344867028881903,0.004208754208754209,0.024259520451339917,0.013363662212112597,3537.8,0.011645655491827833,3433.8,0.04228551458994634,3131.5608072916666,0.14288056986323028,3480.1858847105464,3385.970470788605,94.21541392194149,93.68093731049827,0.5344766114432247,42.6422580498435,71.22730213678139,83.59621451104101,80.03393023973983,-16.40378548895899,68.9403098186326,0.019262450354460278,3585.808683962426,3281.7913160375742,8.85367138228353,0.977604292778072,0.006819493215612298,0.021787876372500615,1.3205730519166465,1.1504564747856345,0.3412938331318016,0.04007082388092731,-0.01732327465800021,-0.004246885617214091,0.9845516465495304,-0.01313215982145488,0.002554640931024643,1.1424430155019263,-0.015646828723382078,-0.00423968343697001,0.707162851330618,-0.022911427773393944,0.014211136890951215,0.8620779456562015,0.0051691151334761366,0.024905653354898014,0.012459545656970201,-0.0014569830660789845,0.007810211353138893,0.03595147340139671,0.009818449437307444,-0.012502803112577683,0.25757142641993264,0.0156169735115772,0.004208754208753028,-0.006497175141241102,0.0,0.014529198100023882,0.39705736767563804,0.0002794076557697256,-0.00698519139424425,-0.007262569832402255,0.004431555012097096,-0.0028330440379168795
2026-02-13,3580.0,3622.0,3554.0,3554.0,811800,-0.00698519139424425,0.010520329826556818,0.0045223289994347216,-0.007262569832402235,0.019133370849746763,0.0002794076557697681,3541.0,0.003671279299349406,3444.9,0.03167000493453176,3146.589803059896,0.12947674226325567,3491.5419024473854,3398.4171025820415,93.1247998653439,93.5697098214674,-0.44490995612349593,43.44294299637523,67.63685137765272,75.70977917981072,78.25689256857389,-24.290220820189276,68.87314483158741,0.019379050318392807,3597.971094593293,3291.8289054067072,8.886823686800364,0.8563703529065257,0.007165352604526007,0.022094489220969744,1.1263408075855266,1.034580318250058,-0.0851926977687627,-0.010604281456056408,0.007034327518005812,0.017628660790446338,1.231232856185509,-0.010410804727346568,-0.004246885617214091,0.9179441713458788,-0.006190208216374171,0.002554640931024643,1.0651537792355368,-0.004501969611985235,0.011724335144409403,0.7880778254601861,-0.0035866110881855513,0.01494662233397481,-0.003398580306058699,-0.010424293334540088,-0.01612037256631836,0.013623063117417721,0.009135181172074111,-0.009100734117983,0.4010331599713523,-0.0005203874440581,-0.007262569832400206,0.004208754208753028,0.0,0.0216657287563248,0.3928160717251302,0.05036578503095113,0.09032076533483391,0.03803911063487808,0.04882497259631512,0.0887799529001979
2026-02-16,3733.0,3910.0,3712.0,3875.0,1678200,0.09032076533483391,0.08270466610785143,0.0999148453022991,0.038039110634878116,0.05334051724137931,0.050365785030951044,3611.4,0.0729910837899228,3473.3,0.11565370109086004,3166.836796061198,0.22361847153549785,3550.535455917018,3433.719539427816,116.81591648920221,98.21895115501437,18.596965334187843,45.60373902687588,80.92954945694743,94.12751677852349,84.47783682312509,-5.87248322147651,89.38220591504546,0.02306637572000578,3704.381024751036,3242.2189752489644,13.306136800796692,1.3691756504732207,0.03850379658833908,0.030591500512536136,1.7456864941784445,2.034068403458716,1.067257945306726,0.06837289493903098,-0.08283870967765605,-0.00698519139424425,0.8444454153104881,-0.0763870967744319,0.017628660790446338,0.9230855648515979,-0.0923870967744278,-0.004246885617214091,0.6882053298465373,-0.09083870967765395,-0.00423968343697001,0.49430951140126134,0.000656538572088094,0.012778474657280966,0.08966422676274581,0.08713637064501814,0.003842107307899617,0.01665984183644315,0.08647865802693429,0.08325500346585596,0.6234689483050154,0.08792533073230271,0.03803911063486792,-0.007262569832400206,0.0,0.009032258064513798,0.4431144048802742,-0.01806451612903226,0.019354838709677358,0.03810775295663604,-0.018602691278030443,0.018816663560679174
2026-02-17,3805.0,3950.0,3802.0,3950.0,740600,0.019354838709677358,0.11142374788970177,0.11834654586636462,0.03810775295663601,0.0389268805891636,-0.01806451612903226,3695.0,0.06901217861946707,3497.9,0.1292489779578807,3187.129268391927,0.23935983368247316,3611.991539622092,3471.962536507237,140.0290031148552,106.58096154698254,33.44804156787265,47.72373150689884,82.71583801025955,100.0,89.94576531944476,-0.0,93.56919120682792,0.02368840283716563,3808.3505757765456,3187.4494242234546,17.75068331150379,1.2281352255010956,0.051018468745928254,0.04031842659987682,0.7747502147143959,0.9093353600813319,-0.5586938386366345,0.06552735073292815,-0.018987341772400246,0.09032076533483391,1.7555844049874414,-0.1002531645571898,-0.00698519139424425,0.8492333571498063,-0.0939240506331408,0.017628660790446338,0.928319390409877,-0.1058227848103529,0.002554640931024643,0.8030998377480985,-0.002189445161314337,0.005023614815834734,0.021544283870991693,0.11332293105052989,0.0008631947917555266,0.007643187961669177,0.01849164391792183,0.11070335790469545,0.585777371626715,0.018849198733360936,0.03810775295662599,0.03803911063486792,0.0,0.0,0.453688182002798,0.005063291139240533,0.036708860759493644,0.03148614609571787,0.0006749276809604786,0.03232049730121359
2026-02-18,3970.0,4117.0,3970.0,4095.0,1174800,0.036708860759493644,0.0567741935483872,0.16434461188512928,0.031486146095717885,0.03702770780856423,0.005063291139240506,3810.6,0.07463391591847102,3530.85,0.15977739071295582,3209.830155436198,0.2757684368636748,3686.3005335263856,3518.1134597289233,168.1870737974623,118.9021839970785,49.284889800383795,50.06946758173696,85.53652411882169,97.26027397260275,97.12926358370875,-2.73972602739726,98.81424897776878,0.024130463730828975,3934.0572792001512,3127.6427207998486,22.839105552495933,1.1995781439252702,0.057781255926763135,0.050510615367815474,1.1098085041863435,1.4317994018325277,0.5862813934647584,0.13436158837573786,-0.035409035409270984,0.019354838709677358,0.6996290246853983,-0.05372405372428479,0.09032076533483391,1.5853597478085817,-0.13211233211254403,-0.00698519139424425,0.7668901461512374,-0.14114774114795092,-0.004246885617214091,0.6249994095758298,0.0023559222015297958,0.002413680471894631,0.03435293855796385,0.16193093141323464,0.007491520961442203,0.0016951505307325801,0.02921733979805144,0.1626494613543967,0.662153438711599,0.03174832439369467,0.03148614609570995,0.03810775295662599,0.0,0.00537240537240406,0.4730325565106307,-0.00366300366300365,0.011233211233211193,0.01495098039215681,-0.006869032676219973,0.00802718221999487
2026-02-19,4080.0,4141.0,4025.0,4141.0,684900,0.011233211233211193,0.04835443037974674,0.15702710254260976,0.014950980392156863,0.028819875776397514,-0.003663003663003663,3923.0,0.05556971705300651,3565.7,0.16134279384099592,3232.5551961263022,0.2810299434209327,3756.254297599249,3564.2532034527067,192.00109414654253,133.5219660269713,58.479128119571214,52.29208478073603,86.30034341433114,100.0,99.08675799086758,-0.0,100.04180262221386,0.02415885115242446,4045.9770450479477,3085.422954952052,26.938724236360205,1.0989251474037924,0.05615585466421386,0.05949696344149988,0.6727494717900008,0.8316828797672405,-0.41700715015321754,0.12295093595500028,-0.011108427916201258,0.036708860759493644,1.1539583580944561,-0.04612412460781312,0.019354838709677358,0.7274613210799746,-0.06423569186209521,0.09032076533483391,1.6484277464709876,-0.13571601062566163,0.017628660790446338,0.8716570028711442,0.004657758837581294,0.0018732771363107012,0.006575452395629899,0.15515382540629907,0.0048418218886766345,-6.473522103567586e-05,0.006391389344534559,0.15709183776364544,0.6555435336886708,0.008059186202816959,0.014950980392153198,0.03148614609570995,0.0,0.0,0.47888633637068984,-0.009659502535619424,-0.01642115431055302,-0.006827603023652817,-0.00426818396873126,-0.011029835743664857
2026-02-20,4101.0,4101.0,4013.0,4073.0,618600,-0.01642115431055302,-0.005372405372405353,0.1460326392796849,-0.006827603023652768,0.02192873162222776,-0.009659502535619416,4026.8,0.011473130028555767,3599.05,0.1316875286530801,3254.3779093424478,0.2515448769198734,3804.984405660903,3601.938151345099,203.04625431580416,147.42682368473788,55.61943063106628,54.13668074588383,79.60754214802827,90.8108108108108,96.02369492780453,-9.18918918918919,102.03881672062717,0.0250524961258537,4121.148640105477,3076.9513598945227,29.013136250148076,0.9538893262624186,0.027109819687071355,0.06575766049609452,0.631597647998154,0.7478908896588912,-0.09680245291283396,0.13365103710195725,0.016695310581630984,0.011233211233211193,0.699290703384959,0.005401424011538092,0.036708860759493644,1.199484185044021,-0.030198870611581108,0.019354838709677358,0.7561610380010231,-0.1274245028236859,-0.00698519139424425,0.8288570492158122,-0.005763443340127587,-0.0002498713077889091,-0.010657710970425435,0.14628251058747382,-0.008224196090459183,0.007333002142681906,-0.008196958220093838,0.138699637137003,0.90435074012928,-0.008983596489177927,-0.006827603023651102,0.014950980392153198,0.0,0.01669531058187658,0.470186181907939,0.018904984041247186,0.005892462558310774,-0.012771084337349414,0.017516625549805955,0.004504104066869544
