date,open,high,low,close,volume,return_1d,return_2d,return_5d,open_close_ratio,high_low_ratio,gap_ratio,sma_5,close_sma5_ratio,sma_20,close_sma20_ratio,sma_60,close_sma60_ratio,ema_12,ema_26,macd,macd_signal,macd_hist,adx,rsi,stoch_k,stoch_d,willr,atr,atr_ratio,bb_upper,bb_lower,bb_width,bb_position,std_5,std_20,volume_ratio_5,volume_ratio_20,volume_change,obv_change,close_lag1_ratio,return_lag1,volume_lag1_ratio,close_lag2_ratio,return_lag2,volume_lag2_ratio,close_lag3_ratio,return_lag3,volume_lag3_ratio,close_lag5_ratio,return_lag5,volume_lag5_ratio,sector_return_1d,sector_return_5d,rel_return_1d,rel_return_5d,mkt_return_1d,mkt_return_5d,rel_to_mkt_1d,rel_to_mkt_5d,beta_20d,alpha_1d,intraday_return,intraday_return_lag1,vol_spike_flag,dist_running_high,dist_running_low,target_open_return,target_close_return,target_intraday_return,target_alpha_open,target_alpha_close
2025-05-23,375.9830745186393,379.9407910925197,374.00421623169905,376.9725036621094,5400,0.002631528965324925,-0.00522199393290701,-0.018041291816655036,0.0026315789473683863,0.01587301587301597,-4.985085697849755e-08,378.35771484375,-0.003661115204718346,373.70739898681643,0.008737061891566755,375.0091008504232,0.005235613765715241,376.7627304689108,373.6365075892651,3.1262228796456952,2.649586761745214,0.47663611790048144,16.163501864490144,52.52587827694375,58.620650307793504,59.7701248741406,-41.379349692206496,9.209728170889823,0.024430769038583038,389.0368486184279,358.377949355205,8.203985082003818,0.6064977789078562,0.0060424360339286064,0.02086051809957537,0.7478188616535106,0.652489125181247,0.1020408163265305,0.18057022175290394,-0.002624622198638904,-0.007832910367716495,0.6785763744633707,0.005249406298094339,-0.007771953447226254,1.8695471541337765,0.013123353840439833,0.010471166987765956,0.5677883949591469,0.01837276014118694,0.018372760143888334,0.5816368923971749,0.0038535412131968064,0.0026911195114706,-0.0012220122478718812,-0.020732411328125637,0.0007983955747277594,-2.4047221070265733e-05,0.0018331333905971658,-0.01801724459558477,1.498328427863727,0.0014352701790297246,0.002631578947361387,0.0,0.0,0.0676767121160836,0.21784776406212447,-0.002624659300087262,0.007874028496754004,0.010526315789473717,-0.011619167179968998,-0.0011204793831277315
2025-05-26,375.9830792744954,379.9407958984375,375.9830792744954,379.9407958984375,4400,0.007874028496754004,0.010526278196141936,0.005235583493883089,0.010526315789473734,0.010526315789473734,-0.002624659300087306,378.75348510742185,0.003134785121979178,374.10317077636716,0.015604318746991863,374.7636220296224,0.013814504833107977,377.25166361191486,374.103491908463,3.148171703451851,2.7493037500865416,0.39886795336530945,15.667633938694022,54.523763232024365,68.96549597559934,60.91952853560133,-31.034504024400665,8.834584488964984,0.023252529300126317,389.6457150090112,358.5606265437231,8.309228815350046,0.6877950300379251,0.006217349138851773,0.020985261508005375,0.6810091317133571,0.5597252257982445,-0.18518518518518523,0.0437317784256559,-0.007812512552913042,0.002631528965324925,0.8357839343754837,-0.010416629855053317,-0.007832910367716495,0.7583965330444203,-0.002604117304772058,-0.007771953447226254,2.089459835938709,-0.00520831492884255,-0.0154639417017427,1.2691533818294383,0.006588621630689372,0.006803590275961516,0.0012854068660646326,-0.0015680067820784266,0.006003028249758195,0.002820296127063413,0.0018710002469958095,0.002415287366819676,1.4259563178448529,-0.000686027562189823,0.01052631578944574,0.002631578947361387,0.0,0.0593354744030339,0.2239583382216195,1.2453012399049612e-08,0.007812512550301687,0.0078125,-0.00870796872552608,-0.0008954686282367924
2025-05-27,379.94080062984494,384.8879464713794,375.9830839566174,382.9090881347656,8800,0.007812512550301687,0.015748056993507786,0.002590704419579426,0.007812500000000047,0.02368421052631578,1.2453012402698663e-08,378.9513732910156,0.010443859348941542,374.74629974365234,0.021782172087290386,374.60017852783204,0.022180741180010122,378.1220366154304,374.75575829559654,3.366278319833839,2.872698664036001,0.4935796557978378,15.797469842038847,56.49542819650046,78.57142694243304,68.7191910752753,-21.428573057566968,8.839604347950484,0.02308538664095714,390.62501998673844,358.86757950056625,8.474384005364714,0.7570354621200509,0.007076515559681149,0.021272964958259737,1.1890285096608566,1.131687242798354,1.0,-0.002024291497975672,-0.007751950343564795,0.007874028496754004,0.5945142548304283,-0.015503900684517902,0.002631528965324925,0.7296311309282529,-0.01808783099865008,-0.007832910367716495,0.6620726928793407,-0.0025840100160221535,0.010471166987765956,0.5539791920010809,0.007553484446024606,0.014988078847563391,0.0002590281042770806,-0.012397374427983965,0.0061067657329780325,0.011132302335357384,0.0017057468173236542,-0.008541597915777958,1.4233428934252956,-0.0008795090575457118,0.007812499999979484,0.01052631578944574,0.0,0.051123558411051484,0.2299741746462363,1.2261427650983592e-08,0.007751950340973535,0.007751937984495916,-0.002394185178313914,0.00535775290123197
2025-05-28,382.9090928297777,385.87738037109375,380.9302344689002,385.87738037109375,4700,0.007751950340973535,0.01562502510060315,0.01827673717024214,0.007751937984495963,0.012987012987013068,1.2261427649359787e-08,380.336572265625,0.014568170690102633,375.83467254638674,0.026721078594580172,374.56761525472007,0.030194188324723203,379.31516642399396,375.57958215304075,3.735584270953211,3.0452757854194434,0.6903084855337678,16.031374113840734,58.43608923764382,86.9565359747243,78.16448629758555,-13.043464025275693,8.561571601824989,0.022187285488382964,391.631799812707,360.03754528006647,8.406423579437334,0.8178650034085064,0.010664943614010545,0.021000856003466933,0.8331856053891155,0.6203801478352693,-0.46590909090909094,-0.16384683882457707,-0.0076923198619879285,0.007812512550301687,1.5600070909413224,-0.015384639721384374,0.007874028496754004,0.7800035454706612,-0.02307695958078071,0.002631528965324925,0.9572770785321751,-0.01794869361704554,-0.007771953447226254,2.3931926963304377,0.006725507406785535,0.021907930007102335,0.0010264429341879993,-0.003631192836860194,0.0016820946314488518,0.013119171886127446,0.006069855709524683,0.005157565284114695,1.7599933255764018,0.004791475016635658,0.007751937984475718,0.007812499999979484,0.0,0.04303797978800672,0.23589745959485317,-2.4714439494921692e-08,-0.015384639718832749,-0.01538461538461533,-0.007039659604157249,-0.022424274608550503
2025-05-29,385.8773708343506,393.7928040822347,373.0147918065389,379.9407958984375,86300,-0.015384639718832749,-0.007751950340973424,0.010526278196141936,-0.015384615384615385,0.05570291777188329,-2.4714439480466892e-08,381.12811279296875,-0.003115269789014663,376.32938690185546,0.009596404429915717,374.35470021565754,0.014921932804762505,379.4114171123699,375.90263502307016,3.508782089299757,3.1379770461955063,0.37080504310425066,15.039738467364643,53.313746103962345,33.33333333333343,66.2870987501636,-66.66666666666657,9.434174507101476,0.024830643639538272,391.9895830230547,360.6691907806562,8.322600714295712,0.6153053566070372,0.008907634818109468,0.021144112955444425,3.9368641941517266,7.344055825036167,17.361702127659573,0.5375426621160408,0.01562502509793018,0.007751950340973535,0.21440627708589938,0.007812512547649142,0.007812512550301687,0.40144154007572647,-2.6320057244788586e-12,0.007874028496754004,0.20072077003786323,-0.010416629855053317,-0.007832910367716495,0.2235299484512568,0.01035156865632115,0.03377036134312021,-0.025736208375153898,-0.023244083146978275,0.003999807719391355,0.01783051249408719,-0.019384447438224102,-0.007304234297945255,1.4880956014908002,-0.02133673599286797,-0.015384615384575516,0.007751937984475718,1.0,0.0593354744030339,0.2239583382216195,0.08333332133120575,0.20833331994634485,0.11538461538461542,0.07719093363862785,0.20219093225376694
2025-05-30,411.6025243298761,459.0951232910156,410.61309518485234,459.0951232910156,169600,0.20833331994634485,0.18974354715870945,0.21784777094117969,0.11538461538461539,0.1180722891566265,0.08333332133120581,397.55263671875,0.1548033666159514,380.9797027587891,0.2050382736018852,375.42846018473307,0.22285647461007807,391.6704488321616,382.0650415614365,9.605407270725095,4.431463091101424,5.173944179623671,18.01945348920478,79.33015734667876,99.99999999999999,73.42995643601924,-0.0,14.414185427492665,0.03139694737799309,419.8100970069546,342.14930851062354,20.38449500956766,1.5058540744267226,0.07512869750048112,0.043388768340509414,3.0970946476507004,8.41436793014487,0.9652375434530707,-0.9051878354203936,-0.17241378393651674,-0.015384639718832749,1.575939080732638,-0.15948272853761158,0.007751950340973535,0.08582750497616917,-0.16594825623706422,0.007812512550301687,0.16069830718942313,-0.17887931163596937,0.002631528965324925,0.09861032486623691,-0.0027308274958298758,0.02665023390136172,0.21106414744217472,0.19119753703981796,0.004127683521424528,0.02159456240563276,0.20420563642492032,0.19625320853554692,3.3406181346606374,0.1945443055205342,0.11538461538433506,-0.015384615384575516,1.0,0.0,0.35775861761952227,0.03448276697537733,-0.07758619944695522,-0.10833333333333328,0.03624153829626122,-0.07582742812607134
2025-06-02,474.9259934469918,498.67229311934136,423.4756774902344,423.4756774902344,805000,-0.07758619944695522,0.11458332998658616,0.11458332998658616,-0.10833333333333331,0.1775700934579438,0.03448276697537726,406.2596130371094,0.042377002044035494,383.94799041748047,0.10295062888249817,375.98997192382814,0.12629513846422502,396.56356093340355,385.1324960746808,11.431064858722777,5.831383444625695,5.599681414097082,21.61102855291395,62.46188432776939,40.157479781554706,57.83027103829605,-59.842520218445294,18.75578758475083,0.044290117665940945,426.10033649341227,341.79564434154867,21.957320849679686,0.9688669878723959,0.08130034411468728,0.05106243033804793,3.7462595576156104,13.33642583787545,3.746462264150943,6.594040968342644,0.0841121407746459,0.20833331994634485,0.7892740633187671,-0.1028037356258743,-0.015384639718832749,0.401617639530717,-0.08878502147486111,0.007751950340973535,0.021872571330178097,-0.1028037356258743,0.007874028496754004,0.02047644975591141,-0.00788988023132036,0.013556926933178228,-0.06969631921563485,0.10102640305340793,-0.0005862571069612958,0.014833262151073596,-0.07699994233999392,0.09975006783551256,4.353777831111933,-0.07503376625133532,-0.10833333333310521,0.11538461538433506,1.0,0.1775700934575245,0.30373832005191576,-0.007009324045944343,-0.04672895108410646,-0.039999999999999925,-0.007537866693514448,-0.04725749373167657
2025-06-03,420.5073992411295,420.5073992411295,399.7293865727443,403.6871032714844,131000,-0.04672895108410646,-0.12068962881230316,0.054263572687535344,-0.03999999999999991,0.05198019801980192,-0.007009324045944306,410.41521606445315,-0.016393429216561395,385.8279052734375,0.0462879894193855,376.22167409261067,0.07300331445295694,397.65949052387754,386.50691142259217,11.152579101285369,6.89562257595763,4.256956525327738,23.177294642893113,55.4124871696455,24.409455181344182,54.85564498763296,-75.59054481865581,19.112252108517914,0.047344222675395585,427.9802525742929,343.67555797258217,21.850336237852908,0.7118410852731379,0.07946620016017658,0.05356549103212394,0.5473819681515621,1.9688589635685945,-0.8372670807453416,8.600405679513184,0.04901958486494662,-0.07758619944695522,3.3636830867328817,0.13725486786515306,0.20833331994634485,0.7086716167824805,-0.05882354720165128,-0.015384639718832749,0.36060354085099094,-0.05147059435211587,0.007812512550301687,0.03677069709720417,0.00217167620504956,0.00798830341892409,-0.04890062728915602,0.04627526926861125,0.0001761808825233684,0.008776935281908052,-0.046905131966629834,0.04548663740562729,4.982415192338162,-0.047606757389790436,-0.03999999999990479,-0.10833333333310521,0.0,0.23529409059110573,0.26960786154176564,0.009803933091383277,0.03921569813287995,0.029126213592232997,-0.0029388213296791567,0.026472943711817517
2025-06-04,407.64482462181235,422.4862624114415,405.6659662498618,419.5179748535156,82200,0.03921569813287995,-0.009345761391006957,0.08717949326304142,0.029126213592233025,0.04146341463414644,0.009803933091383298,417.1433349609375,0.005692623356417181,388.7961929321289,0.07901770253617357,376.71722412109375,0.11361506188405701,401.0223342668988,388.95217538043835,12.070158886460433,7.930529838058192,4.1396290484022416,24.684242839773365,59.363663823945515,37.00788457603909,33.85827317964599,-62.99211542396091,19.089888325049287,0.04550433943067507,431.65332149359233,345.9390643706655,22.046063897001616,0.8584209086398213,0.06919667421223272,0.05240596204708546,0.3225793792505327,1.168592996971894,-0.37251908396946565,8.205537806176784,-0.03773586003918239,-0.04672895108410646,0.5140863586596082,0.009433928634622335,-0.07758619944695522,3.1590802955800346,0.09433957734522558,0.20833331994634485,0.6655652399135079,-0.08018868439448412,0.007751950340973535,0.018444319738169145,0.007097607836614318,0.008493498620504284,0.03211809029626563,0.07868599464253713,0.004247584807020811,0.011498350654941567,0.03496811332585914,0.07568114260809986,5.878781817276129,0.014245073802027674,0.029126213592161575,-0.03999999999990479,0.0,0.18867920568427518,0.2971698370506037,0.002358450983091176,-0.009434001381416035,-0.011764705882353121,0.008380414958960403,-0.0034120374055468077
2025-06-05,420.5073874337333,423.4756748744419,406.65537937709263,415.5602416992187,82600,-0.009434001381416035,0.02941173580110501,0.09374998995975847,-0.011764705882353172,0.04136253041362514,0.0023584509830911317,424.26722412109376,-0.02052240175019837,391.3192367553711,0.06194687780692898,377.17937520345055,0.10175759603494683,403.25893541033264,390.92314325590354,12.3357921544291,8.811582301332374,3.5242098530967265,26.11128848591128,57.98035098967795,33.858265084207204,31.758534947196825,-66.1417349157928,18.92777455164214,0.045547606946711866,434.2403900564163,348.3980834543259,21.936643675852245,0.7823899531988728,0.050124551451058756,0.052984104005271905,0.3250931789468713,1.1100509333297497,0.0048661800486617945,4.2552719200887905,0.009523849387285788,0.03921569813287995,0.32351887783816974,-0.028571401297094012,-0.04672895108410646,0.5155836130997595,0.019047625339783547,-0.07758619944695522,3.168280981261881,-0.08571427732366355,-0.015384639718832749,0.33965546420236065,-0.0012688057619290166,-0.002877023779767503,-0.008165195619487019,0.09662701373952598,-0.0020073213252897425,0.0052173520211583535,-0.007426680056126293,0.08853263793860013,5.818531889070376,0.0022456617613933402,-0.011764705882325194,0.029126213592161575,0.0,0.20000000741187107,0.29047618843214085,0.019047636758226627,0.026190494025223554,0.007009345794392496,0.02001983600918281,0.027162693276179737
2025-06-06,423.47568223426623,429.4122572188588,415.5602489214762,426.4439697265625,66600,0.026190494025223554,0.016509411486993475,-0.0711206717474886,0.007009345794392549,0.0333333333333335,0.019047636758226526,417.73699340820315,0.0208432014754083,394.08963775634766,0.08209891575260442,377.8066396077474,0.1287360385412586,406.8258637666757,393.55431558706346,13.271548179612239,9.703575476988348,3.5679727026238908,27.606709407340535,60.69295243367576,42.51968832884953,37.79527932969861,-57.48031167115047,18.565220335070567,0.04353495805540672,438.54176864373494,349.6375068689604,22.55940102382014,0.8639232959627923,0.02077829160896822,0.05347352434559169,0.28524805016254,0.8649238321580239,-0.19370460048426152,82.05660377358491,-0.025522058701631933,-0.009434001381416035,0.3537761102616487,-0.016241277555106737,0.03921569813287995,0.35206290875917096,-0.053364259015355575,-0.04672895108410646,0.5610734920614525,0.07656610453258983,0.20833331994634485,0.7263974370505523,-0.0022312170965295133,-0.002285031396348063,0.028421711121753068,-0.06883564035114054,-0.00032406641698539415,0.0005387702776680952,0.02651456044220895,-0.07165944202515669,6.6790684277737835,0.028354955799412475,0.007009345794375997,-0.011764705882325194,0.0,0.16937353678356049,0.30858469679951755,0.004640353769483019,-0.025522058699346872,-0.030023094688221952,-0.007728211690922939,-0.037890624159752834
2025-06-09,428.4228206089565,428.4228206089565,410.6130959647042,415.5602416992187,50900,-0.025522058699346872,0.0,-0.01869159484654992,-0.0300230946882219,0.04337349397590378,0.0046403537694831186,416.15390625,-0.0014265504729473744,395.5737808227539,0.050525241672601195,378.28507232666016,0.09853724637400396,408.16961421783617,395.1843841879639,12.985230029872298,10.35990638756514,2.6253236423071584,28.604293750542478,56.74777033384432,33.858265084207204,36.745406165754645,-66.1417349157928,18.511256357154974,0.044545301738727984,440.80530025694003,350.3422613885678,22.868815693552325,0.7209351037338683,0.019891997963975123,0.055836140124385585,0.6157680163559599,0.6476568563830464,-0.2357357357357357,0.14185875429131922,0.026190494022753974,0.026190494025223554,0.8057003907525919,-2.406408405875027e-12,-0.009434001381416035,0.99926204618865,0.009523849387285788,0.03921569813287995,0.9944230048027486,0.019047625339783547,-0.07758619944695522,9.738570789126674,0.004528056432280035,0.010279183284305847,-0.030050115131626906,-0.028970778130855766,0.004122855153468653,0.005285971223265585,-0.029644913852815525,-0.023977566069815506,6.052282302222134,-0.050474741979310525,-0.030023094688151824,0.007009345794375997,0.0,0.20000000741187107,0.29047618843214085,0.07619053309381063,0.19047625342235697,0.10619469026548667,0.06789496148299887,0.1821806818115452
2025-06-10,447.221998046875,494.714599609375,446.2325688476563,494.714599609375,477600,0.19047625342235697,0.1600928486023332,0.22549022646550476,0.10619469026548672,0.10864745011086463,0.07619053309381073,434.3594055175781,0.13895219793557678,401.1640563964844,0.23319771978573822,380.01761728922526,0.3018201712252564,421.484227354996,402.556992737698,18.927234617297984,12.07337203351171,6.853862583786274,30.989126462634538,71.33922415552166,96.8504120576818,57.74278849024618,-3.1495879423182007,22.84290646808364,0.0461739081201043,463.2493777544694,339.0787350384994,30.95258429465271,1.253403068283054,0.06878954937180426,0.06437873042933213,3.142498075417322,4.692427859816665,8.38310412573674,-0.520705683498838,-0.16000004441651072,-0.025522058699346872,0.33491028483823637,-0.13800003059861332,0.026190494025223554,0.4382126713207572,-0.16000004441651072,-0.009434001381416035,0.5434889887551734,-0.184000020235064,-0.04672895108410646,0.8619498489942822,0.00818337132623139,0.016475890348321448,0.18229288209612557,0.2090143361171833,0.0027651905369372545,0.008109648435795511,0.18771106288541972,0.21738057802970925,7.483766162342297,0.1697822140495968,0.10619469026524928,-0.030023094688151824,1.0,0.007999952928584164,0.4040000297961361,-0.00999999303583532,-0.08799999358452704,-0.07878787878787874,-0.025392255742717765,-0.10339225629140948
2025-06-11,489.7674570585552,519.4503332439222,451.1797180175781,451.1797180175781,658900,-0.08799999358452704,0.08571435075865774,0.07547172007377734,-0.07878787878787875,0.15131578947368415,-0.009999993035835342,440.69175415039064,0.023798865686478488,404.5281158447266,0.11532350989824125,380.9920176188151,0.18422354577465727,426.0527643800086,406.1586760917632,19.894088288245428,13.637515284458454,6.256573003786974,33.537923459111646,59.45831026605883,53.37838440298528,61.36235384829143,-46.62161559701472,26.087742807959383,0.057821178049686124,469.7202406668754,339.3359910225778,32.23119593851521,0.8578009023338492,0.07429650684160781,0.07412313333553233,2.4648269309182593,4.929819835996888,0.37960636515912904,0.28713558537714023,0.096491220354467,0.19047625342235697,1.78661609076728,-0.07894742360270002,-0.025522058699346872,0.19040778689291152,-0.05482460160364988,0.026190494025223554,0.24913867597382922,-0.07017545758508315,0.03921569813287995,0.3074954829586901,0.01058045841707393,0.020070651953224543,-0.09858045200160097,0.055401068120552795,0.005130754235627482,0.008869087579047455,-0.09313074782015451,0.06660263249472988,4.826377770900928,-0.1127629517753153,-0.07878787878771788,0.10619469026524928,1.0,0.15131578947334878,0.34649126533861835,0.017543828073478096,0.03728066956628262,0.0193965517241379,0.01219922779290361,0.031936069285708135
2025-06-12,459.0951374207188,479.87315010570825,457.1162790697674,468.0,203300,0.03728066956628262,-0.054000022700904204,0.12619050871266224,0.019396551724137966,0.04978354978354985,0.017543828073478,451.17970581054686,0.037280697628449655,409.0794906616211,0.1440319318916241,382.36072794596356,0.2239750732583481,432.50618524462266,410.7395148997807,21.76667034484194,15.263346296535152,6.503324048306789,35.904663527268966,62.085590230121774,64.86485948773397,71.69788531613368,-35.13514051226603,26.273863470828722,0.05614073391190723,478.5131046466609,339.6458766765813,33.946269891331866,0.9242938395160731,0.06806496515033206,0.07610831715335004,0.6975204229725418,1.4156297219572316,-0.6914554560631355,-0.03980992608236533,-0.035940773468773335,-0.08799999358452704,2.260679816510614,0.0570824777955512,0.19047625342235697,1.6386411904165565,-0.11205076560185734,-0.025522058699346872,0.17463743005067572,-0.11205076560185734,-0.009434001381416035,0.28339983737103763,0.00018835948723812973,0.019817499497990165,0.03709231007904449,0.10637300921467208,0.0017815334268581617,0.01226346231976674,0.03549913613942446,0.1139270463928955,4.695236125840657,0.028915949461105477,0.01939655172409572,-0.07878787878771788,0.0,0.10993660949532527,0.3699788747295514,0.03382660665942128,-0.0190275143354367,-0.05112474437627801,0.06055741826070646,0.00770329726584848
2025-06-13,483.8308519166091,484.8202810616329,453.1585484208731,459.0951232910156,91500,-0.0190275143354367,0.01754379675623885,0.07656610453511425,-0.05112474437627805,0.06986899563318799,0.033826606659421166,457.7099365234375,0.003026341916665398,412.83932037353514,0.11204311370950903,383.5158971150716,0.19706934378282082,436.59679109791387,414.32141181764996,22.275379280263905,16.665752893280903,5.6096263869830025,38.168457494200155,59.87342318008508,58.78376973208052,59.009004540933255,-41.21623026791948,26.658711268680943,0.058067946959489254,484.5190107267113,341.159630020359,34.72522447150659,0.8226562690880183,0.06252973719704615,0.0800943060113364,0.30866175731427165,0.6183435151646213,-0.5499262174126907,0.13675601999091325,0.01939658309617953,0.03728066956628262,0.6858025711693052,-0.017241318569621966,-0.08799999358452704,2.2227019879166514,0.0775862659179305,0.19047625342235697,1.6111131726043293,-0.07112067174951187,0.026190494025223554,0.22466527909432232,-0.01398069793500356,0.009696801120927304,-0.005046816400433142,0.06686930341418695,-0.008910270533761727,0.003919492267771624,-0.010117243801674974,0.07264661226734263,3.8722881586777036,0.015475620743063696,-0.051124744376172385,0.01939655172409572,0.0,0.1314655871753108,0.35775861761952227,3.063553122295559e-08,-0.008620659283740673,-0.008620689655172487,-0.020968647884717674,-0.02958933780398957
2025-06-16,459.0951373556386,472.9471458103346,451.1797039529551,455.1374206542969,51700,-0.008620659283740673,-0.02748414390107501,0.0952381267111786,-0.00862068965517244,0.04824561403508787,3.063553120102319e-08,465.6253723144531,-0.02252444193279657,416.6980941772461,0.09224742568562849,384.6051045735677,0.18338892344590363,439.4491956450497,417.3448198796238,22.104375765425914,17.753477467709907,4.350898297716007,40.1290418583343,58.86946158109813,56.081077067532895,59.909902095782456,-43.9189229324671,26.309334882159412,0.0578052554858702,488.7602691172177,344.6359192372745,34.58723519350648,0.7667094526988052,0.03826334729116322,0.08122187732458391,0.17430824575776885,0.3443200511485105,-0.4349726775956284,0.13014066358853227,0.008695621269770637,-0.0190275143354367,0.30849525119605126,0.02826086970872188,0.03728066956628262,0.6854326182312265,-0.0086956212741649,-0.08799999358452704,2.2215029618915647,-0.08695654797862107,-0.025522058699346872,0.1716110195178034,0.0068827047195007,0.009497250081702512,-0.015503364003241373,0.08574087662947608,0.006989559506749633,0.005774005012437475,-0.015610218790490306,0.08946412169874111,3.2582483328633227,-0.03139437989405665,-0.008620689655153661,-0.051124744376172385,0.0,0.14130438340365195,0.3521739297931566,0.01739132471337257,0.04130436867031073,0.02350427350427342,0.0006749144357451504,0.024587958392683313
2025-06-17,463.05286332610257,475.9154428629388,457.1162881552551,473.93658447265625,54900,0.04130436867031073,0.03232763849733322,-0.04200000394798331,0.023504273504273483,0.04112554112554116,0.01739132471337251,461.4697692871094,0.027015453696520364,421.29894104003904,0.12494131435875078,385.99134928385416,0.22784250307874188,444.7549477723738,421.53680244207067,23.218145330303116,18.84641104022855,4.371734290074567,41.99560302629341,62.11874384508991,68.91891932483627,61.261255374816564,-31.08108067516373,25.914241119765304,0.05467871012436211,495.60659050712275,346.99129157295533,35.275497860803654,0.8541872459304091,0.01972832512348485,0.08043063380750415,0.2588877728578098,0.35954967876299193,0.061895551257253434,1.1988097862023364,-0.03966598999787563,-0.008620659283740673,0.24379777516846568,-0.03131528915228865,-0.0190275143354367,0.431479621429683,-0.012526115662181425,0.03728066956628262,0.9586864157011425,0.04384134041644905,0.19047625342235697,2.2521821551346073,0.012129517658382256,0.013488727763887657,0.029174851011928474,-0.055488731711870964,0.005572136759209139,0.008777546837879619,0.03573223191110159,-0.05077755078586293,3.6853019637703976,0.02076936212920007,0.023504273504222722,-0.008620689655153661,0.0,0.09603341514943924,0.3778705922129774,0.0271398739532267,0.05427974867150276,0.026422764227642226,0.016802400669893185,0.04394227538816924
2025-06-18,486.7991636370669,519.4503270517482,477.8943008876083,499.6617431640625,228700,0.05427974867150276,0.0978261080922731,0.10745612714930486,0.02642276422764214,0.08695652173913052,0.027139873953226652,471.1661743164062,0.060478808539129014,427.33445892333987,0.16925216941732346,387.8226287841797,0.28837696946464675,453.20214706340283,427.32383508814416,25.87831197525867,20.252791227234574,5.625520748024094,44.27919285019613,66.06898907881214,83.47107116166526,69.49035585134482,-16.528928838334732,27.31420550971721,0.05466539290500374,506.3622991071242,348.3066187395555,36.986411244669256,0.957606357914634,0.03512830142033056,0.08113574267964624,1.8147769022623215,1.3991960893478779,3.1657559198542806,-0.3089160524896638,-0.0514851477910887,0.04130436867031073,0.4356416787678244,-0.08910892842972185,-0.008620659283740673,0.410249085469882,-0.0811881646513124,-0.0190275143354367,0.7260694646130407,-0.09702969220813129,-0.08799999358452704,5.2284936637544535,0.0030161016527184047,0.00577080031278511,0.05126364701878435,0.10168532683651975,0.003445824427777838,0.007233232993024904,0.05083392424372492,0.10022289415627995,3.7335226515803197,0.04141468511702541,0.02642276422758786,0.023504273504222722,0.0,0.03960397278869223,0.40990101671682966,0.04950497274465837,0.19801982737833623,0.141509433962264,0.049116556393938256,0.1976314110276161
2025-06-19,524.3974841409479,598.6046752929688,520.4397672795068,598.6046752929688,1223600,0.19801982737833623,0.2630480425119095,0.27906981900206995,0.14150943396226404,0.1501901140684409,0.04950497274465832,497.287109375,0.2037405836722832,438.46553802490234,0.3652262797848578,391.3355204264323,0.529645646884159,475.5717667910284,440.011304732946,35.56046205808241,23.314325393404143,12.246136664678264,46.97426023555675,76.30396401935928,99.99999999999999,84.12999682883384,-0.0,32.43054312537357,0.05417689581099121,543.7703370050533,333.1607390447514,48.03332980489347,1.2603601109302305,0.09901228120833352,0.09024356857157534,3.7069688955135254,5.453103134776679,4.35024048972453,-1.5000549873529088,-0.16528927389569148,0.05427974867150276,0.6928602373356842,-0.20826447899039424,0.04130436867031073,0.16632281167349833,-0.2396694522461198,-0.008620659283740673,0.15662822155773887,-0.21818184969876842,0.03728066956628262,0.6159094282918435,-0.0019779047170119662,0.003932689951271402,0.1999977320953482,0.27513712905079857,0.00012947211690670445,0.006045177457938182,0.19789035526142953,0.27302464154413175,1.9979977528414323,0.19776114237970102,0.1415094339619942,0.02642276422758786,1.0,0.0,0.5074380491893049,-0.03305783889300817,-0.10247932738274101,-0.07179487179487176,-0.024580111444538887,-0.09400159993427172
2025-06-20,578.8160983765323,578.8160983765323,515.4926277849116,537.2600708007812,673700,-0.10247932738274101,0.07524756127741683,0.17025871882376253,-0.0717948717948718,0.12284069097888684,-0.033057838893008215,512.9200988769531,0.04745373007623099,446.47991638183595,0.20332416103595907,393.84228363037107,0.3641503036368907,485.06227510022114,447.2149170342671,37.84735806595404,26.220931927914123,11.626426138039918,49.21195096597226,63.51237210308815,69.15423485394085,84.20843533853537,-30.845765146059154,36.050650581279534,0.06710093033245383,556.15203194778,336.8078008158919,49.12745749224289,0.9138707179600302,0.10598203988752605,0.10471764282623738,1.5087756230949945,2.613255960993169,-0.4494115724092841,-0.7811750599520384,0.11418046459257569,0.19801982737833623,2.740296648981795,-0.06998161538714165,0.05427974867150276,0.5121819578474472,-0.11786374936559874,0.04130436867031073,0.12295054431930413,-0.1454881011241278,-0.0190275143354367,0.20491757386550688,-0.0016326522069313825,0.018408331080308538,-0.10084667517580963,0.151850387743454,-0.004243111603310251,0.010860050395979292,-0.09823621577943076,0.15939866842778325,4.377311693335107,-0.08390590534544518,-0.07179487179474778,0.1415094339619942,0.0,0.11418046459443701,0.45119709680419745,-0.003683284769307349,-0.003683284769307349,0.0,0.002694981372287888,0.002694981372287888
2025-06-23,535.2811889648438,537.2600473343996,518.4608928236195,535.2811889648438,136000,-0.003683284769307349,-0.10578515160633062,0.17608696774555188,0.0,0.03625954198473286,-0.0036832847693073385,528.9488525390625,0.011971547710847297,454.24693603515624,0.17839251407132783,396.3323471069336,0.3505866802718227,492.78826184862464,453.7383445846802,39.04991726394445,28.78672899512019,10.263188268824262,51.289806644215226,63.14463106266504,67.1794806536323,78.77790516919104,-32.8205193463677,34.81840253812827,0.06504693842389075,565.9532870052825,342.54058506503,49.18309496818743,0.8627110375817333,0.08784998201000215,0.10705429244319023,0.29349498576765126,0.5144091292490761,-0.7981297313344219,-0.66270783847981,0.0036969015084589163,-0.10247932738274101,1.4538792052328429,0.11829948003490487,0.19801982737833623,2.640591651362486,-0.0665434290164344,0.05427974867150276,0.49354634739016057,-0.1497227437907609,-0.008620659283740673,0.11157125561902624,-0.00307007096719696,0.00820525757403799,-0.000613213802110389,0.1678817101715139,-0.002126088713865079,0.0018683579600827017,-0.00155719605544227,0.1742186097854692,4.930127982063207,0.006798604691267652,0.0,-0.07179487179474778,0.0,0.1182994800367731,0.44916822652250105,0.03327175924322501,0.01293904126169454,-0.019677996422182487,0.014107898080594025,-0.006224819900936443
2025-06-24,553.0909358115092,557.0486527046148,522.4186298899407,542.2072143554688,246800,0.01293904126169454,0.009208098318778557,0.14405013691605273,-0.019677996422182525,0.06628787878787885,0.03327175924322492,542.602978515625,-0.0007293807384510798,462.2118423461914,0.17307079715233398,398.9378443400065,0.35912704709959176,500.39117761890833,460.2915941973312,40.09958342157711,31.049299880411574,9.050283541165534,53.353079204763745,63.93178082332479,70.61856326776171,68.98409292511163,-29.381436732238292,34.80494684359583,0.064191227859085,575.1460458485507,349.2776388438322,48.86685850760733,0.8541680444383981,0.06561228397370664,0.10684849346842482,0.49186764216429735,0.8932934222765953,0.8147058823529412,-0.8915396952686447,-0.012773761042344844,-0.003683284769307349,0.2710453781780569,-0.009124082868500971,-0.10247932738274101,1.3426711123423303,0.10401458970522293,0.19801982737833623,2.438611211313753,-0.12591243361606885,0.04130436867031073,0.10941464163217149,0.010049190797346749,0.005917914959650942,0.0028898504643477905,0.1381322219564018,0.006387953720876994,0.003305578014853596,0.006551087540817545,0.14074455890119913,4.957175486480359,-0.018727166332207897,-0.019677996422146946,0.0,0.0,0.10401458970706733,0.4562044199704177,0.007299226461601638,-0.05109493159414347,-0.05797101449275366,0.006136102213532647,-0.05225805584221246
2025-06-25,546.1649076021635,546.1649076021635,505.59831120417664,514.503173828125,163800,-0.05109493159414347,-0.03881700976060909,0.029702955783807772,-0.05797101449275361,0.08023483365949127,0.007299226461601553,545.5712646484375,-0.05694598090915881,468.643132019043,0.09785706580272824,400.96617431640624,0.2831585474859595,502.56225395878784,464.3072667625752,38.25498719621265,32.49043734357179,5.764549852640862,54.326198549721546,58.545444920380994,55.26315499590088,64.35373297243164,-44.736845004099116,35.21649324033804,0.06844757239929879,578.0514270697975,359.2348369682885,46.69151752182671,0.7095821061273625,0.06118590143118282,0.10908634578987036,0.3351194093060082,0.5762816814196654,-0.3363047001620746,-0.6462478865912342,0.05384619947076308,0.01293904126169454,0.5049296106027035,0.040384619945259104,-0.003683284769307349,0.2782432214018139,0.04423081941806295,-0.10247932738274101,1.3783268989588384,-0.028846140160044165,0.05427974867150276,0.4678987112837856,0.0050046151587079465,0.008109710183322572,-0.05609954675285141,0.0215932456004852,0.00038770808268966345,0.00026439337766642957,-0.05148263967683313,0.02943856240614134,5.222678220270746,-0.053119806153429705,-0.057971014492647466,-0.019677996422146946,0.0,0.1634615795252125,0.4269230946957686,0.007692284067437605,-0.02692309973640572,-0.03435114503816783,0.0004400309450584908,-0.034175352858784834
2025-06-26,518.4608783948091,520.4397367092931,500.6511535644531,500.6511535644531,93300,-0.02692309973640572,-0.07664239739121514,-0.16363641276369123,-0.03435114503816787,0.03952569169960466,0.007692284067437531,525.9805603027344,-0.048156545414253404,474.67864990234375,0.05471597188202604,402.81310882568357,0.24288694333397642,502.2682385135056,466.9994065256773,35.26883198782832,33.0461162724231,2.222715715405222,54.9593430998559,56.004729501599385,47.89472907322487,57.92548244562915,-52.10527092677513,34.11449966208818,0.06814025977796571,576.9319966614308,372.4253031432567,43.08318765974571,0.6270007510037867,0.03531419387299021,0.10477327322223426,0.3551295861389078,0.3278446585566402,-0.43040293040293043,-1.8033868484715196,0.027668008280861578,-0.05109493159414347,0.6234750933499796,0.08300402484657976,0.01293904126169454,0.9393995912013124,0.06916999022726356,-0.003683284769307349,0.5176594181660392,0.19565224414230697,0.19801982737833623,4.657412235793865,0.005343159387018376,0.01579108206217531,-0.032266259123424096,-0.17942749482586653,0.002417417707459705,0.0024928900202082546,-0.029340517443865424,-0.16612930278389948,5.4633832223749375,-0.040130379080813156,-0.03435114503810162,-0.057971014492647466,0.0,0.19565224414430432,0.41106719813309595,0.019762845849802257,0.0,-0.019379844961240233,0.009312000645275768,-0.01045084520452649
2025-06-27,510.5454451368731,522.4185950237771,500.6511535644531,500.6511535644531,97000,0.0,-0.02692309973640572,-0.06814002980300182,-0.01937984496124027,0.043478260869565126,0.01976284584980233,518.6587768554688,-0.03471959618837994,476.75645141601564,0.05011930531074649,404.66004333496096,0.23721420439031937,502.0194562136514,469.4921285285496,32.527327685101795,32.942358554958844,-0.4150308698570484,55.57269864650144,56.004729501599385,35.71426948562143,46.29071785158239,-64.28573051437857,33.23256693331931,0.06637868842735947,579.3470105132333,374.16589231879806,43.03688342025078,0.61645663284569,0.03863626437178438,0.10511879580468918,0.6581581072187053,0.34524979000270506,0.03965702036441576,0.22511415525114153,-1.997402243603119e-12,-0.02692309973640572,0.633053107252631,0.027668008280861578,-0.05109493159414347,1.1114051336332362,0.08300402484657976,0.01293904126169454,1.674571349088417,0.07312260637893853,-0.10247932738274101,4.571145534363317,0.007641174302264762,0.025662602437571264,-0.007641174302264762,-0.09380263224057309,0.0034836150681754967,0.01052916467672724,-0.0034836150681754967,-0.07866919447972906,3.615542173799283,-0.012595157196271172,-0.019379844961202312,-0.03435114503810162,0.0,0.19565224414430432,0.41106719813309595,0.033596843092825734,0.015810281739411902,-0.017208413001912004,0.021134477762232484,0.003347916408818652
2025-06-30,517.4714518150003,527.365743436702,506.5877310311284,508.5665893554687,95100,0.015810281739411902,0.015810281739411902,-0.0499076002671367,-0.017208413001912053,0.041015625000000014,0.03359684309282572,513.3158569335938,-0.009252134947645319,481.01099700927733,0.05728682403617191,406.7213541666667,0.25040542903438845,503.0267074662387,472.3865330342473,30.640174431991397,32.48192173036536,-1.84174729837396,56.20833960451525,57.23467472683501,38.92616351280091,40.845054023882405,-61.07383648719909,32.766997143242854,0.06443010183721594,581.4451893153764,380.57680470317825,41.759624179304154,0.6371823266234302,0.033764844067894616,0.10130758613695427,0.6831847472360112,0.3874342563584439,-0.019587628865979423,-0.512112676056338,-0.01556420723986529,0.0,0.6968340744678558,-0.01556420723986529,-0.02692309973640572,0.6702538056479479,0.01167317042821936,-0.05109493159414347,1.1767156845137607,0.052529206926823946,-0.003683284769307349,0.9770044755425608,0.0032561510998511557,0.030339665455028357,0.012554130639560747,-0.08024726572216506,0.004154121776864417,0.016271568990896868,0.011656159962547485,-0.06617916925803356,3.0028601085343025,0.0033360351696721108,-0.017208413001878798,-0.019379844961202312,0.0,0.17704286483198334,0.4202334703105489,0.009727663320449498,0.023346340860417092,0.013487475915221703,0.02566590547932437,0.03928458301929197
2025-07-01,513.513753912748,531.3234794819763,511.5348955161671,520.4397583007812,77600,0.023346340860417092,0.039525734826416636,-0.0401460096405446,0.0134874759152216,0.03868471953578333,0.00972766332044958,508.9623657226563,0.022550572203518637,486.8486297607422,0.06899706907972236,409.12896525065105,0.272067740255604,505.7056383638606,475.9460312021387,29.759607161721874,31.937458816636664,-2.1778516549147895,56.85288929696362,59.08251818699415,46.9798662453786,40.540099747933645,-53.0201337546214,32.051989499190334,0.06158635843613763,582.0633539080944,391.63390561338997,39.114713825586705,0.6763967119626065,0.016660778890004755,0.0938516362524879,0.736515408927402,0.31961646024770274,-0.18401682439537326,-0.11645101663585955,-0.022813723888150395,0.015810281739411902,0.9026110230540713,-0.03802285359961588,0.0,0.9206442611592525,-0.03802285359961588,-0.02692309973640572,0.8855269027438996,0.04182512136412431,0.01293904126169454,2.3424227180835415,-0.007360723358849163,0.013982128142765341,0.030707064219266254,-0.05412813778330994,-0.005312747386291624,0.004570707423479853,0.028659088246708715,-0.044716717064024455,2.1506493300973757,0.034772197467721755,0.013487475915195335,-0.017208413001878798,0.0,0.15019013391145059,0.4334601038373612,-0.019011456933950788,-0.043726284569335694,-0.025193798449612337,-0.00936161808533993,-0.03407644572072484
2025-07-02,510.5454402491302,511.53486939689986,496.6934321803554,497.682861328125,89300,-0.043726284569335694,-0.021400792453033834,-0.03269233963096796,-0.025193798449612358,0.02988047808764939,-0.019011456933950777,505.5983032226562,-0.015655594263396355,490.75687408447266,0.014112868526923839,411.6684997558594,0.20894083861667245,504.4713649737474,477.5561667670266,26.915198206720845,30.9330066946535,-4.017808487932655,56.5124860231338,54.24457475780621,31.54360957474248,39.14987977764066,-68.45639042525752,31.458727829278587,0.0632103901373338,580.8764551773985,400.6372929915468,36.72677280824549,0.5384266502332644,0.018543517205186114,0.09289122299027572,0.9871657399321254,0.3672690482261686,0.15077319587628857,-0.3202205882352941,0.045725699516517615,0.023346340860417092,0.8578282353721494,0.021868802146968402,0.015810281739411902,1.0512817678336521,0.0059642243403779105,0.0,1.0722852942151866,0.03379725083174301,-0.05109493159414347,1.8107250638396657,-0.009174370955460155,-0.002238956067454909,-0.03455191361387554,-0.03045338356351305,-0.004486942019587144,-0.00030072269209060093,-0.03923934254974855,-0.032391616938877356,2.691810349264334,-0.031648287604462005,-0.02519379844956301,0.013487475915195335,0.0,0.20278338236385976,0.407554670780171,5.6370326184662645e-08,0.009940414783550233,0.00994035785288272,-0.0001226795489134139,0.009817678864310635
2025-07-03,497.6828893826702,503.6194646039347,488.7780265507736,502.6300354003906,40100,0.009940414783550233,-0.03422052719134827,0.003952616151682742,0.009940357852882742,0.03036437246963563,5.637032617663313e-08,505.99407958984375,-0.006648386465654577,495.11036376953126,0.015187869574357249,414.9995783487956,0.21115794237442076,504.1880835009233,479.413490369498,24.77459313142532,29.701323982007864,-4.926730850582544,55.7217166014069,55.10522446399095,34.899332846925255,37.80760288901545,-65.10066715307474,30.271778559555912,0.060226760096780636,578.4351205595931,411.78560697946943,33.65906387241316,0.5451226737439229,0.01791231876761931,0.08504206935335021,0.5023740619636436,0.16637554403973098,-0.5509518477043673,-0.6036134683821517,-0.009842575502506334,-0.043726284569335694,1.1187532103080642,0.035433065366195615,0.023346340860417092,0.9721752421042081,0.011810981310214075,0.015810281739411902,1.1914157928364717,-0.003937054488511005,-0.02692309973640572,1.1688653361897245,0.003053710362468845,-0.0027719331122514055,0.006886704421081388,0.006724549263934147,4.559604998663521e-05,-0.0024177286601017953,0.009894818733563598,0.006370344811784537,2.577916427247544,0.009822871977272087,0.00994035785286277,-0.02519379844956301,0.0,0.1909448961121765,0.4133858586629457,0.0019684615587207688,-0.013779569271278769,-0.015717092337917404,0.00026860539708440084,-0.015479425432915136
2025-07-04,503.6194433033347,510.5454474352077,495.7040100097656,495.7040100097656,34000,-0.013779569271278769,-0.003976129121823879,-0.009881418467660885,-0.015717092337917453,0.029940119760478976,0.001968461558720702,505.00465087890626,-0.01841694102011826,498.57336578369143,-0.005755132487692771,417.81945139567057,0.1864072109442143,502.8828414253606,480.62019552803633,22.262645897324262,28.213588365071146,-5.950942467746884,55.14154354640614,53.58557542938593,27.272713072170554,31.238551831279427,-72.72728692782945,29.169611335690636,0.058844816153609765,575.7232284622569,421.423503105126,30.948248732579636,0.4814040124356372,0.020089416552666522,0.07984007328570072,0.50579432022731,0.14202706033225979,-0.15211970074812964,-0.33358181140514354,0.01397209877215766,0.009940414783550233,0.5965397717975037,0.00399200183455517,-0.043726284569335694,1.3284539057734934,0.04990023842953861,0.023346340860417092,1.1544011544011543,0.009980035371471185,0.0,1.443001443001443,-0.003913359076239101,-0.01434356789639044,-0.009866210195039669,0.004462149428729556,0.0006593914929396349,-0.005058976619128204,-0.014438960764218405,-0.004822441848532681,2.684395592943767,-0.015549636888950535,-0.015717092337886245,0.00994035785286277,0.0,0.2075848958352553,0.40518962793785657,0.001996012585682827,-0.009980035373508556,-0.01195219123505975,-0.0014963527739015534,-0.013472400733092936
2025-07-07,496.6934414525186,502.63001644995904,489.7674372888381,490.7568664550781,52400,-0.009980035373508556,-0.02362208405602828,-0.03501945128358064,-0.011952191235059757,0.026262626262626154,0.0019960125856828695,501.4427062988281,-0.02131019099589926,502.33319702148435,-0.023045123507710485,420.6887959798177,0.16655558965125228,501.0173068145479,481.37106004115054,19.646246773397365,26.50012004673639,-6.853873273339026,54.23150685599451,52.47246787580708,10.655725020184022,24.275923646426605,-89.34427497981598,28.00482332322137,0.05706455729382597,569.6350526116001,435.0313414313685,26.795702927528154,0.4139969435842246,0.02331225855977875,0.07035077001495194,0.8929636509261941,0.2188202082967937,0.5411764705882354,0.33487297921478065,0.010080640520452544,-0.013779569271278769,0.5794038956391336,0.024193586999714745,0.009940414783550233,0.6833557710332134,0.014112884292504901,-0.043726284569335694,1.5217872906051362,0.03629031831587115,0.015810281739411902,1.6206267786847532,-0.004561055773670629,-0.022208056753056694,-0.005418979599837927,-0.012811394530523944,0.0013009875924265605,-0.007668316784571426,-0.011281022965935117,-0.02735113449900921,3.070081208980027,-0.013974172934133505,-0.011952191235035693,-0.015717092337886245,0.0,0.2197581250705594,0.3991935583980494,-0.008064534646264332,0.014112884294571248,0.022357723577235866,-0.029462903926610988,-0.0072854849857754075
2025-07-08,486.79914070265903,499.6617196236643,485.8097115548894,497.682861328125,35800,0.014112884294571248,0.003992001836580661,-0.043726284569335694,0.022357723577235804,0.028513238289205732,-0.008064534646264328,496.8913269042969,0.0015929729097061696,502.4816101074219,-0.009550098319541345,423.22833048502605,0.17592047951184409,500.5043152012521,482.57934161796345,17.924973583288647,24.785090754046845,-6.860117170758198,53.13562574382012,53.91575921186839,10.526311973295341,16.15158335521664,-89.47368802670466,26.99390794790376,0.05423917527682814,569.7286782903778,435.23454192446593,26.765981811186958,0.4643200149169243,0.008597128143227793,0.0693152623466376,0.7114326026907255,0.1646915942882379,-0.316793893129771,1.0439330543933054,-0.013916482588028245,-0.009980035373508556,1.0413147592456429,-0.003976129123825167,-0.013779569271278769,0.6756622483654935,0.009940414781520968,0.009940414783550233,0.7968840046898908,0.045725699516517615,0.023346340860417092,1.542099719798891,0.01058262245319024,-0.004661085762975092,0.003530261841381008,-0.0390651988063606,0.007132789760115552,0.003556315063511388,0.006980094534455697,-0.04728259963284708,2.0874344130522644,-0.0007763465117607594,0.022357723577189875,-0.011952191235035693,0.0,0.20278338236385976,0.407554670780171,-0.005964172641790166,0.01391654390537389,0.020000000000000018,-0.02482109294574538,-0.004940376398581324
2025-07-09,494.7145948223039,506.5877450980392,494.7145948223039,504.60888671875,65900,0.01391654390537389,0.028225830773862093,0.01391654390537389,0.019999999999999997,0.023999999999999952,-0.005964172641790217,498.2765319824219,0.012708514908622792,505.15306854248047,-0.0010772612473670673,425.83382720947264,0.18499014045998274,501.1357877424056,484.21115977357726,16.92462796882836,23.21299819700315,-6.288370228174788,52.311890250909514,55.375151647211034,20.212778720144794,13.798271904541386,-79.78722127985522,25.913853828463154,0.05135433503147004,568.1463193974631,442.1598176874978,24.940262576940192,0.4956806339064542,0.010969897833138734,0.06403941092358914,1.443877215661357,0.3510435421838211,0.8407821229050279,-0.2996214169821525,-0.013725531939495106,0.014112884294571248,0.7843824631362153,-0.027451003399321827,-0.009980035373508556,1.1480905326351307,-0.017647086574061777,-0.013779569271278769,0.7449442387327184,-0.013725531939495106,-0.043726284569335694,1.9565741329068163,0.00939022606202114,0.014205958400343664,0.004526317843352751,-0.0002894144949697735,0.00903353905926197,0.017202811815670738,0.00488300484611192,-0.0032862679102968473,2.8861081098525188,-0.012155226434231576,0.01999999999995957,0.022357723577189875,0.0,0.18627454063531423,0.4156862980676084,0.003921578341827603,-0.01960783365055896,-0.0234375,0.004860378640399893,-0.018669033351986667
2025-07-10,506.58775,508.5666083984375,491.7463120117188,494.714599609375,54600,-0.01960783365055896,-0.005964163023072233,-0.0157480357987565,-0.023437500000000056,0.03420523138832981,0.003921578341827682,496.6934448242188,-0.003984037310055699,506.4887985229492,-0.02324671137621903,428.274419148763,0.15513459942695906,500.1479126450163,484.9891923540067,15.158720291009558,21.602142615804432,-6.443422324794874,51.34382477578796,52.8026227551829,12.500028651141605,14.413039781527246,-87.4999713488584,25.26431401119569,0.051068462566282134,567.3717615032848,445.6058355426136,24.04118833738708,0.403304649304132,0.010295635245824887,0.06313195737281832,1.1248223151562597,0.3028437359601977,-0.17147192716236725,0.27140883977900554,0.019999990127979927,0.01391654390537389,1.3576152118827383,0.005999947687187257,0.014112884294571248,0.7375208586555695,-0.008000033066365653,-0.009980035373508556,1.0794998042891577,0.016000004439427506,0.009940414783550233,0.8261057662594508,-0.0017254710024504107,0.009786929853687815,-0.01788236264810855,-0.025534965652444314,-0.0003252824436366188,0.016951074228211693,-0.01928255120692234,-0.032699110026968195,2.935289127767913,-0.018653035630298614,-0.02343749999995379,0.01999999999995957,0.0,0.21000001973949226,0.4040000297961361,0.009999995065020917,0.009999995065020917,0.0,-0.0018495757668355334,-0.0018495757668355334
2025-07-11,499.6617431640625,510.5454643022896,498.6723139696782,499.6617431640625,52500,0.009999995065020917,-0.00980391682527948,0.007984065237275129,0.0,0.023809523809523784,0.009999995065020818,497.4849914550781,0.004375512317694952,508.5171295166016,-0.01741413580686968,430.71501108805336,0.16007506193173726,500.07311734025416,486.0760479695664,13.997069370687768,20.0811279667811,-6.084058596093332,50.50709389424604,53.95445087477018,19.444465885673086,17.38575775231983,-80.55553411432692,24.59049620274704,0.04921428654309363,565.529131072084,451.5051279611191,22.422844087741275,0.422337524460343,0.010421944788795672,0.05853267756147489,1.0049577917727455,0.2943798677813851,-0.038461538461538436,-0.2639821029082774,-0.009900985263250783,-0.01960783365055896,1.0451561034436554,0.009900985259248207,0.01391654390537389,1.2614613043395035,-0.003960442967681388,0.014112884294571248,0.6852855037231294,-0.007920824856886055,-0.013779569271278769,0.6508298080052066,0.005825268225288568,0.01626269488896839,0.004174726839732349,-0.008278629651693261,0.004036934801331561,0.020498191365785616,0.005963060263689356,-0.012514126128510487,3.1493175910570326,-0.0027135947187628944,0.0,-0.02343749999995379,0.0,0.19801982737793997,0.40990101671682966,0.003960377115700631,-0.011881206744113304,-0.015779092702169595,-0.0028428830507223144,-0.018684466910536247
2025-07-14,501.6405920972805,502.63002127301473,493.72515869140625,493.72515869140625,26600,-0.011881206744113304,-0.0020000236879000877,0.006048396750450324,-0.01577909270216961,0.018036072144288484,0.003960377115700531,498.0786499023437,-0.008740569813185717,510.446516418457,-0.032758295316310915,432.9577173868815,0.1403542167354046,499.09650831735445,486.6426487637768,12.453859553577672,18.555674284140416,-6.101814730562744,49.362467440700584,52.30485104456459,13.114773300242367,15.019755945685686,-86.88522669975764,23.470093801237145,0.047536758838451564,562.4980293900119,458.3950034469022,20.394502184782755,0.3393768329444267,0.008803964157049793,0.05408244299675813,0.5649837514071494,0.15020950272748834,-0.4933333333333333,-0.3157439446366782,0.012024067170040231,0.009999995065020917,1.115099509356216,0.0020040317969398647,-0.01960783365055896,1.1597034897304646,0.022044102543140598,0.01391654390537389,1.399715384125231,-0.006012033588058241,-0.009980035373508556,1.1129755102907755,4.473327266304926e-05,0.019934124906077592,-0.011925940016776354,-0.013885728155627268,0.0022677533888076484,0.021165088284611104,-0.014148960132920952,-0.01511669153416078,3.6669799149353945,-0.02019701287289763,-0.01577909270213815,0.0,0.0,0.21242489825579877,0.40280562690366517,2.9366571840938605e-08,-0.03406810790643766,-0.03406813627254501,0.013743150951627918,-0.020324986321381584
2025-07-15,493.7251731904216,496.6934608047929,475.915447504194,476.9048767089844,93100,-0.03406810790643766,-0.04554454441713374,-0.04174944775814082,-0.03406813627254507,0.04365904365904365,2.9366571799011466e-08,493.9230529785156,-0.03445511637464915,510.5949310302734,-0.06598196001328016,434.85412343343097,0.09670082680242542,495.682411146836,485.9213323152736,9.761078831562372,16.796755193624808,-7.035676362062436,47.09842113099361,47.841722100558414,1.785714398206975,11.448317861374143,-98.21428560179304,23.27780233690584,0.048810157902959644,562.2445698265182,458.94529223402867,20.231160028176,0.17385972964695234,0.02192701113157768,0.055557632020389054,1.5903383953126868,0.5201233547118371,2.5,0.2860798362333674,0.035269679139076304,-0.011881206744113304,0.4543823986607677,0.047717831302272584,0.009999995065020917,0.8968073657778309,0.037344392496579726,-0.01960783365055896,0.9326796604089441,0.04356840458726574,0.014112884294571248,0.6115372132351685,0.0002832849402378133,0.009859212716861203,-0.034351392846675474,-0.051608660475002024,-0.004581040528352026,0.009381442816116801,-0.029487067378085634,-0.051130890574257626,3.67055019008956,-0.017253168724287154,-0.03406813627247607,-0.01577909270213815,0.0,0.25518673540005027,0.38174277297964343,-0.006224086027028952,0.014522801529817997,0.02087682672233826,-0.005579115922887233,0.015167771633959716
2025-07-16,473.936579729638,487.7885883229885,470.96829217392,483.8308715820313,29700,0.014522801529817997,-0.020040070746241145,-0.0411764748572484,0.020876826722338208,0.03571428571428555,-0.006224086027028939,489.7674499511719,-0.01212121869413807,509.8033874511719,-0.05094614219796101,436.6515864054362,0.10804789595263387,493.8590973676353,485.76648337207047,8.092613995564818,15.055926954012811,-6.963312958447993,44.69303357800913,49.74334593741048,21.311472935143023,12.07065354453079,-78.68852706485697,22.81655189491746,0.04715811502532835,562.572081570681,457.03469333166277,20.70158630500007,0.25390223026631353,0.019019500980241643,0.0559488253170804,0.5789360831172882,0.17569182352732393,-0.6809881847475833,0.7111969111969112,-0.014314908950282534,-0.03406810790643766,1.8147794389972904,0.020449887945351852,-0.011881206744113304,0.518508411142083,0.03271984594375854,0.009999995065020917,1.0233718640962164,0.042944789917467974,0.01391654390537389,1.2845753494083936,-0.0024757119853047794,-0.0010047514365103963,0.016998513515122778,-0.040171723420738006,-0.00021499003471390636,0.00029847371648448134,0.014737791564531904,-0.041474948573732885,3.243590416373669,0.015220141146031867,0.02087682672229416,-0.03406813627247607,0.0,0.23721885156979045,0.39059306889101614,1.9113602256481954e-08,0.01226995799843178,0.012269938650306678,-0.017122899219659815,-0.004852960334830292
2025-07-17,483.8308808297822,491.7463144629893,480.8625932173296,489.7674560546875,29800,0.01226995799843178,0.026970953693040256,-0.009999995065020806,0.012269938650306766,0.022633744855966968,1.91136023447105e-08,488.77802124023435,0.002024302997382099,504.3615264892578,-0.028935732939677772,438.67991638183594,0.11645743915768292,493.22961408872027,486.062851718931,7.166762369789296,13.478094037168109,-6.311331667378813,42.645782980398835,51.37963035461167,31.14755287696399,18.08158007010466,-68.85244712303601,21.964206848541902,0.04484619501963097,538.55558505322,470.1674679252955,13.55934454476696,0.28659932386687736,0.017955943573322496,0.035815327685398864,0.6430590621695691,0.2725044807783752,0.0033670033670034627,0.041825095057034245,-0.012121231005151056,0.014522801529817997,0.6409011458535638,-0.026262625635216974,-0.03406810790643766,2.009020090200902,0.008080779126469206,-0.011881206744113304,0.5740057400574006,0.010101005063768431,-0.01960783365055896,1.1782223085388748,0.006186261556889806,0.009084821582534758,0.0060836964415419735,-0.019084816647555562,0.00570763944442069,0.006492083686888906,0.00656231855401109,-0.016492078751909712,3.9246028937743986,-0.01013026028176256,0.012269938650281406,0.02087682672229416,0.0,0.22222223606851135,0.3979798310778841,0.0040403558180943655,-0.004040451874606665,-0.008048289738430525,0.016257981469129705,0.008177173776428674
2025-07-18,491.7462908452713,494.7145783151622,481.851999278968,487.78857421875,47700,-0.004040451874606665,0.008179929949029052,-0.023762413488226497,-0.008048289738430567,0.026694045174538023,0.004040355818094276,486.40338745117185,0.002847814802100501,501.88795166015626,-0.028092679642418017,440.6917556762695,0.10687020561367344,492.39253103180175,486.19068301521384,6.201848016587917,12.022844833052071,-5.820996816464154,40.8872534030397,50.78605265603453,27.86882585415288,26.775950555419968,-72.13117414584713,21.314090576231354,0.04369534610425151,533.2444351550201,470.5314681652924,12.495411930548322,0.27517604224153985,0.013114173837707532,0.0329764522618283,1.051100680901699,0.611099723275597,0.6006711409395973,0.8199088145896656,0.0040568433528866965,0.01226995799843178,0.656662479892466,-0.008113561585671225,0.014522801529817997,0.6544589145236993,-0.02231232563857155,-0.03406810790643766,2.0515193583217646,0.02434080987506615,0.009999995065020917,1.1568718186024989,-0.004546214304130244,-0.0008638139877246237,0.0005057624295235789,-0.022898599500501875,-0.004072541883678446,-0.0017806552153540086,3.2090009071780896e-05,-0.02198175827287249,2.2567018227019044,0.005150060817320331,-0.0080482897384142,0.012269938650281406,0.0,0.22718060022516193,0.3955375295560545,4.8028258481380703e-08,0.00405684335494505,0.0040567951318457585,-0.0047380914324542354,-0.0006812961057676668
2025-07-22,487.78859764638577,500.6511773003472,484.8203100339331,489.7674560546875,30900,0.00405684335494505,0.0,-0.008016003574151331,0.00405679513184577,0.03265306122448969,4.8028258564420134e-08,485.6118469238281,0.008557470655164323,499.6122650146484,-0.019704898478928534,442.6541239420573,0.10643373587476357,491.98867334301497,486.455629166286,5.533044176728993,10.724884701787456,-5.191840525058463,39.53935996256324,51.39082171407093,46.341508620348364,35.11929578382174,-53.65849137965164,20.922431768387266,0.04271911395845857,527.3408365886855,471.88369344061135,11.100036374496971,0.32247897383255636,0.011101921083810582,0.029043287602566942,0.6682381436387621,0.4244447191659455,-0.35220125786163525,0.31858407079646023,-0.00404045187664015,-0.004040451874606665,1.031552085811293,-2.0418111645881254e-12,0.01226995799843178,0.6444497307584178,-0.012121231005151056,0.014522801529817997,0.6422871477692956,0.008080779126469206,-0.011881206744113304,0.5752470751065072,-0.0017510242350497398,-0.0027825113509989496,0.0058078675899947895,-0.005233492223152381,0.002099585959052329,-0.0020129290489948183,0.001957257395892721,-0.006003074525156513,2.370954252653301,-0.000921178903481229,0.0040567951318374535,-0.0080482897384142,0.0,0.22222223606851135,0.3979798310778841,0.002020168809445444,0.04444440982758735,0.04233870967741926,-0.02417669346505178,0.018247547553090125
2025-07-23,490.75686899329065,513.5137399345118,490.75686899329065,511.5348815917969,66700,0.04444440982758735,0.04868155719120604,0.07261407164000189,0.04233870967741928,0.04637096774193554,0.002020168809445506,492.5378479003906,0.038569693215148915,498.07864837646486,0.027016281983110346,445.0122634887695,0.1494849098772233,494.99578230436606,488.3133515681757,6.682430736190383,9.916393908668041,-3.233963172477658,38.85589696740125,57.56770969328522,95.34883648692521,56.51972365380882,-4.6511635130747955,21.12413549063277,0.041295591465546365,518.6948938373766,477.462402915553,8.278309270277875,0.8263502377492771,0.021294167307731125,0.020674857478250225,1.6283782134225238,1.0455200953037809,1.158576051779935,-0.4353362514922403,-0.04255315975780738,0.00405684335494505,0.7543761138644076,-0.046421677638300185,-0.004040451874606665,1.1645223505285516,-0.04255315975780738,0.01226995799843178,0.7275213007494934,-0.067698227686806,-0.03406810790643766,2.272893728180464,0.0215403464583575,0.018297584061270005,0.02290406336922985,0.05431648757873188,0.011049079603784295,0.013888155401430137,0.03339533022380305,0.05872591623857175,2.9463274197990907,0.01189020362741481,0.04233870967733301,0.0040567951318374535,0.0,0.17021281799993274,0.42359769150227217,0.025145030152793124,0.0019341992814092546,-0.022641509433962148,0.006611419465677143,-0.016599411405706727
2025-07-24,524.3974416136281,524.3974416136281,510.54543372194735,512.5242919921875,134900,0.0019341992814092546,0.046464573454547686,0.05930464981768191,-0.022641509433962148,0.027131782945736406,0.025145030152793138,498.2765319824219,0.028594081989074427,497.97970428466795,0.029207189733531758,447.48583628336587,0.1453419313734241,497.69247610249244,490.10675456254694,7.585721539945496,9.450259434923533,-1.864537894978037,38.6466333689392,57.830016141914214,77.77776785528134,73.15603765418497,-22.222232144718664,20.60469780499334,0.0402023828467963,518.2965134289063,477.66289514042955,8.159693645917896,0.857944685217566,0.024556088749357333,0.02033523746198489,2.1757713585264753,2.1635579220862535,1.0224887556221889,-0.9684115523465704,-0.0019304653786123005,0.04444440982758735,1.0757891001758035,-0.044401477732888606,0.00405684335494505,0.49837905840228386,-0.04826252757355409,-0.004040451874606665,0.769342429960807,-0.05598450816754175,0.014522801529817997,0.4790245318623893,0.0068999704725785874,0.02797118305464186,-0.004965771191169333,0.03133346676304005,0.0062904110936793925,0.020914256458515173,-0.004356211812270138,0.03839039335916673,2.6644081188105075,-0.014826023107245803,-0.022641509433918974,0.04233870967733301,0.0,0.16795376267145878,0.4247104162018546,0.003861031305677942,-0.007721980594002975,-0.011538461538461608,-0.0016736944429418957,-0.013256706342622812
2025-07-25,514.5031643284898,516.4820226528301,504.608872706788,508.5665893554687,47200,-0.007721980594002975,-0.005802717161909721,0.038383794326020126,-0.011538461538461654,0.023529411764705892,0.003861031305678,502.03635864257814,0.013007485612265723,498.37547607421874,0.02044866525236455,449.794504292806,0.13066430225495318,499.36541660295035,491.474149732393,7.891266870557331,9.138460922050292,-1.2471940514929614,37.990388481924,56.32997414528322,70.3703831631764,81.16566250179432,-29.629616836823605,19.98101581506825,0.039288888089073805,519.1873787122614,477.56357343617606,8.35189676746588,0.7448385776757701,0.024009692679535854,0.020992886692925383,0.7208197797834487,0.786064017586517,-0.6501111934766494,-0.7174139728884255,0.00778207361346106,0.0019341992814092546,2.0601395824743056,0.005836585213126577,0.04444440982758735,1.0186160871092378,-0.03696493968581238,0.00405684335494505,0.4718926100700967,-0.03696493968581238,0.01226995799843178,0.45509384401582137,-0.0008468960961911398,0.020967520804051804,-0.006875084497811835,0.017416273521968322,0.0020772815206293355,0.016989457278636738,-0.00979926211463231,0.021394337047383388,2.691671756723951,-0.013313340593845539,-0.011538461538439227,-0.022641509433918974,0.0,0.17704286483198334,0.4202334703105489,0.0019455392634524227,0.021400792453034168,0.01941747572815533,-0.004930843762777616,0.014524409426804129
2025-07-28,509.5560256231399,523.4080340866815,502.63002139136904,519.4503173828125,78500,0.021400792453034168,0.01351355535501253,0.06490874292160798,0.019417475728155355,0.04133858267716524,0.0019455392634524847,508.36870727539065,0.02179837182699962,499.31543426513673,0.04032497642751376,452.3505294799805,0.1483358226170779,502.4554013383138,493.54645844723893,8.908942891074844,9.092557315855203,-0.18361442478035883,37.66522251946159,59.44534677881817,90.74077674323051,79.62964258722941,-9.259223256769491,20.037944163657123,0.03857528524494374,522.0617581756337,476.56911035463975,9.111003726121021,0.942596421226199,0.021440193079746966,0.02246339557479117,1.0957412654764729,1.3277853892863787,0.6631355932203389,-1.1014613778705638,-0.020952394606589486,-0.007721980594002975,0.6588406080317137,-0.013333374068395187,0.0019341992814092546,1.8829999581245376,-0.015238099828067009,0.04444440982758735,0.9310311134685445,-0.060952399306492655,-0.004040451874606665,0.6658198517608632,0.005352213724344435,0.031091845895194842,0.016048578728689734,0.033816897026413134,0.002554688553332121,0.023429448628524106,0.018846103899702045,0.04147929429308387,2.7390376292422616,0.014403404374463013,0.019417475728117247,-0.011538461538439227,0.0,0.15238099826141893,0.4323809674191792,-0.0038095100387132153,-0.028571415142913503,-0.0248565965583174,0.0033320280205521137,-0.021429877083648175
2025-07-29,517.4714661841299,520.4397537530637,503.6194575291054,504.60888671875,39600,-0.028571415142913503,-0.007782073615442364,0.030303015197492567,-0.024856596558317387,0.033398821218074554,-0.0038095100387132443,511.3369934082031,-0.0131578719654043,499.11754913330077,0.011002092781497552,454.69217885335286,0.10978132060720247,502.78670678145784,494.36589757846195,8.420809202995883,8.95820769328334,-0.5373984902874565,37.36328269717506,53.80821829461098,62.96299847107167,74.69138612582618,-37.03700152892833,19.808112167964346,0.039254386296540565,521.6059010296558,476.62919723694574,9.01124471996836,0.6220929308372145,0.010864226582625662,0.022861827077321633,0.5396492280017988,0.7028005537216484,-0.49554140127388535,-0.926653883029722,0.029411750473798515,0.021400792453034168,1.069759201973263,0.007843109267151593,-0.007721980594002975,0.6432182717597198,0.015686218536285157,0.0019341992814092546,1.8383505267030975,-0.0294117504777619,0.00405684335494505,0.42108992791049454,-0.004229227525225926,0.028557928702367407,-0.024342187617687576,0.0017450864951251595,-0.002607316519868693,0.018797915462609945,-0.02596409862304481,0.011505099734882621,2.8798241183550255,-0.021062802144810152,-0.024856596558269353,0.019417475728117247,0.0,0.18627454063531423,0.4156862980676084,-4.149050591983894e-08,0.011764663903723438,0.0117647058823529,-0.009697922561294781,0.002066782832934577
2025-07-30,504.608865782272,510.5454406738281,504.608865782272,510.5454406738281,12500,0.011764663903723438,-0.017142884335600184,-0.001934258940250233,0.0117647058823529,0.0117647058823529,-4.149050590642201e-08,511.13910522460935,-0.0011614539872060181,498.6228332519531,0.023911073913509773,457.09978942871095,0.11692337752068815,503.9803581495148,495.5643822521928,8.415975897322028,8.849761334091077,-0.4337854367690497,37.08291000505186,55.62106178412175,74.07407550922892,75.92595024117703,-25.92592449077108,18.81728807679233,0.03685722479848227,519.5975565172865,477.6481099866197,8.413061683733574,0.7842137002489191,0.010755373458142675,0.021075119173295076,0.19986888601077693,0.23544480232054396,-0.6843434343434344,-0.9802677942212826,-0.011627865970620155,-0.028571415142913503,0.6331846308821413,0.017441888612723888,0.021400792453034168,1.255176604147679,-0.00387595532484597,-0.007721980594002975,0.7547049135766937,0.001938007546715026,0.04444440982758735,1.0665003757535056,0.0025151763520985444,0.00943877370710179,0.009249487551624894,-0.011373032647352023,0.003367525471079239,0.010919374807122989,0.008397138432644198,-0.012853633747373222,3.8070064611732564,-0.001055527322840739,0.011764705882329585,-0.024856596558269353,0.0,0.1724806992747713,0.4224806194773307,-0.0019379523722526937,0.007751970420249776,0.009708737864077666,-0.023465464079930404,-0.013775541287427934
2025-07-31,509.55602792593146,516.4820321890023,509.55602792593146,514.503173828125,28000,0.007751970420249776,0.01960783365055896,0.0038610498406730365,0.00970873786407773,0.013592233009708644,-0.001937952372252739,511.5348815917969,0.005802717159943294,499.46384887695314,0.030110937926654202,459.67230529785155,0.1192825147332417,505.599252869301,496.96725570226187,8.631997167039117,8.806208500680686,-0.17421133364156915,37.09330916186479,56.83725186832487,81.48151731917757,72.8395304331594,-18.518482680822437,17.96791066152651,0.03492283736133754,521.5403096632945,477.38738809061175,8.84006353452022,0.8406190216974606,0.011047235263023477,0.022011497702602592,0.6802555817399966,0.5597089513453004,1.2400000000000002,-4.6,-0.0076923396328966165,0.011764663903723438,0.3036855275624985,-0.019230760107343925,-0.028571415142913503,0.9620757513179952,0.009615380050756572,0.021400792453034168,1.9071451130924906,-0.0038461994747475137,0.0019341992814092546,3.2773742134544834,0.008375852442346813,0.01089011890345593,-0.000623882022097037,-0.007029069062782894,0.00717583723589257,0.011713524427295396,0.0005761331843572061,-0.00785247458662236,3.2710241925999752,-0.015720366780514555,0.009708737864058677,0.011764705882329585,0.0,0.1634615795252125,0.4269230946957686,-5.3922413423279636e-08,0.015384560632626387,0.015384615384615552,-0.018039867453906084,-0.0026552528988662734
2025-08-01,514.5031460848721,523.4080082286488,509.5560004494407,522.4185791015625,26600,0.015384560632626387,0.023255791711828788,0.027237317661093607,0.015384615384615446,0.027184466019417413,-5.392241347219076e-08,514.3052795410156,0.015775260107716127,500.4532760620117,0.043890816763851426,462.29429219563804,0.13005630378700506,508.1868415204181,498.8525389170249,9.334302603393212,8.91182732122319,0.42247528217002106,37.40233992777649,59.24293688368894,96.29628670338724,83.95062651059791,-3.7037132966127713,17.673917598503763,0.03383095147355771,524.6779171687323,476.22863495529106,9.681080039016035,0.9533669444839995,0.013551912701133132,0.023787398033606424,0.7181231608217921,0.538996170290369,-0.050000000000000044,-1.9557195571955721,-0.015151462047990338,0.007751970420249776,0.7559191166545179,-0.022727251486979405,0.011764663903723438,0.3374638913636241,-0.0340908480215365,-0.028571415142913503,1.069085607839961,-0.02651511699849851,-0.007721980594002975,1.2742636537890446,0.0025463594201313414,0.014489867746923853,0.012838201212495046,0.012747449914169755,0.0060132711771642205,0.01586822149318315,0.009371289455462166,0.011369096167910459,3.4384816919632453,-0.005291962218863057,0.015384615384585545,0.009708737864058677,0.0,0.14583343556096845,0.43560604767596844,-0.026515112635522753,-0.035984809983426125,-0.009727626459143823,-0.019378553902674997,-0.02884825125057837
2025-08-04,508.5665916337948,515.4925958000138,501.6405874675758,503.6194458007813,80900,-0.035984809983426125,-0.02115385984184326,-0.030476199652342384,-0.00972762645914385,0.027613412228796756,-0.026515112635522756,511.13910522460935,-0.014711571366680998,500.8490478515625,0.005531403044684247,464.50401713053384,0.08420902129285812,507.4841652558586,499.2056431306365,8.278522125222139,8.785166282022981,-0.5066441568008422,36.92221714326124,51.85132896799699,61.11112373912366,79.6296425872295,-38.88887626087633,17.895637172466827,0.03553404722880844,525.0089426375035,476.6891530656215,9.647575408030457,0.5573346443302999,0.015319108503603145,0.024609384373123013,2.1561259028277497,1.5649179820489012,2.0413533834586466,-2.197530864197531,0.03732805287105667,0.015384560632626387,0.7089363289890994,0.021611016248620718,0.007751970420249776,0.7462487673569468,0.01375243734089815,0.011764663903723438,0.3331467711414941,0.03143419443589557,0.021400792453034168,2.092161722768583,-0.004550327681820017,0.004410312518806489,-0.03143448230160611,-0.034886512171148874,-0.0023788529109492525,0.010903551160521453,-0.03360595707247687,-0.04137975081286384,3.6764650662912883,-0.02723904035847586,-0.009727626459124722,0.015384615384585545,0.0,0.18860516662728807,0.41453832038239163,0.005893914460567862,0.015717097218971743,0.009765625,-0.012485202568803942,-0.002662019810400061
2025-08-05,506.5877357350097,519.4503149626564,506.5877357350097,511.5348815917969,27800,0.015717097218971743,-0.02083328952137009,0.013725471459854033,0.009765624999999969,0.025390625000000007,0.005893914460567828,512.5243041992187,-0.001930489150101411,501.88794860839846,0.019221288355553368,466.59830881754556,0.09630676306357255,508.1073523844645,500.1189200536854,7.988432330779119,8.625819491774209,-0.6373871609950896,36.67089644694464,54.42947807378799,75.92595024117703,77.77778689456265,-24.07404975882297,17.748153743138847,0.034695881711674,526.0095207050592,477.76637651173775,9.612333654770326,0.6999648477458452,0.01333078880553777,0.024190149762979243,0.7906487301271294,0.5508659295367178,-0.6563658838071693,-0.9150326797385621,-0.015473892547403167,-0.035984809983426125,2.300844685873553,0.021276550046550824,0.015384560632626387,0.7565200079633685,0.005802717159943294,0.007751970420249776,0.7963368504877564,-0.013539633607156931,-0.028571415142913503,1.1262478314041124,0.008401485792491352,0.017250148645579038,0.007315611426480391,-0.003524677185725005,0.006126372343123935,0.01994009604703884,0.009590724875847808,-0.006214624587184806,3.671523583626865,-0.006776023320887163,0.00976562499998069,-0.009727626459124722,0.0,0.17021281799993274,0.42359769150227217,0.005802703780487306,0.0348162433126169,0.028846153846153966,-0.015782827398804843,0.013230712133324753
2025-08-06,514.5031669830607,530.3340336594626,514.5031669830607,529.3446044921875,74100,0.0348162433126169,0.051080550812532266,0.03682172500365066,0.02884615384615387,0.03076923076923085,0.005802703780487337,516.2841369628907,0.025297053682689974,503.4710357666016,0.051390381742891345,469.0389007568359,0.12857292569318757,511.3746219394988,502.2837855676485,9.090836371850287,8.718822867789426,0.3720135040608614,36.933265663365226,59.66300308209137,97.99999927547596,78.34569108525888,-2.0000007245240567,17.823225052033628,0.033670363125922836,530.2863787491135,476.65569278408964,10.652188935429825,0.982439638054598,0.018756888216444632,0.0259868157437221,1.56062424969988,1.414635077604475,1.6654676258992804,-27.0,-0.033644855827787756,0.015717097218971743,0.5854973568374718,-0.048598131489479,-0.035984809983426125,1.7038394305090456,-0.013084152238136415,0.015384560632626387,0.5602240896358543,-0.03551403690485955,0.011764663903723438,0.26326320001684883,0.006547492197416342,0.021362941705863486,0.02826875111520056,0.015458783297787177,0.00719517705976405,0.023579771719555085,0.02762106625285285,0.013241953284095578,3.9033212695346813,0.006731155657171875,0.028846153846097802,0.00976562499998069,0.0,0.13084117645270646,0.4429906640693934,-0.0018691455991505235,-0.02803737024636388,-0.02621722846441954,-0.01550336173361717,-0.04167158638083053
2025-08-07,528.3551823542668,528.3551823542668,511.5348862868088,514.503173828125,30300,-0.02803737024636388,0.005802717161909721,0.0,-0.02621722846441951,0.032882011605416116,-0.0018691455991505404,516.2841369628907,-0.003449579423917548,503.9657501220703,0.020909007611095376,471.2156448364258,0.09186352249750507,511.8559376146721,503.1889254387949,8.667012175877176,8.708460729406976,-0.04144855352980059,36.87916921420064,54.08835608634493,67.34695638575198,80.42430196746834,-32.65304361424803,17.822260277272562,0.034639747981791126,531.208479852763,476.7230203913776,10.811341732684815,0.6933988225523304,0.01929795204286602,0.027162564175629518,0.6320268663565632,0.5988023952095808,-0.5910931174089069,0.6865079365079365,0.02884614015615683,0.0348162433126169,1.5456498612878329,-0.005769239896494693,0.015717097218971743,0.5798794351390251,-0.021153859843745737,-0.035984809983426125,1.687490874199537,-1.943556426908799e-12,0.007751970420249776,0.5840512296364281,0.0005265557691572942,0.013550490176898846,-0.028563926015521175,-0.013550490176898846,0.004544738711488882,0.0209308366685258,-0.03258210895785276,-0.0209308366685258,3.9489976820499333,-0.04598453288355608,-0.02621722846436989,0.028846153846097802,0.0,0.1634615795252125,0.4269230946957686,0.0038461584708362473,-0.009615380052718892,-0.013409961685823646,-0.0014585276849955666,-0.014920066208550705
2025-08-08,516.4820345684162,517.4714637534132,508.5666010884405,509.5560302734375,69000,-0.009615380052718892,-0.0373831603284851,-0.024621155032896413,-0.013409961685823684,0.01750972762645918,0.00384615847083634,513.7116271972657,-0.008089357345272497,504.70782165527345,0.00960597083923509,473.4253702799479,0.0763175407584269,511.5021057160206,503.66056283395363,7.84154288206696,8.535077159938973,-0.693534277872013,36.5274738884,52.33305438508246,54.34782801561341,73.23159455894712,-45.65217198438659,17.18530330496543,0.03372603263219109,531.7096203325923,477.70602297795466,10.699972347867295,0.5897756604310301,0.01884595609247802,0.02718372393254787,1.2229489020045727,1.3444788682995266,1.277227722772277,-1.5115830115830116,0.009708733210404885,-0.02803737024636388,0.537034083054182,0.03883493284750705,0.0348162433126169,1.3133407773701282,0.003883481304879588,0.015717097218971743,0.4927243402279293,0.025242658437772736,0.015384560632626387,0.4714556636713281,0.0024844037751042118,0.013388726062919397,-0.012099783827823103,-0.03800988109581581,0.0017682287186106048,0.01630183649689199,-0.011383608771329497,-0.0409229915297884,3.8882323310449314,-0.016490664125102795,-0.01340996168579772,-0.02621722846436989,0.0,0.17475731760366234,0.4213592439120007,-0.10097088736636173,-0.12233011034469865,-0.023758099352051754,-0.11391928316215777,-0.1352785061404947
2025-08-12,458.10570573384786,458.10570573384786,445.24312652317826,447.2219848632813,209600,-0.12233011034469865,-0.13076923989456213,-0.11198427981235926,-0.023758099352051767,0.028888888888888888,-0.10097088736636169,502.4321350097656,-0.10988578615956024,502.08583374023436,-0.10927185192448363,474.4807612101237,-0.057449697809166644,501.6128563540607,499.47992742871867,2.1329289253420143,7.254647513019582,-5.1217185876775675,35.55587600349597,36.333427776717166,2.3255814360207028,41.340121945795374,-97.67441856397929,20.551560479629273,0.045953824219679335,538.9291445850977,465.24252289537105,14.676100526638258,-0.2445564421173914,0.07116538430669021,0.04226138318920668,2.551088716057497,3.541976476950115,2.03768115942029,7.11340206185567,0.13938054818139745,-0.009615380052718892,0.8398145105341951,0.15044248995107323,-0.02803737024636388,0.3687881111476248,0.1836283152601006,0.0348162433126169,0.9018877569649834,0.12610619076254714,-0.035984809983426125,0.9846520855393678,0.009939679153280718,0.0281561941696788,-0.13226978949797938,-0.14014047398203805,0.004316131931932015,0.023159135922380707,-0.12664624227663066,-0.13514341573473995,3.3213991316825378,-0.13666570719564491,-0.023758099351999906,-0.01340996168579772,1.0,0.33849563651399567,0.34070797812706316,2.6210660530878727e-08,0.002212415649179622,0.0022123893805310324,-0.005404150301987657,-0.003191760863468566
2025-08-13,447.2219965852649,453.1585717611755,439.3065630173841,448.21142578125,73500,0.002212415649179622,-0.12038833974601149,-0.12379108070498857,0.0022123893805309977,0.03153153153153149,2.6210660431833136e-08,489.76744384765624,-0.08484846959375991,499.8101470947266,-0.10323664218164441,475.6515858968099,-0.057689621836886196,493.39725165055137,495.68226064001726,-2.2850089894658936,5.346716212522487,-7.631725201988381,34.87553208691404,36.664429828644465,9.78261034944049,22.15200660035821,-90.21738965055953,20.07302106992657,0.04478471523766652,543.4361112022261,456.18418298722696,17.45701417271601,-0.091376286680234,0.08717550212930969,0.04993100598118564,0.8050295177489841,1.1947140000975276,-0.6493320610687023,124.07692307692308,-0.002207531673789509,-0.12233011034469865,2.2957032234039056,0.13686532953532948,-0.009615380052718892,0.7557419962541484,0.14790285171819972,-0.02803737024636388,0.3318693113985608,0.1412803247909853,0.015717097218971743,0.30448735501254093,0.005522053378429537,0.025381793856963264,-0.0033096377292499146,-0.14917287456195183,0.0018013921708827292,0.018360981139628085,0.0004110234782968929,-0.14215206184461665,3.2746384917587137,-0.003686492492345753,0.002212389380526051,-0.023758099351999906,0.0,0.33554086500414826,0.3421633861461535,-0.0110375689742781,0.002207463584102287,0.013392857142857206,-0.010026264784868425,0.0032187677735119615
2025-08-14,443.2642612541299,454.14798195456615,443.2642612541299,449.2008361816406,32100,0.002207463584102287,0.004424763060260295,-0.15140188004264377,0.013392857142857257,0.024553571428571466,-0.01103756897427814,473.7386901855469,-0.05179617901852984,498.42494506835936,-0.09875932048479008,476.77293904622394,-0.05783067915029527,486.5978031168728,492.239192161619,-5.641389044746177,3.1490951610687548,-8.79048420581493,34.179140165965926,37.01705512875448,10.869546406667657,7.659246064042961,-89.13045359333235,19.416642472105828,0.043224858255186356,546.4132748332524,450.4366153034663,19.255990391215853,-0.012875829684842662,0.07792814037985667,0.054802867142800124,0.3872088394591139,0.5489900976552479,-0.563265306122449,-2.792582417582418,-0.0022026014238948344,0.002212415649179622,0.8865996791353542,-0.004405270783055082,-0.12233011034469865,2.528316908119323,0.13436126834424922,-0.009615380052718892,0.8323180661270673,0.17841411202752355,0.0348162433126169,0.8938372275364591,-0.005540339682027624,0.01303881963910421,0.007747803266129911,-0.164440699681748,-0.00033710139646989145,0.010833337297987447,0.0025445649805721786,-0.1622352173406312,2.91404337111241,0.0031897916738781104,0.013392857142827043,0.002212389380526051,0.0,0.33259920079619354,0.34361233800705365,1.5631635319479642e-08,-0.004405270780838744,-0.004405286343612258,-0.008945198361867492,-0.013350484774341555
2025-08-15,449.2008432033843,451.1797015434873,445.24312652317826,447.2219848632813,29200,-0.004405270780838744,-0.002207531671563401,-0.13076923989456213,-0.004405286343612276,0.013333333333333284,1.563163534990967e-08,460.28245239257814,-0.028374897766315632,496.59450073242186,-0.09942219617257564,477.9107823689779,-0.06421449073509,480.5399849240126,488.904584213594,-8.364599289581406,0.8463562709387226,-9.210955560520128,33.53249052508553,36.578411323769814,8.69564076653382,9.782599174213999,-91.30435923346617,18.4537805112632,0.04126313360212687,549.236963804774,443.95203766006983,21.20138785053409,0.03105807567093927,0.06161812884555807,0.060383913739242706,0.3531645722717432,0.49960647435239364,-0.09034267912772587,-4.75764705882353,0.004424763058014314,0.002207463584102287,0.38823913595626564,0.002212415646938748,0.002212415649179622,0.888958769245655,-2.2359891715950653e-12,-0.12233011034469865,2.535044326991691,0.15044248995107323,-0.02803737024636388,0.36646871711759654,0.003630548189906888,0.016294836899311108,-0.008035818970745632,-0.14706407679387323,0.0030696914404839677,0.009249195045255289,-0.007474962221322712,-0.14001843493981742,3.266706086940852,-0.014433050494497952,-0.00440528634360247,0.013392857142827043,0.0,0.33849563651399567,0.34070797812706316,-0.017699083923016223,-0.008849526120520923,0.009009009009008917,-0.04600098563664837,-0.03715142783415307
2025-08-18,439.3065654209682,447.2219990321568,436.33827781677246,443.2642822265625,62500,-0.008849526120520923,-0.013215812342516675,-0.1300970729583979,0.009009009009009028,0.02494331065759639,-0.017699083923016258,447.02410278320315,-0.008410778153176368,494.26934204101565,-0.10319284543267793,479.03213551839195,-0.07466691823096183,474.80526143209715,485.5238211034435,-10.718559671346327,-1.4666269175182876,-9.25193275382804,33.30494596402157,35.66806966003978,7.368422486416611,8.977869886539372,-92.6315775135834,17.913061990129,0.04041169728386284,551.7941558167529,436.74452826527846,23.276707205102625,0.05666905751926082,0.005090055168031308,0.06657339200109179,0.7679925289686782,1.0402623125447312,1.1404109589041096,7.384905660377358,0.008928539461447116,-0.004405270780838744,0.3588061095341665,0.013392809193298438,0.002207463584102287,0.3944409628783131,0.01116070875105546,0.002212415649179622,0.9031592140671656,0.1495535523700109,-0.009615380052718892,0.8478637519814207,0.00972119003188607,0.02365624052235536,-0.01857071615240699,-0.15375331348075325,0.00943396723787738,0.016644218427589525,-0.018283493358398302,-0.14674129138598743,2.6953587806401504,-0.03427745255140523,0.00900900900898852,-0.00440528634360247,0.0,0.35044644762660526,0.33482146329166607,0.0022321428571427937,0.0,-0.0022271714922049712,-0.009051433069654221,-0.011283575926797015
2025-08-19,444.2537114279611,451.17971583775113,443.2642822265625,443.2642822265625,29000,0.0,-0.008849526120520923,-0.008849526120520923,-0.002227171492204936,0.017857142857142894,0.002232142857142894,446.23256225585936,-0.006651867840581915,492.0431274414062,-0.09913530439779039,480.1369984944661,-0.0767962402073703,469.9528030927841,482.3934848903412,-12.44068179755709,-3.6614378935260485,-8.779243904031041,32.79295982097109,35.66806966003978,7.368422486416611,7.810828579789025,-92.6315775135834,17.198945677347545,0.0388006576819514,553.6968639800878,430.38939090272476,25.060297807339417,0.10441290379667459,0.00631343688620013,0.07135178893274183,0.6407282207640131,0.49031210901836136,-0.536,-0.18170266836086402,-2.255973186038318e-12,-0.008849526120520923,1.3808797861293387,0.008928539461447116,-0.004405270780838744,0.6451470360796271,0.013392809193298438,0.002207463584102287,0.7092198581560284,0.008928539461447116,-0.12233011034469865,4.6309184507633505,0.005446480726615293,0.01878699980019196,-0.005446480726615293,-0.027636525920712883,0.004186298316885722,0.01623548745557817,-0.004186298316885722,-0.025085013576099092,3.3930404293953553,-0.014204279438702984,-0.002227171492199923,0.00900900900898852,0.0,0.35044644762660526,0.33482146329166607,0.006696375113830699,-0.004464338579227234,-0.011086474501108667,0.012360610922827558,0.0011998972297696262
2025-08-20,446.2325461349145,446.2325461349145,439.3065420929092,441.285400390625,26000,-0.004464338579227234,-0.004464338579227234,-0.015452585526021911,-0.01108647450110864,0.01576576576576578,0.006696375113830776,444.84735717773435,-0.008007143867729383,489.6190246582031,-0.09871680190985321,481.15940856933594,-0.0828706816690713,465.5424334462981,479.34844159406595,-13.806008147767841,-5.690351944374407,-8.115656203393435,32.49487739363091,35.16063243070252,5.2631339888706945,6.666659653901315,-94.73686601112931,16.46516413196596,0.0373118261273854,555.1317086742565,424.10634064214963,26.760677472362122,0.1311124708633961,0.007368457850088345,0.0761577377450233,0.7270490198819943,0.44141865163579563,-0.10344827586206895,0.3480934809348093,0.004484358270591571,0.0,0.8109392914068398,0.004484358270591571,-0.008849526120520923,1.747713990100948,0.013452936504103175,-0.004405270780838744,0.8165319761751629,0.015695115640532054,0.002212415649179622,2.0553116523587147,-0.007294470512596889,0.005818314907977131,0.0028301319333696555,-0.02127090043399904,-0.0018880786029989534,0.012612430110815233,-0.0025762599762282805,-0.028065015636837144,3.074086594736177,0.0013397785440600572,-0.011086474501083795,-0.002227171492199923,0.0,0.3565023333260709,0.3318385644176507,-0.0022420939011480456,-0.006726399097097935,-0.004494382022471988,-0.009221877800954063,-0.013706182996903953
2025-08-21,440.2959970857435,444.2537139134805,437.3277094649408,438.317138671875,29400,-0.006726399097097935,-0.011160708753336634,-0.02422902326335974,-0.004494382022471937,0.01583710407239796,-0.002242093901148009,442.6706176757813,-0.009834578648463599,485.95813751220703,-0.09803519102514724,482.08287607828777,-0.09078467537232049,461.3539265579253,476.3090858220518,-14.955159264126507,-7.543313408324827,-7.411845855801681,32.30872212111351,34.37075659918882,2.105266176500915,4.912274217262749,-97.8947338234991,15.783795583149796,0.036009989549894296,554.285431709537,417.6308433148771,28.12065028774771,0.1513765150516254,0.007418356677747747,0.07996758342061189,0.8347292808267794,0.5154639175257731,0.13076923076923075,0.9049808429118773,0.006771949932729671,-0.004464338579227234,0.7381959626359275,0.011286676055301648,0.0,0.8233724198631498,0.011286676055301648,-0.008849526120520923,1.7745095255671333,0.024830645549747343,0.002207463584102287,0.9113880923312796,0.0013828568470688302,0.012982898614247703,-0.008109255944166765,-0.03721192187760744,0.0023265946332686723,0.014504147390531828,-0.009052993730366606,-0.03873317065389156,2.085331392595633,-0.011578119923697621,-0.00449438202246173,-0.011086474501083795,0.0,0.3656884992140807,0.3273138086273819,-5.594819496579362e-09,0.011286676057608913,0.011286681715575453,-0.009950402042071737,0.0013362796103566724
2025-08-22,438.3171362195697,446.2325698307582,436.33827781677246,443.2642822265625,24300,0.011286676057608913,0.00448435827286775,-0.008849526120520923,0.011286681715575415,0.02267573696145123,-5.594819548124196e-09,441.8790771484375,0.0031348057619315917,482.4951370239258,-0.08130829056695055,483.0393244425456,-0.08234327973773847,458.5709043531003,473.8613225927563,-15.290418239656049,-9.092734374591071,-6.1976838650649775,31.96158412571698,36.91447411358535,7.368422486416611,4.912274217262749,-92.6315775135834,15.363116756780938,0.03465904511767957,552.0943509983709,412.89592304948064,28.849705886670474,0.2181659636862584,0.004890381324538682,0.08054707961250111,0.7096755351771268,0.4717896944045354,-0.173469387755102,0.4045084533500314,-0.011160708755567517,-0.006726399097097935,0.8586197833007213,-0.004464338581473104,-0.004464338579227234,0.7593236178849917,-2.255973186038318e-12,0.0,0.8469378814871061,0.008928539461447116,-0.004405270780838744,0.8527788323939137,0.005913399302836854,0.015247370060586705,0.005373276754772059,-0.02409689618110763,0.004771613990266977,0.01555606003763045,0.006515062067341936,-0.024405586158151374,2.1628601203747593,0.0009663424482381933,0.011286681715549664,-0.00449438202246173,0.0,0.35044644762660526,0.33482146329166607,0.004464248333355902,-0.00892860831108877,-0.013333333333333308,-0.009044322961576617,-0.02243717960602129
2025-08-25,445.24312405972864,445.24312405972864,439.3065490722656,439.3065490722656,19100,-0.00892860831108877,0.0022572934368676467,-0.00892860831108877,-0.013333333333333265,0.013513513513513443,0.004464248333355928,441.0875305175781,-0.004037705269560932,479.0321350097656,-0.08292885390164317,484.02875366210935,-0.0923957600708386,455.607157386818,471.30170973938664,-15.694552352568621,-10.413097970186582,-5.281454382382039,31.639241701420197,35.72164132680355,3.1578779582993257,4.210522207072293,-96.84212204170069,14.689792344686802,0.03343859174345453,549.9770978653255,408.0871721542058,29.620126780894797,0.22002532428990626,0.005135929990213295,0.08284419641915065,0.747232111419741,0.3812299155705475,-0.21399176954732513,0.09540954095409537,0.009009046556774258,0.011286676057608913,0.9506670318062673,-0.0022522095413278764,-0.006726399097097935,1.1501897421853604,0.004504488543441543,-0.004464338579227234,1.0171746019326318,0.009009046556774258,-0.008849526120520923,2.4451312546457493,0.009796093408938836,0.013548512423826714,-0.018724701720027607,-0.022477120734915486,0.00624569807713311,0.012457993699624498,-0.01517430638822188,-0.021386602010713268,2.0509887914793206,-0.021738465062252722,-0.01333333333330332,0.011286681715549664,0.0,0.36261268254877776,0.3288288388843796,0.0022522845325045893,-0.009008977091456316,-0.011235955056179803,0.011277214406630086,1.5952782669180834e-05
2025-08-26,440.295992417769,440.295992417769,434.35941723910247,435.3488464355469,23900,-0.009008977091456316,-0.017857147774811843,-0.017857147774811843,-0.01123595505617981,0.01366742596810933,0.0022522845325044913,439.504443359375,-0.009455187513134455,474.82706146240236,-0.08314230218089258,483.6329823811849,-0.09983631742568388,452.4904941635455,468.63853467984296,-16.148040516297442,-11.560086479408755,-4.5879540368886875,31.607591739219714,34.52037388237365,1.0309280029948693,3.852409482570278,-98.96907199700514,14.064562547113926,0.0323064196959205,545.6605085568742,403.99361436793055,29.83547183528863,0.22133069442319597,0.006893516975060711,0.08346591924769174,0.9738804449696427,0.5045280868041628,0.25130890052356025,0.38354037267080754,0.009090876588082608,-0.00892860831108877,0.7782893932602584,0.01818182327759854,0.011286676057608913,0.990179699278758,0.0068181924900558855,-0.006726399097097935,1.1979951917199787,0.01818182327759854,0.0,1.1816959374108635,-0.004976281033661256,0.0041500716319756775,-0.00403269605779506,-0.022007219406787522,-0.0044002823962855835,0.004785636772927246,-0.004608694695170733,-0.02264278454773909,1.724053226909509,-0.0014226560268270488,-0.011235955056154292,-0.01333333333330332,0.0,0.37500002628631474,0.3227273046876557,-0.0022727762144489905,-0.015909139181905174,-0.013667425968109326,0.0008017823758789504,-0.012834580591577233
2025-08-27,434.3593959323804,434.3593959323804,427.43339189701214,428.4228210449219,20600,-0.015909139181905174,-0.024774791202926916,-0.02914798299313137,-0.013667425968109347,0.016203703703703668,-0.0022727762144489393,436.9319274902344,-0.01947467308047246,471.01775817871095,-0.09043170113033716,483.71543477376304,-0.11430814432371295,448.7877752222188,465.65959292910804,-16.87181770688926,-12.622432724904856,-4.249384981984404,31.933270607621747,32.4629584180323,0.9803919881195562,1.7230659831379267,-99.01960801188044,13.625340546501127,0.03180348916343243,543.2161885209387,398.81932783648324,30.656351735611032,0.20501479788490654,0.012920665429299281,0.08644967418497262,0.8780529389199097,0.4437646754701536,-0.13807531380753135,0.31341240875912413,0.016166331599041017,-0.009008977091456316,1.0187119048633904,0.025404174314927808,-0.00892860831108877,0.8141170453092366,0.03464208826319681,0.011286676057608913,1.035761476492903,0.030023095672871314,-0.004464338579227234,1.1082221559183325,-0.0009587615953857582,0.010660487066408273,-0.014950377586519415,-0.03980847005953964,-0.001783331594604716,0.005178482510169585,-0.014125807587300459,-0.03432646550330096,1.4799983061875497,-0.013269811442519453,-0.013667425968077882,-0.011235955056154292,0.0,0.39722873266315895,0.3117782897106792,0.002309523641852884,0.004618992590336379,0.0023041474654377225,0.0010024215196251735,0.0033118904681086686
2025-08-28,429.4122736788344,431.3911320828843,425.45455687073456,430.4017028808594,17000,0.004618992590336379,-0.011363630787568746,-0.018058695617058973,0.0023041474654377572,0.013953488372092971,0.0023095236418528716,435.3488403320313,-0.011363616929328302,467.0105712890625,-0.07838980669768436,484.1606781005859,-0.11103540137030066,445.95914870816347,463.0478973699785,-17.088748661815032,-13.515695912286892,-3.5730527495281397,32.33483953055872,33.67919143116177,5.376344606358494,2.462554865824316,-94.62365539364151,13.076143022618885,0.030381252990088994,538.8842689100412,395.13687366808375,30.780330056593748,0.24532499634805494,0.014264001615120654,0.08566515577156011,0.810256899099185,0.3644471122925867,-0.1747572815533981,0.08970233306516495,-0.004597755593640507,-0.015909139181905174,0.9818407130260712,0.011494247166223381,-0.009008977091456316,1.1391258757923837,0.0206896165391115,-0.00892860831108877,0.910347457223202,0.018390809648326067,-0.006726399097097935,1.4012678137362375,0.0029138314985153483,0.012234513205647527,0.001705161091821031,-0.030293208822706502,0.000883178120382302,0.004578076978845978,0.0037358144699540775,-0.02263677259590495,1.3284594787036892,0.0034457262449308023,0.0023041474654323913,-0.013667425968077882,0.0,0.39080461644520786,0.3149425649272278,0.0,0.0,0.0,-0.0020089740341548553,-0.0020089740341548553
2025-08-29,430.4017028808594,432.38056128490933,428.4228444768095,430.4017028808594,7500,0.0,0.004618992590336379,-0.029017856528148478,0.0,0.009237875288683611,0.0,432.7763244628906,-0.00548694891286583,462.80549774169924,-0.07001601108864752,484.3420735677083,-0.11136833579294037,443.56569550396284,460.62966074115485,-17.063965237192008,-14.225349777267915,-2.8386154599240925,32.5940037380087,33.67919143116177,15.151522021063426,7.169419538513836,-84.84847797893657,12.424826864438954,0.028867977940713295,532.8913752463442,392.7196202370543,30.28740058043184,0.26882792928794885,0.010357589425804269,0.08353428044683547,0.42562851143521935,0.1643979746169527,-0.5588235294117647,0.17432010699955414,-2.323363723633065e-12,0.004618992590336379,0.9647579592531639,-0.004597755593640507,-0.015909139181905174,1.1690596447420691,0.011494247166223381,-0.009008977091456316,1.3563361897735657,0.0298850568168727,0.011286676057608913,1.3790363770501106,-6.954998931852442e-05,0.006168165057295722,6.954998931852442e-05,-0.0351860215854442,0.001512258421397401,0.0016197812989099303,-0.001512258421397401,-0.030637637827058407,1.0962869701552977,-0.0016578692028855902,0.0,0.0023041474654323913,0.0,0.39080461644520786,0.3149425649272278,-0.004597722866001908,-0.013793124964237347,-0.009237875288683473,-0.0047654599431271325,-0.013960862041362572
2025-09-01,428.4228351299579,428.4228351299579,423.4756892277644,424.4651184082031,14400,-0.013793124964237347,-0.013793124964237347,-0.03378376829438323,-0.009237875288683502,0.011682242990654144,-0.004597722866001907,429.80803833007815,-0.01243094462267691,457.90782470703124,-0.07303370786719288,484.49048817952473,-0.12389380439179165,440.62714518153825,457.9508057535288,-17.32366057199056,-14.845011936212446,-2.4786486357781126,33.103001129868076,31.693416734403357,3.225807699644659,7.917891442355536,-96.77419230035534,12.032054492200098,0.028346391659445302,524.2353036627535,391.58034575130904,28.969794957384032,0.2478970494178344,0.009265561444148,0.0801603648987605,0.8632575984653198,0.31992179689409256,0.9199999999999999,0.14133114215283493,0.013986036105640975,0.0,0.44961333253402075,0.013986036105640975,0.004618992590336379,1.0191235537437804,0.009323976138607915,-0.015909139181905174,1.2349379533601104,0.03496501837108479,-0.00892860831108877,1.1450152868533061,-0.0049491270878355784,-0.008246978544544177,-0.008843997876401768,-0.025536789749839056,0.0001530047165492296,-0.004258414465432284,-0.013946129680786576,-0.029525353828950947,0.8159242150582355,-0.013917965217487985,-0.00923787528866194,0.0,0.0,0.4102564600299792,0.30536132690424833,2.1816884521186353e-08,0.013986036108029731,0.013986013986013957,-0.0022478783944720245,0.011738135896673186
2025-09-02,424.4651276687096,431.3911320828843,424.4651276687096,430.4017028808594,10100,0.013986036108029731,0.0,-0.011363630787568746,0.013986013986013932,0.016317016317016233,2.1816884559538446e-08,428.8186096191406,0.0036917550339550242,454.24693756103517,-0.05249399106387875,484.55645039876305,-0.1117614830516146,439.05400021220305,455.9101314666644,-16.85613125446133,-15.247235799862224,-1.6088954545991072,33.21113987648564,35.77171800745734,22.580684511539474,13.652671410749198,-77.41931548846053,11.66733729094875,0.027108018422853007,518.115027972589,390.3788471494813,28.120427516573926,0.3133243492445004,0.005994680042223311,0.07612339555410422,0.7255225917678327,0.24354368112657038,-0.29861111111111116,0.0014964459408903785,-0.013793124966528736,-0.013793124964237347,1.0344084476689892,-2.323363723633065e-12,0.0,0.5387543998275985,-2.323363723633065e-12,0.004618992590336379,1.2211766396092234,0.011494247166223381,-0.009008977091456316,1.7168306874506143,0.0006162194120342781,-0.0028054854928050857,0.013369816695995454,-0.008558145294763661,0.0027550355411330753,0.0029949043565134265,0.011231000566896656,-0.014358535144082172,0.3134593993205786,0.013122444322199313,0.013986013985980983,-0.00923787528866194,0.0,0.39080461644520786,0.3149425649272278,0.004597679232233753,-0.013793124964237347,-0.01830663615560635,0.006056324377287268,-0.01233447981918383
2025-09-03,432.3805518517127,432.3805518517127,424.4651184082031,424.4651184082031,17700,-0.013793124964237347,0.0,-0.009237842715908329,-0.018306636155606338,0.018648018648018575,0.004597679232233673,428.0270690917969,-0.00832178836759856,449.8934494018555,-0.056520785151247366,484.70486501057945,-0.12428129146576072,436.80955685774154,453.5808712401117,-16.77131438237018,-15.552051516363816,-1.2192628660063622,33.18711964271402,33.61060369687327,3.571427339309769,9.792639850164644,-96.42857266069024,11.399344158988809,0.026855785468805796,509.25952709245246,390.5273717112585,26.391172296251764,0.28583450361855406,0.007660467466437583,0.07174713294113327,1.3267371261524623,0.43206561538837085,0.7524752475247525,-0.008683570684265396,0.013986036105640975,0.013986036108029731,0.7570646878045124,-2.355893258254582e-12,-0.013793124964237347,1.0793793568697998,0.013986036105640975,0.0,0.5621767483696875,0.009323976138607915,-0.015909139181905174,1.5441121355220748,-0.006345486640540747,-0.008020106651184179,-0.007447638323696599,-0.0012177360647241502,-0.004653378230849417,-7.55771017767105e-05,-0.00913974673338793,-0.009162265614131618,0.0722348553947358,-0.013456988860634927,-0.018306636155564,0.013986013985980983,0.0,0.4102564600299792,0.30536132690424833,0.009323969881756433,-0.009324048037536947,-0.018475750577367167,0.008997331936114747,-0.009650685983178633
2025-09-04,428.4228183880974,428.4228183880974,420.50738525390625,420.50738525390625,23000,-0.009324048037536947,-0.022988565242019976,-0.022988565242019976,-0.018475750577367205,0.018823529411764704,0.00932396988175652,426.04820556640624,-0.013005148809676959,444.4515884399414,-0.05387359120714863,483.4680781046549,-0.1302271974158954,434.3015304571515,451.1309833892817,-16.82945293213021,-15.807531799517095,-1.0219211326131141,33.41798855152378,32.21337126038601,0.0,8.717370616949758,-100.0,11.150493371503263,0.026516759901241627,492.5773271006067,396.32584977927615,21.656234295208723,0.2512328760825281,0.010202134176508467,0.05870998676279972,1.581734406161887,0.5987868058629039,0.2994350282485876,0.1384274640088594,0.009411804149165537,-0.013793124964237347,1.2172477821332783,0.023529474089867275,0.013986036108029731,0.6945877174884808,0.009411804149165537,-0.013793124964237347,0.9903032803796162,0.023529474089867275,0.004618992590336379,1.169108039337047,0.0023856716012435938,-0.00854762301994754,-0.011709719638780541,-0.014440942222072437,0.004521888274804926,0.003324933793338959,-0.013845936312341874,-0.026313499035358935,-0.9163471468828043,-0.005180428618396647,-0.01847575057732408,-0.018306636155564,0.0,0.42352951763523056,0.298823523756983,0.0023529525639640614,0.007058834970367522,0.0046948356807512415,0.00773837948616088,0.01244426189256434
2025-09-05,421.4968191842052,428.4228232553072,421.4968191842052,423.4756774902344,17400,0.007058834970367522,-0.0023310299835220816,-0.016092002759901303,0.004694835680751256,0.016431924882629192,0.0023529525639639564,424.6630004882812,-0.0027959181696518565,439.90021362304685,-0.0373369587582183,483.00634409586587,-0.12325027887147744,432.6360146160873,449.0824422115745,-16.446427595487194,-15.935310958711115,-0.5111166367760784,33.6323661425512,34.41547882445366,9.677426461657676,4.416284600322492,-90.32257353834233,10.919417987924527,0.02578523057714584,476.5032123484738,403.2972148976199,16.641500773078644,0.27563947347566825,0.008488761898472504,0.04434007229903528,1.0532050118031595,0.4607318752316899,-0.24347826086956526,0.10478359908883816,-0.007009357077867984,-0.009324048037536947,1.3921675443375099,0.002336476377652774,-0.013793124964237347,1.0713637189032141,0.016355190528665853,0.013986036108029731,0.6113431390351673,0.016355190528665853,0.0,0.4539676775013619,0.013593684302506395,0.004907528784244116,-0.0065348493321388725,-0.020999531544145418,0.005877059737149577,0.0077966391069187665,0.0011817752332179453,-0.02388864186682007,-0.41393736689219585,0.00949156960303136,0.0046948356807401176,-0.01847575057732408,0.0,0.4135514909386016,0.30373832005191576,-0.00233644859813098,0.0,0.0023419203747072626,0.0005008477210556059,0.002837296319186586
2025-09-08,422.48624833721976,428.4228232553072,422.48624833721976,423.4756774902344,19000,0.0,0.007058834970367522,-0.0023310299835220816,0.0023419203747073684,0.014051522248243672,-0.002336448598130949,424.4651123046875,-0.002331015640080647,435.59619598388673,-0.027825124751715835,482.26427205403644,-0.12190120224807577,431.2267319813407,447.1856448248086,-15.958912843467886,-15.94003133566247,-0.018881507805415865,33.83143104850524,34.41547882445366,11.53846817876305,7.071964880140253,-88.46153182123695,10.563500625793308,0.02494476350654629,454.2843677277957,416.90802423997775,8.580502729918367,0.17571684754013497,0.008584683936730555,0.022638442617164193,1.0893870764291038,0.5387625474961719,0.09195402298850586,-0.02087832973362136,-2.3613333510752454e-12,0.007058834970367522,0.9976492173613898,-0.007009357077867984,-0.009324048037536947,1.318731724098389,0.002336476377652774,-0.013793124964237347,1.0148500659365862,0.002336476377652774,-0.013793124964237347,0.8256407316094261,0.008600306958367806,0.018832134757687736,-0.008600306958367806,-0.021163164741209817,0.0068544097395428424,0.01487237645533674,-0.0068544097395428424,-0.017203406438858822,-0.21736077911714538,0.0014898798413751817,0.002341920374701825,0.0046948356807401176,0.0,0.4135514909386016,0.30373832005191576,0.004672925042910059,0.0023364763800195476,-0.0023255813953487747,0.004041800439157275,0.0017053517762667637
2025-09-09,425.4545475886418,432.3805518517127,424.4651184082031,424.4651184082031,10700,0.0023364763800195476,0.0023364763800195476,-0.013793124964237347,-0.002325581395348745,0.018648018648018575,0.004672925042910042,423.2777954101563,0.002805067995342192,434.45835266113284,-0.02300159311633998,481.6871053059896,-0.11879493195550173,430.18648373931956,445.50264286802303,-15.316159128703475,-15.815256894270671,0.4990977655671962,33.41340475605641,35.22892380442573,15.384663781414114,12.200186140611626,-84.61533621858588,10.445027321199381,0.024607504523210113,452.94665700757895,415.9700483146867,8.510967384193233,0.2297417311596062,0.003830242484211317,0.022344121110947253,0.6093047092990148,0.4225741479404447,-0.4368421052631579,-0.023907358983937255,-0.0023310299858724237,0.0,1.0819429417459143,-0.0023310299858724237,0.007058834970367522,0.9908319571778372,-0.009324048039870858,-0.009324048037536947,1.3097204031661067,0.013986036105640975,0.013986036108029731,0.575138090085986,-0.004323443919785472,0.013833845217367233,0.00665992029980502,-0.02762697018160458,-0.002903580886654086,0.009064071978320487,0.005240057266673634,-0.022857196942557834,0.572867792450998,0.003999844352759985,-0.0023255813953432787,0.002341920374701825,0.0,0.4102564600299792,0.30536132690424833,-3.287648298044843e-08,0.00932397614098579,0.00932400932400923,-0.001247697398520543,0.008076311618948227
2025-09-10,424.4651044532829,431.3911084886511,423.4756753053731,428.4228210449219,17000,0.00932397614098579,0.011682237771026616,0.00932397614098579,0.009324009324009284,0.018691588785046787,-3.287648296476068e-08,424.0693359375,0.010265974776948461,433.4689224243164,-0.011641206830148132,481.2418619791667,-0.1097557072818025,429.9151510171045,444.2374708811266,-14.32231986402212,-15.516669488220963,1.1943496241988427,33.109524993589005,38.51396841865212,30.76920893363809,19.230780297938427,-69.23079106636192,10.26434202563357,0.023958439003260643,451.00054052309184,415.937304325541,8.088985019144685,0.3560856918350563,0.006653517646977724,0.02099218314567777,0.9758337638482292,0.7556899004267426,0.5887850467289719,-0.14400840925017522,-0.009237842718220923,0.0023364763800195476,0.6142012513632972,-0.011547339013383784,0.0,1.0906377360656678,-0.011547339013383784,0.007058834970367522,0.9987945582917169,-0.009237842718220923,-0.013793124964237347,1.0160151541243327,0.004789699182796509,0.023005851639807,0.004534276958189281,-0.01368187549882121,0.002177927505226759,0.016054167418964694,0.007146048635759031,-0.006730191277978904,0.5851847763368601,0.008049486120961773,0.009324009323987317,-0.0023255813953432787,0.0,0.39722873266315895,0.3117782897106792,0.0023095127841454843,-0.0023094250627858637,-0.004608294930875445,0.0035315694956351657,-0.0010873683512961823
2025-09-11,429.4122690271448,430.4016982184516,423.4756938793041,427.4334106445313,22800,-0.0023094250627858637,0.006993018054014977,0.016470639121933806,-0.004608294930875434,0.01635514018691585,0.002309512784145534,425.454541015625,0.0046511893448775155,432.38055114746095,-0.011441635130880368,480.46680908203126,-0.1103789011767825,429.5333448059394,442.99272567841587,-13.459380872476459,-15.105211765072063,1.6458308925956047,32.8273509284407,37.995160687841455,28.000074891617075,24.717982535556434,-71.99992510838293,10.025889333741706,0.023456026328405415,448.51766004005316,416.24344225486874,7.464308396743193,0.34671540187720234,0.005428725397397744,0.019367138806529238,1.3117772280075946,1.0349053606282057,0.3411764705882352,-0.13391699092088194,0.0023147708502626596,0.00932397614098579,0.9780795121109257,-0.006944455354683909,0.0023364763800195476,0.6156147517404061,-0.009259297604554906,0.0,1.0931476900063288,-0.016203752956899242,-0.009324048037536947,1.3232840457971349,0.005750620766665813,0.02531453615860022,-0.008060045829451676,-0.008843897036666413,-0.0020883262191807393,0.009412644526656641,-0.00022109884360512443,0.007057994595277164,0.5977547340981564,-0.0010611181789292727,-0.004608294930864703,0.009324009323987317,0.0,0.40046299700794574,0.31018521415557354,0.0717592142470922,0.06249995537670694,-0.008639308855291628,0.07214379426123937,0.06288453539085412
2025-09-12,458.10569633533754,506.5877246732026,444.2536882388046,454.1479797363281,1178300,0.06249995537670694,0.060046191350551004,0.07242990300617924,-0.00863930885529162,0.14031180400890875,0.07175921424709214,431.58900146484376,0.05226958563324202,432.72685089111326,0.04950265693023881,479.70824635823567,-0.05328294190666549,433.3202117183069,443.8190407938168,-10.498829075509889,-14.18393522715963,3.685106151649741,33.879916629877144,55.44643123628222,39.0804621698329,32.6165819983627,-60.919537830167094,14.963633954808106,0.032948806605861886,450.35175224935165,415.10194953287487,8.145970753579759,1.107694999529799,0.028129045561526667,0.019908452814925644,4.721490938087281,14.823994162494024,50.67982456140351,-4.13127147766323,-0.058823489885935554,-0.0023094250627858637,0.09136042891317153,-0.05664488193316475,0.00932397614098579,0.06811961804929456,-0.06535944813911332,0.0023364763800195476,0.04287528900749717,-0.06753812328931663,0.007058834970367522,0.0697224325916309,0.007040074071005445,0.01944340799259177,0.055459881305701494,0.05298649501358747,-0.0006433742674198989,0.002944076984555082,0.06314332964412683,0.06948582602162416,0.09283740449171983,0.06255968457381096,-0.008639308855272762,-0.004608294930864703,1.0,0.31808287607090546,0.3507625272323431,-0.00871454113229908,0.021786549909784236,0.030769230769230882,-0.00927868630138447,0.021222404740698846
2025-09-16,450.1902884867654,477.8943062397971,450.1902884867654,464.0422973632813,171700,0.021786549909784236,0.08564816368366501,0.09579445061276859,0.030769230769230917,0.061538461538461584,-0.00871454113229904,439.70232543945315,0.055355567879807444,433.76575164794923,0.06979929973548304,477.46554005940754,-0.028113531911492462,438.04668643291836,445.3170597989623,-7.270373366043941,-12.801222854936492,5.530849488892551,34.85729906692527,59.94319552801862,50.57474494532019,39.218427335590064,-49.4252550546798,15.873661368966937,0.034207358810022084,455.68021797678784,411.8512853191106,10.104286124749066,1.190789026322062,0.03901395078131989,0.024225989935177494,0.6129931703207058,2.021284109905116,-0.8542815921242468,-4.98125,-0.0213220167302679,0.06249995537670694,4.206696870057586,-0.07889127117869466,-0.0023094250627858637,0.08139920957083338,-0.07675911554113679,0.00932397614098579,0.06069239310105998,-0.0874200910228694,0.0,0.06783267464236115,0.00967702088502121,0.02118503312820166,0.012109529024763026,0.07460941748456693,0.006076701219449818,0.00204744734267306,0.01570984869033442,0.09374700327009552,0.7860403455768367,0.017010017583280718,0.030769230769162572,-0.008639308855272762,0.0,0.2899786909382824,0.36460557948721284,-0.0021321974877930305,0.05543709881098824,0.05769230769230771,0.0023135062875719063,0.05988280258635317
2025-09-17,463.0528675426136,526.3763366082702,462.0634383384628,489.7674560546875,405600,0.05543709881098824,0.07843143184087165,0.15384618149867357,0.057692307692307716,0.1391862955032119,-0.002132197487793,452.76279296875,0.08173079515261739,436.09091033935545,0.12308567879215637,476.673996480306,0.027468373920193523,446.0037279131905,448.60968174383083,-2.605953830640317,-10.762169050077258,8.156215219436941,36.906429979029134,68.7690968592067,65.42056940656221,51.69192550723844,-34.5794305934378,19.333606861884114,0.03947507459476002,468.7683053606586,403.4135153180523,14.986505908079753,1.3213100475166255,0.05336547701394811,0.03422675341109253,1.1295501572068698,3.908418131359852,1.3622597553873033,-6.696517412935323,-0.05252525126839214,0.021786549909784236,0.4781650936696734,-0.07272732371035562,0.06249995537670694,3.2814323230691684,-0.12727273860366228,-0.0023094250627858637,0.06349542303825599,-0.13333335410521718,0.0023364763800195476,0.029798290636374524,-0.008611355502949015,0.016452986316969433,0.06404845431393726,0.13739319518170415,-0.0056558213587655625,-0.00040758261624866075,0.0610929201697538,0.15425376411492223,-0.49260560787223506,0.05265100949253676,0.05769230769218313,0.030769230769162572,1.0,0.22222223606851135,0.3979798310778841,0.00404036045205447,-0.014141456940437558,-0.01810865191146882,0.005250043761770528,-0.0129317736307215
2025-09-18,491.74629311483415,492.735722276031,479.873143180472,482.8414306640625,69100,-0.014141456940437558,0.040511680524812244,0.12702080035422436,-0.018108651911468814,0.02680412371134011,0.004040360452054389,463.6465148925781,0.04139989227545526,438.16871185302733,0.10195323764905773,475.8000005086263,0.014799138602131556,451.67106679794006,451.14536684903317,0.5256999489068903,-8.50459525028043,9.03029519918732,38.8091943974113,64.63964479656494,58.87849517042262,58.291269840768344,-41.12150482957739,18.871390592860887,0.039084033378965766,476.6689559250465,399.6684677810082,17.573251138448736,1.08016150141113,0.0512827621878991,0.04090412965751389,0.18700896614623505,0.6523114102576205,-0.8296351084812623,-6.810069586573885,0.014344306328653689,0.05543709881098824,1.097696623283834,-0.038934383231959524,0.021786549909784236,0.4646807451130038,-0.05942624038954614,0.06249995537670694,3.1888952939234265,-0.11270492995015935,0.00932397614098579,0.04600799456564394,0.00862089254226269,0.022346231001621975,-0.02276234948270025,0.10467456935260239,0.002455683188303873,-0.00010403550741168045,-0.01659714012874143,0.12712483586163603,-0.6928760525024377,-0.01243997286672897,-0.01810865191143199,0.05769230769218313,0.0,0.23975416622690135,0.38934426935759064,-0.004098360655737765,0.0,0.004115226337448652,-0.003920335195197907,0.00017802546053985823
2025-09-19,480.8625723416688,482.8414306640625,471.9577098908971,482.8414306640625,43100,0.0,-0.014141456940437558,0.12962959525316675,0.004115226337448573,0.023060796645702444,-0.004098360655737718,474.7281188964844,0.017090438597613833,440.3949264526367,0.09638281837675633,474.8105707804362,0.016913818640156286,456.46650739272815,453.49322342792425,2.9732839648038976,-6.209019407263565,9.182303372067462,39.93866803207946,64.63964479656492,58.87849517042262,61.05918658246916,-41.12150482957739,18.300842748596924,0.03790238696664756,483.5408488894192,397.2490040158542,19.594195956943075,0.9918947355178063,0.030989413733199196,0.04583987577444544,0.11537606977173741,0.40425452089742625,-0.37626628075253254,-6.475477349307376,-2.071010030135767e-12,-0.014141456940437558,0.18497648309111497,0.014344306328653689,0.05543709881098824,1.08576644778229,-0.038934383231959524,0.021786549909784236,0.4596304218052741,-0.11475407142301886,-0.0023094250627858637,0.06103420860314648,0.0011246479221368542,0.017748469303858993,-0.0011246479221368542,0.11188112594930776,0.00025693695127272697,0.0020170293099774873,-0.00025693695127272697,0.12761256594318926,-0.631658203536554,0.00016229633306308984,0.004115226337440016,-0.01810865191143199,0.0,0.23975416622690135,0.38934426935759064,9.520289001585525e-09,-0.020491793953487325,-0.020491803278688492,0.0027504213649511265,-0.0177413821088252
2025-09-22,482.8414352608525,482.8414352608525,471.957714384071,472.9471435546875,25200,-0.020491793953487325,-0.020491793953487325,0.04139435747192777,-0.020491803278688516,0.023060796645702333,9.520289093864477e-09,478.4879516601562,-0.011579827845681012,441.87906951904296,0.07030899668633284,474.1179702758789,-0.0024694839588291773,459.00198987918344,454.93425454842526,4.0677353307581825,-4.153668459659215,8.221403790417398,40.98746508916129,58.79069984417513,49.53270777685819,55.763232705901146,-50.46729222314181,17.77104832918154,0.037575125616736225,487.2997985697192,396.4583404683667,20.557990719095972,0.8420032514337414,0.02126288394208372,0.049266271481806775,0.17629651394631352,0.23626255144804567,-0.4153132250580046,0.5773705004389815,0.020920492370433363,0.0,0.30152300599548065,0.020920492370433363,-0.014141456940437558,0.4834162346702486,0.03556488865233942,0.05543709881098824,2.8375343673263793,-0.03974897422579704,0.06249995537670694,8.24326120567227,0.011323098306293125,0.022563211961198152,-0.03181489225978045,0.018831145510729615,0.004354272341058828,0.006957195497039769,-0.02484606629454615,0.034437161974888,-1.0119165432357329,-0.016085633737816116,-0.020491803278646078,0.004115226337440016,0.0,0.2656904338052855,0.3765690508024336,-0.002092040302834164,-0.02092049237259197,-0.018867924528301883,-0.002219829948389201,-0.021048282018147006
2025-09-24,471.9577190692608,472.94714824969947,462.0634272648738,463.0528564453125,20000,-0.02092049237259197,-0.04098358790697465,-0.002132221402210255,-0.01886792452830186,0.023554603854389646,-0.0020920403028341526,478.2900634765625,-0.03185767005373885,443.06638488769534,0.04510942883116287,473.4913319905599,-0.02204575847744017,459.62520012012635,455.5356324667132,4.089567653413155,-2.5050212370447413,6.594588890457897,41.15178796162842,53.570479993530256,40.18692038329377,49.532707776858196,-59.81307961670624,17.279096376013264,0.03731560260446562,489.3885829640646,396.7441868113261,20.90982284206039,0.7157331947489451,0.022491794223773127,0.05131765389818482,0.17761831600074598,0.18743088486120743,-0.2063492063492064,0.30880044325422484,0.02136751122605851,-0.020491793953487325,0.22379907816093997,0.042735022454276406,0.0,0.3827674709816076,0.042735022454276406,-0.014141456940437558,0.6136712817825775,0.0021367774827312225,0.021786549909784236,1.5248532428664043,-4.652354040576567e-05,0.011910399598317597,-0.020873968832186205,-0.014042621000527852,-0.00012628476766118795,0.000925625664787312,-0.02079420760493078,-0.003057847066997567,-0.768185167608581,-0.02101750245800419,-0.018867924528261883,-0.020491803278646078,0.0,0.29273508836106804,0.363247882995436,-0.0021367326910308737,0.0405983108768051,0.042826552462526646,-0.0014529456811326936,0.04128209788670328
2025-09-25,462.0634362692706,492.73574146059264,462.0634362692706,481.8520202636719,76400,0.0405983108768051,0.018828481851174805,-0.016161620567398005,0.0428265524625267,0.0663811563169165,-0.002136732691030827,476.70697631835935,0.010792885776577554,445.39154357910155,0.08186162761532789,473.1780131022135,0.018331382524670037,463.04471091144103,457.4849945257472,5.559716385693832,-0.8920737124970267,6.451790098190859,41.85671246707314,60.709052472081034,57.94393372654954,49.22118729556718,-42.05606627345046,18.235754148535317,0.03784513373736355,494.51458914039665,396.26849801780645,22.058364721767937,0.8711137640995347,0.018041789429557222,0.05229736435129834,1.6338401659502577,0.6987954011213654,2.82,0.003493449781659441,-0.03901439244570015,-0.02092049237259197,0.42770684972519835,-0.018480521686083384,-0.020491793953487325,0.5389106306537499,0.0020533490735332727,0.0,0.9217082611578025,0.01642710927240243,0.05543709881098824,8.673894912427022,-0.0005575568822624903,0.020595278323506282,0.04115586775906759,-0.03675689889090429,0.0008901330548035198,0.007278067050806585,0.03970817782200158,-0.02343968761820459,-1.1721118834378683,0.04164164640818115,0.04282655246243401,-0.018867924528261883,0.0,0.24229981429810532,0.38809037997756096,-2.4503398976527535e-08,-0.02874745706387616,-0.028747433264886935,0.0032035993058548797,-0.0255438332546223
2025-09-26,481.8520084566596,481.8520084566596,468.0,468.0,23000,-0.02874745706387616,0.010683755614132151,-0.030737690930230932,-0.028747433264886976,0.029598308668076015,-2.4503398974965795e-08,473.7386901855469,-0.012113619396986852,447.37040252685546,0.04611301363607767,472.5019032796224,-0.009527799251950686,463.80706307891165,458.2638838201363,5.5431792587753534,0.3949768817574493,5.148202377017904,42.51128522212895,54.10766477771851,44.33962127015324,47.49015845999886,-55.66037872984677,17.9226302996165,0.038296218588842315,496.7875152079439,397.953289845767,22.092258406890007,0.7087292878306843,0.018394450251750787,0.054167615206454245,0.6126634879198742,0.21013969721610584,-0.6989528795811518,0.0361420318444412,0.0295983338945347,0.0405983108768051,2.035108281612104,-0.010570819563412215,-0.02092049237259197,0.5327508590607603,0.010570819559138744,-0.020491793953487325,0.6712660824165579,0.031712458681689704,-0.014141456940437558,1.8406542180549266,-0.00431465273588618,0.007033585219175227,-0.024432804327989978,-0.03777127614940616,0.0027332064920777463,0.007134627417213268,-0.03148066355595391,-0.0378723183474442,-1.721263185562068,-0.02404288935052349,-0.028747433264827316,0.04282655246243401,0.0,0.2790698190014737,0.3699788747295514,0.004273504273504258,-0.014957264957264904,-0.019148936170212738,-0.0037107694577323495,-0.02294153868850151
2025-09-29,470.0,471.0,461.0,461.0,22300,-0.014957264957264904,-0.04327473868898912,-0.045235204100077975,-0.019148936170212766,0.021691973969631236,0.004273504273504274,469.3704040527344,-0.017833259151925795,448.9003173828125,0.02695405226421843,471.51124064127606,-0.02229266184186407,463.37520722061754,458.4665590927188,4.9086481278987435,1.2977111309857081,3.6109369969130354,42.547649104504316,51.08463986684744,37.071632437444286,46.4517291447157,-62.92836756255572,17.35672813535818,0.0376501694909339,498.0150229178177,399.7856118478073,21.882232483752624,0.6231777986387782,0.018162960911832903,0.05465360590872335,0.668044696084599,0.2032520325203252,-0.0304347826086957,-0.009641025641025647,0.015184381776539801,-0.02874745706387616,0.6890147089661783,0.04523214807511211,0.0405983108768051,2.288727120218088,0.004453050855331986,-0.02092049237259197,0.5991432251879811,0.047378374540163026,0.0,1.2911536502800995,-0.005340035660035285,0.0006956552554475431,-0.009617229297229619,-0.045930859355525516,-0.004638612966458928,0.0025433507819595923,-0.010318651990805977,-0.04777855488203757,-1.0635131364234738,-0.019890490781878233,-0.019148936170172024,-0.028747433264827316,0.0,0.2984917034548162,0.3604123934347931,-0.002169197396963085,-0.013015184381778733,-0.010869565217391353,-0.006923988021652617,-0.017769975006468264
2025-09-30,460.0,460.0,450.0,455.0,25300,-0.013015184381778733,-0.02777777777777779,-0.037947461570009944,-0.010869565217391304,0.022222222222222223,-0.0021691973969631237,465.7809753417969,-0.02314601908088343,450.1302322387695,0.010818575184340373,470.79985961914065,-0.03355960987942641,462.086713802061,458.2097769377026,3.876936864358413,1.8135562776602492,2.063380586698164,41.74092166250411,48.57927019921067,30.635687171953432,37.34898029318366,-69.36431282804658,16.902676125689737,0.037148738737698,498.55754907014443,401.7029154073946,21.517024791032867,0.550279140781092,0.022243787168173983,0.05459931727302252,0.757462351426604,0.2287398513643021,0.13452914798206272,-0.00987963542753778,0.013186813184586477,-0.014957264957264904,0.6676446812969672,0.028571428569168056,-0.02874745706387616,0.6886021376605491,0.05901542914859981,0.0405983108768051,2.2873566659680846,0.03944427154647934,-0.020491793953487325,0.7544684290889494,-0.0028010323160825453,-0.013217177291043975,-0.010214152065696187,-0.024730284278965967,-0.004470833938807363,-0.006069122039416291,-0.00854435044297137,-0.03187833953059365,-0.6429034980218206,-0.01588949916011266,-0.010869565217367675,-0.019148936170172024,0.0,0.31561467097286405,0.3519782711504353,-0.00659340659340657,-0.05934065934065935,-0.053097345132743334,-0.020416868090079865,-0.07316412083733265
2025-10-01,452.0,455.0,426.0,428.0,73600,-0.05934065934065935,-0.07158351409978303,-0.07569947136143473,-0.05309734513274336,0.06807511737089202,-0.006593406593406593,458.77040405273436,-0.06707146708210565,450.3069763183594,-0.04953726567082806,469.55602569580077,-0.08850067600587896,456.84260398635934,455.972015683058,0.8705883033013606,1.6249626827884716,-0.754374379487111,39.47303653739398,39.250509116935135,4.396788744932506,24.03470278477675,-95.60321125506749,17.766770688140472,0.04151114646752094,498.38285263703796,402.2310999996808,21.3524901220672,0.2680023951046254,0.04649402469981297,0.057622439673332096,1.668139888035176,0.6480812919359668,1.9090909090909092,-0.0478374373809356,0.0630841121470489,-0.013015184381778733,0.5734230865120917,0.07710280373580125,-0.014957264957264904,0.5054282541193535,0.09345794392267881,-0.02874745706387616,0.5212937150109925,0.08189919729960415,-0.02092049237259197,0.45329888261825435,-0.02186923378260441,-0.03460219087377113,-0.03747142555805494,-0.041097280487663604,-0.021501611889198524,-0.02726344168833328,-0.03783904745146083,-0.048436029673101455,1.5219841210282,-0.026615547468788046,-0.053097345132625894,-0.010869565217367675,0.0,0.39860905442189287,0.3110983957324508,0.007009345794392496,0.030373831775700966,0.023201856148491906,0.011439161263632985,0.034803647244941456
2025-10-02,431.0,445.0,429.0,441.0,54700,0.030373831775700966,-0.03076923076923077,-0.08478125761788324,0.02320185614849188,0.037296037296037296,0.007009345794392523,450.6,-0.02130492676648621,450.8368911743164,-0.021819179769587915,468.644292195638,-0.05898779235539853,454.40528029615024,454.8629774843129,-0.45769718816268323,1.2084307085982406,-1.6661278967609239,37.36714320693458,44.75169378594891,17.030317455697354,17.354264457527773,-82.96968254430266,17.712001353273298,0.04016326837467831,498.25257027210426,403.42121207652855,21.03451604161406,0.39626963737006415,0.03644379656040467,0.05515585068439519,1.3750282798320805,0.47238246571556874,-0.2567934782608695,-0.05991832362589544,-0.029478458052087375,-0.05934065934065935,1.850129458786858,0.03174603174369217,-0.013015184381778733,0.6359820014579824,0.04535147392053207,-0.014957264957264904,0.5605691159096051,0.09263496658181247,0.0405983108768051,1.9205148186320102,0.005494766615817703,-0.028869376231042056,0.02487906515988326,-0.05591188138684119,-0.002910553013028716,-0.030668798548406605,0.03328438478872968,-0.054112459069476634,1.3832373386850099,0.034399817379544444,0.023201856148438046,-0.053097345132625894,0.0,0.357380216083019,0.33140615277430524,-0.0113378684807256,-0.013605442176870763,-0.002293577981651418,-0.021364526736414455,-0.02363210043255962
2025-10-03,436.0,443.0,435.0,435.0,19600,-0.013605442176870763,0.016355140186915973,-0.07051282051282048,-0.0022935779816513763,0.01839080459770115,-0.011337868480725623,444.0,-0.020270270272476854,451.36363525390624,-0.03625377406769803,467.71501108805336,-0.06994646379400549,451.419852558281,453.3916458188083,-1.9717932605273063,0.5723859147731313,-2.5441791753004375,35.41167082865084,42.82418965897822,8.96625669367024,10.13112096476671,-91.03374330632977,17.018286970896632,0.039122498783580484,497.8201109236209,404.90715958419156,20.58494395259886,0.32388208513443245,0.03160397030996855,0.054785446380676256,0.5012659522774353,0.16912443589234713,-0.6416819012797075,-0.058543550690147494,0.01379310344594531,0.030373831775700966,1.3989412035497812,-0.01609195402525032,-0.05934065934065935,1.8823048003887368,0.045977011491848296,-0.013015184381778733,0.6470422751336283,0.07586206896304404,-0.02874745706387616,0.5882202501214803,0.010889322938114225,-0.013713087593166822,-0.02449476511498499,-0.056799732919653664,0.007248689704415304,-0.026307789815468195,-0.020854131881286066,-0.04420503069735229,1.0820110281167803,-0.021448604376444684,-0.0022935779816461157,0.023201856148438046,0.0,0.3761027018220521,0.3221841686746617,0.034482758620689724,0.025287356321838983,-0.008888888888888835,0.01928001217983054,0.010084609880979799
2025-10-06,450.0,451.0,441.0,446.0,18500,0.025287356321838983,0.01133786848072571,-0.03253796095444683,-0.008888888888888889,0.022675736961451247,0.034482758620689655,441.0,0.011337868478432434,452.6382659912109,-0.01466571982741982,466.85363006591797,-0.044668454358872234,450.5860290877762,452.84411649889654,-2.258087411120357,0.006291249594433604,-2.2643786607147907,34.002093997760504,47.30523586643972,19.925014874822757,15.307196341396795,-80.07498512517725,16.94555218726116,0.037994511630545215,496.9895622676419,408.28696971477996,19.596794884015463,0.4251626609757221,0.023138752735992404,0.05101285859465361,0.4825121932135312,0.15994328497570592,-0.056122448979591844,-0.031275890637945336,-0.02466367713223172,-0.013605442176870763,0.511202107404606,-0.011210762334055602,0.030373831775700966,1.42667118750163,-0.04035874439677045,-0.05934065934065935,1.919616076784643,0.0336322869931982,-0.014957264957264904,0.5816228058736079,0.026365015354904802,0.017512625214883087,-0.001077659033065819,-0.05005058616932992,0.014050454242891846,-0.008397273655304181,0.011236902078947137,-0.02414068729914265,1.269291494245436,0.007453234261051666,-0.008888888888869136,-0.0022935779816461157,0.0,0.3421629490866067,0.33890159949206533,0.015695067264573925,0.011210762331838486,-0.004415011037527616,0.015359425379406582,0.010875120446671143
2025-10-07,453.0,458.0,445.0,451.0,27000,0.011210762331838486,0.0367816091954023,-0.00879120879120876,-0.004415011037527594,0.029213483146067417,0.01569506726457399,440.2,0.024534302587404522,454.01448211669924,-0.0066396166563641446,465.9601486206055,-0.03210606886846501,450.649716920426,452.70751527675606,-2.0577983563300677,-0.4065266715904667,-1.651271684739601,33.03164867155506,49.252149766744374,24.90626859352845,17.932513387340492,-75.09373140647156,16.66372703102822,0.03694839696450393,496.3217754309693,411.7071888024292,18.63697964744457,0.4643739662768444,0.020041696742266087,0.04812235817700865,0.6980171143455444,0.23246603412945774,0.45945945945945943,0.004918839153959631,-0.011086474503301358,0.025287356321838983,0.4782709857552804,-0.035476718405686336,-0.013605442176870763,0.5067087200434321,-0.02217294900438538,0.030373831775700966,1.4141309686926398,0.008869179598649968,-0.013015184381778733,0.6540678886274915,0.00492012578272382,0.0251474963212516,0.0062906365491146666,-0.03393870511246036,0.00026443247015286634,-0.00362108035728383,0.01094632986168562,-0.00517012843392493,1.2906568821241142,0.01086947074437861,-0.004415011037517848,-0.008888888888869136,0.0,0.32728309377525827,0.346230850052004,-0.013303769401330379,-0.013303769401330379,0.0,-0.013152147520163129,-0.013152147520163129
2025-10-08,445.0,448.0,442.0,445.0,22000,-0.013303769401330379,-0.0022421524663677195,0.03971962616822422,0.0,0.013574660633484163,-0.013303769401330377,443.6,0.003155996390885596,455.0906982421875,-0.022172938893590177,465.1315719604492,-0.04328145663506522,449.7805297018989,452.1365882192186,-2.3560585173196955,-0.7964330407363125,-1.559625476583383,31.913090576050134,47.00767867671582,28.47050109006352,24.433928186138257,-71.52949890993648,16.116317957383348,0.03621644484797108,495.27779272472526,414.90360375964974,17.661136401057014,0.37445349841636166,0.013445640720557627,0.04632706626088971,0.7757131271816932,0.189172456490335,-0.18518518518518523,0.043423490181548674,0.01348314606513834,0.011210762331838486,0.9520115651775325,0.002247191008983629,0.025287356321838983,0.6523042205846056,-0.02247191011455618,-0.013605442176870763,0.6910898769436903,-0.038202247193172556,-0.05934065934065935,2.5951130072987554,-0.00210295204564783,0.04609526650739987,-0.011200817355682548,-0.006375640339175648,-0.00011747652165904591,0.01799375859959875,-0.013186292879671333,0.02172586756862547,1.3870559496817239,-0.013140822893015285,0.0,-0.004415011037517848,0.0,0.3451790456014013,0.33741598510890475,0.011235955056179803,-0.011235955056179803,-0.022222222222222254,0.00914063639064281,-0.013331273721716795
2025-10-09,450.0,450.0,440.0,440.0,14800,-0.011235955056179803,-0.024390243902439046,-0.0022675736961451642,-0.022222222222222223,0.022727272727272728,0.011235955056179775,443.4,-0.00766801984887755,455.86744232177733,-0.03480714095731008,464.13720957438153,-0.05200446996581809,448.2758328246837,451.23758168446165,-2.9617488597779698,-1.229496204544644,-1.7322526552333257,30.87442948736699,45.16073658676355,20.978263961099437,24.78501121489715,-79.02173603890056,15.679438103284538,0.03563508659829296,494.2151912014901,417.5196934420646,16.824078808701024,0.2931111631669761,0.013880392258700115,0.044709045683742725,0.7261665276482999,0.12703753615848792,-0.32727272727272727,-0.007762427004700201,0.011363636361337859,-0.013303769401330379,1.0794367302880132,0.02499999999767044,0.011210762331838486,1.3247632598989254,0.013636363634059956,0.025287356321838983,0.9077081595603749,0.0022727272704494705,0.030373831775700966,2.6838722339433785,0.007111655380659617,0.0456088245331991,-0.01834761043683942,-0.047876398229344266,0.0015106230329193185,0.02265553102923363,-0.012746578089099122,-0.024923104725378793,1.3688104779183043,-0.013303711691824493,-0.02222222222217284,0.0,0.0,0.3604651711195643,0.32988662130334123,-0.002272727272727315,-0.011363636363636354,-0.009111617312072884,0.01698096297391597,0.007890053883006933
2025-10-10,439.0,439.0,432.0,435.0,14300,-0.011363636363636354,-0.022471910112359605,0.0,-0.009111617312072893,0.016203703703703703,-0.0022727272727272726,443.4,-0.01894451962332211,456.19630126953126,-0.0464631151359588,463.15845692952473,-0.06079659457615949,446.23339700550156,450.034797855983,-3.801400850481457,-1.7438771337320067,-2.0575237167494502,29.30203825652089,43.32744220282333,13.486026832135353,20.978263961099447,-86.51397316786465,15.130906810192785,0.03478369381645518,493.70051214932414,418.6920903897384,16.442137200772493,0.21741438131482263,0.014039936997305496,0.04422817066047768,0.7401273226023498,0.12288812883488304,-0.03378378378378377,-0.004044489383215333,0.011494252871238064,-0.011235955056179803,0.7660059003157187,0.022988505744774734,-0.013303769401330379,1.1386574193882304,0.03678160919301887,0.011210762331838486,1.3974431965219192,-2.298827794788849e-12,-0.013605442176870763,1.0144402463640598,-0.018645375348899255,0.015133544492732088,0.007281738985262902,-0.015133544492732088,-0.014066001508057141,0.0005566547335578794,0.002702365144420788,-0.0005566547335578794,1.2861684671020557,0.006727611234236704,-0.009111617312052138,-0.02222222222217284,0.0,0.3761027018220521,0.3221841686746617,-0.03448275862068961,-0.04597701149425293,-0.011904761904761862,-0.011387747954447042,-0.022882000828010358
2025-10-14,420.0,428.0,413.0,415.0,51600,-0.04597701149425293,-0.05681818181818177,-0.06950672645739908,-0.011904761904761904,0.03631961259079903,-0.034482758620689655,437.2,-0.0507776761229396,455.5746307373047,-0.08906253333849912,462.126708984375,-0.10197789495622167,441.42825900465516,447.4396276444287,-6.011368639773536,-2.5973754349403126,-3.4139932048332238,27.792618007971207,36.87849204436547,2.508285448111684,12.324192080448837,-97.49171455188832,15.621556323750443,0.03764230439448868,495.31109017885876,415.8381712957506,17.444544432706603,-0.01054662780139518,0.0331445761233901,0.04911897250053736,1.9891291777495086,0.43800825085309747,2.6083916083916083,-0.05395196350937215,0.048192771081811525,-0.011363636363636354,0.551250915539108,0.060240963852866924,-0.011235955056179803,0.5705254230754404,0.07228915662392232,-0.013303769401330379,0.8480783315986277,0.07469879517813327,0.025287356321838983,0.7131567788443005,-0.028711065681437758,-0.03727500787365768,-0.01726594581281517,-0.0322317185837414,-0.01795644292094903,-0.03102597656533566,-0.0280205685733039,-0.03848074989206342,1.5929455828171644,-0.017373375060218632,-0.01190476190473356,-0.009111617312052138,0.0,0.44242090431934056,0.2895183454783386,0.01686746987951815,0.026506024096385472,0.009478672985782088,-0.0072863219424351006,0.0023522322744322227
2025-10-15,422.0,430.0,418.0,426.0,20800,0.026506024096385472,-0.020689655172413834,-0.055432372505543226,0.009478672985781991,0.028708133971291867,0.016867469879518072,432.2,-0.01434521055295146,454.16723175048827,-0.06201951568117714,461.16286112467446,-0.07624824999967206,439.0546806962467,445.85150707817473,-6.796826381928042,-3.4372656243378588,-3.3595607575901836,26.256372741637453,41.992457700479704,16.303855412725948,10.766055897657674,-83.69614458727405,15.577159443482556,0.03656610197992016,495.94746405419585,412.3869994467807,18.398611517028566,0.16291197777772157,0.027943147680598888,0.05031175339036644,0.8420711712076434,0.3470657923278437,-0.5968992248062015,-0.05726872246696035,-0.02582159624641822,-0.04597701149425293,2.088984251649731,0.021126760560983282,-0.011363636363636354,0.5789239302052549,0.03286384976283374,-0.011235955056179803,0.5991660256669771,0.05868544600690462,0.011210762331838486,1.0930731549329986,0.02309682662050673,-0.01978866376927624,0.003409197475878742,-0.03564370873626699,0.015162973602172058,-0.016393814947150042,0.011343050494213414,-0.03903855755839318,1.593813333481596,0.002339074594014178,0.00947867298575953,-0.01190476190473356,0.0,0.405175294113999,0.30786411590021634,0.007042253521126751,0.018779342723004744,0.011655011655011593,0.004024339305353603,0.015761428507231594
2025-10-16,429.0,435.0,427.0,434.0,14000,0.018779342723004744,0.04578313253012056,-0.024719101123595544,0.011655011655011656,0.01873536299765808,0.007042253521126761,430.0,0.009302325579048087,452.66511688232424,-0.041233830898737445,460.233403523763,-0.057000216246475666,438.2770375122087,444.9736176649766,-6.696580152767865,-4.08912853002386,-2.607451622744005,24.48964337070907,45.45366793221137,30.500199588540568,16.437446816459413,-69.49980041145943,15.107362340376659,0.03480959064594896,495.07269259902034,410.25754116562814,18.736842816063717,0.27993180974295023,0.022517074061807366,0.050125869412030004,0.6060343708064586,0.2689928140491104,-0.32692307692307687,-0.032597116682053784,-0.01843317972576397,0.026506024096385472,0.9003939223410242,-0.04377880184552119,-0.04597701149425293,2.233669538115233,0.0023041474631284586,-0.011363636363636354,0.6190208216094542,0.02534562211745306,-0.013303769401330379,0.9523397255530064,0.010109909267000628,-0.007958177984213796,0.008669433456004115,-0.016760923139381746,0.0018935179875680195,-0.014340168876822327,0.016885824735436726,-0.010378932246773217,1.5642898733596446,0.015817331710027756,0.011655011654984487,0.00947867298575953,0.0,0.37927344537463015,0.32062238104488344,0.009216589861751112,-0.016129032258064502,-0.02511415525114158,0.022718514378419194,-0.00262710774139642
2025-10-17,438.0,438.0,425.0,427.0,18000,-0.016129032258064502,0.0023474178403755097,-0.02954545454545454,-0.02511415525114155,0.03058823529411765,0.009216589861751152,427.4,-0.0009358914389308026,449.52674407958983,-0.050112133209478826,459.2202606201172,-0.07016297708105856,436.5421086641766,443.642238578682,-7.100129914505374,-4.691328806920163,-2.4088011075852105,22.835728481955027,43.0340411619992,24.137931034482758,23.647328678583104,-75.86206896551724,14.956836458921183,0.035027720044229875,489.71912984201987,409.3343583171598,17.88208879305916,0.21976353664670012,0.018779222666684192,0.048286320504463964,0.7581820479339539,0.5510316537072185,0.2857142857142858,-0.03524007751381608,0.01639344262057052,0.018779342723004744,0.5896971483930753,-0.002341920377043616,0.026506024096385472,0.876121477612569,-0.02810304449876322,-0.04597701149425293,2.1734552040773347,0.030444964868781232,-0.011235955056179803,0.623394128301251,-0.012506628991860204,-0.02761942760980431,-0.003622403266204298,-0.0019260269356502317,-0.00863134432218105,-0.02419515629654803,-0.007497687935883452,-0.00535029824890651,1.7540666479759526,-0.0009890790553301176,-0.025114155251084215,0.011655011654984487,0.0,0.4018844854626859,0.30948504302925184,0.030444964871194413,0.025761124121779888,-0.004545454545454519,0.004002395157873439,-0.0006814455915410862
2025-10-20,440.0,440.0,433.0,438.0,23100,0.025761124121779888,0.009216589861751112,0.006896551724137945,-0.004545454545454545,0.016166281755196306,0.03044496487119438,428.0,0.023364485978917493,447.28467254638673,-0.02075785985356582,458.3574696858724,-0.04441395860916064,436.7663996389187,443.2242949802611,-6.457895341342407,-5.0446421138046125,-1.413253227537795,21.43952001314687,47.74179019292158,53.191489361702125,35.94320666157516,-46.808510638297875,14.817062426141097,0.03382890964864673,484.70017510357457,409.8691699891989,16.730062465222336,0.375924791706385,0.02009910600641653,0.043821342073029415,0.9058468295360966,0.7607192254495159,0.28333333333333344,-0.008484408992023185,-0.025114155253367243,-0.016129032258064502,0.7058546723657896,-0.00913242009358639,0.018779342723004744,0.5489980785067252,-0.02739726027619316,0.026506024096385472,0.8156542880671346,-0.0068493150707605865,-0.011363636363636354,0.560762323046155,0.02287998268909147,0.012006192498210645,0.0028811414326884166,-0.0051096407740727,0.015075008548753554,0.00440653673863771,0.010686115573026334,0.002490014985500235,1.8089101205447795,-0.0015082114093594862,-0.004545454545444215,-0.025114155251084215,0.0,0.36667734085068965,0.32682674286181096,-0.0022831050228310223,0.0182648401826484,0.020594965675057253,-0.0031485133693818874,0.017399431836097535
2025-10-21,437.0,448.0,437.0,446.0,21000,0.0182648401826484,0.04449648711943799,0.07469879518072298,0.020594965675057208,0.02517162471395881,-0.00228310502283105,434.2,0.02717641639560764,445.4426010131836,0.001251337399133634,457.26522165934244,-0.02463607798432188,438.1869535406235,443.42990275950103,-5.242949218877527,-5.084303534819195,-0.15864568405833168,20.686034338189025,50.918638496908045,73.33333333333333,50.220917909839415,-26.666666666666668,14.544415109988162,0.03261079621066267,479.11485054622904,411.7703514801382,15.118558241378825,0.5082768302466601,0.018516433024231962,0.038729819604076905,1.0835354212888912,0.7176788216397252,-0.09090909090909094,0.04587916227211086,-0.01793721973314366,0.025761124121779888,1.1918889634177803,-0.042600896863133175,-0.016129032258064502,0.9287446468190496,-0.026905829598594333,0.018779342723004744,0.7223569475259275,-0.06950672645948541,-0.04597701149425293,2.6624013208812753,-0.0023149937874161314,0.04108921806419826,0.02057983397006453,0.033609577116524715,0.0004784142322617084,0.023514617848921993,0.01778642595038669,0.05118417733180099,1.819136312612001,0.017394539480270733,0.020594965675010082,-0.004545454545444215,0.0,0.3421629490866067,0.33890159949206533,0.008968609865470878,0.10986547085201792,0.10000000000000009,-0.00859723683305334,0.0922996241534937
2025-10-22,450.0,514.0,449.0,495.0,1182400,0.10986547085201792,0.13013698630136994,0.1619718309859155,0.1,0.1447661469933185,0.008968609865470852,448.0,0.10491071428324794,446.54524383544924,0.10851029505376997,456.97315012613933,0.08321462620348874,446.9274222266814,447.24990996250096,-0.3224877358195499,-4.1319403750192665,3.8094526391997166,22.603633634356562,64.9666393687468,81.18811881188118,69.23764716897222,-18.81188118811881,18.362671173560436,0.03709630540105725,484.87074827604243,408.21973939485605,17.165339893180473,1.1321476634398708,0.05486252773322395,0.039718321099709734,4.697637275974271,13.57192869686987,55.304761904761904,0.906764574988874,-0.09898989899171917,0.0182648401826484,0.08343232645082856,-0.11515151515330269,0.025761124121779888,0.09177555909591142,-0.1373737373754801,-0.016129032258064502,0.07151342267213877,-0.139393939395678,0.026506024096385472,0.08263773286558257,0.011443058147233457,0.029202908083839015,0.09842241270478447,0.13276892290207648,0.009656146478271522,0.01774123957359925,0.1002093243737464,0.14423059141231626,2.3720731154270207,0.08696038539228473,0.09999999999977778,0.020594965675010082,1.0,0.20930237432880697,0.40434366338059735,0.002020202020202033,-0.03838383838383841,-0.040322580645161255,0.0008051681697641198,-0.03959887223427632
2025-10-23,496.0,498.0,471.0,476.0,179400,-0.03838383838383841,0.06726457399103136,0.09677419354838701,-0.04032258064516129,0.05732484076433121,0.00202020202020202,456.4,0.04294478527378853,447.1926010131836,0.06441832651185275,456.4303736368815,0.042875381421580094,451.40012649949966,449.37954626157494,2.020580237924719,-2.9014362524304698,4.922016490355189,24.384261552226416,58.030804856232095,62.37623762376238,72.29922992299231,-37.62376237623762,18.97962323259183,0.039873158051579746,487.0195301276765,407.3656718986907,17.811980352205673,0.8616572960471296,0.05928316820896584,0.042921814182157354,0.6299577570132839,1.8866138751301385,-0.8482746955345061,0.7554690941124651,0.039915966384370005,0.10986547085201792,4.15196238513103,-0.06302521008600204,0.0182648401826484,0.07374087456677236,-0.0798319327750423,0.025761124121779888,0.0811149620234496,-0.08823529411956255,0.018779342723004744,0.049160583044514906,-0.0017118266462945275,0.017136988110278046,-0.036672011737543884,0.07963720543810897,0.0005122244514875263,0.0162711844487817,-0.038896062835325936,0.08050300909960531,2.3565995641614914,-0.03959094630296677,-0.04032258064507999,0.09999999999977778,0.0,0.2575728472535949,0.38056746507020894,-0.004201680672268893,-0.05672268907563027,-0.052742616033755296,-0.004922821811968283,-0.057443830215329665
2025-10-24,474.0,474.0,449.0,449.0,131500,-0.05672268907563027,-0.09292929292929297,0.051522248243559776,-0.052742616033755275,0.0556792873051225,-0.004201680672268907,460.8,-0.02560763889100348,445.55,0.0077432386914875195,455.2562016805013,-0.013742155863871508,451.0308762688074,449.3514317236805,1.6794445451268984,-1.9852600929189963,3.6647046380458947,24.59229508440006,49.881143416814695,35.64356435643565,59.73597359735974,-64.35643564356435,19.5525072874067,0.043546786831543775,482.09846097991095,409.00153902008907,16.40599752212364,0.5471976097967066,0.053158995850882435,0.04175716009725397,0.4276687014807419,1.3439486540073176,-0.2670011148272018,0.681148638595447,0.060133630287171114,-0.03838383838383841,0.5834506847577574,0.10244988863896998,0.10986547085201792,3.845440856508207,-0.006681514478826922,0.0182648401826484,0.06829690289806524,-0.048997772830625785,-0.016129032258064502,0.05854020248405593,0.011278713382584358,0.04182950344597417,-0.06800140245821464,0.009692744797585605,0.00030600919675379044,0.025585249785968794,-0.05702869827238406,0.025936998457590982,2.316890244734998,-0.05743167879838832,-0.052742616033644,-0.04032258064507999,0.0,0.3331952679123286,0.34331873802551605,0.008908685968819663,0.00222717149220486,-0.0066225165562914245,-0.012433860365785265,-0.019115374842400067
2025-10-27,453.0,457.0,447.0,450.0,51300,0.00222717149220486,-0.054621848739495826,0.027397260273972712,-0.006622516556291391,0.02237136465324385,0.008908685968819599,463.2,-0.028497409328522183,444.65,0.012031935227680313,454.3460535685221,-0.009565514073199943,450.8722799197601,449.3994738182227,1.472806101537401,-1.2936468540277168,2.766452955565118,24.664988019128593,50.160318817400615,36.633663366336634,44.8844884488449,-63.366336633663366,18.87018533830622,0.04193374519614286,479.8026670396439,409.49733296035606,15.811387401166725,0.5760966443025004,0.04774934554514729,0.040073194889613174,0.1638344282242328,0.5168192945869979,-0.6098859315589353,0.6902654867256637,-0.002222222224439463,-0.05672268907563027,0.41996544466835506,0.05777777777542714,-0.03838383838383841,0.5729414507490714,0.0999999999975556,0.10986547085201792,3.776175983086411,-0.026666666668829553,0.025761124121779888,0.0737733975044791,0.016329979295029398,0.035326800477685556,-0.014102807802824538,-0.007929540203712844,0.009211720919065828,0.01994368516468773,-0.006984549426860968,0.007453575109284981,2.283499900478218,-0.01880779230971508,-0.006622516556276771,-0.052742616033644,0.0,0.33023261176141894,0.34477802971878946,0.011111111111111072,0.0,-0.01098901098901095,0.045391245722635976,0.034280134611524904
2025-10-28,455.0,465.0,450.0,450.0,48100,0.0,0.00222717149220486,0.008968609865470878,-0.01098901098901099,0.03333333333333333,0.011111111111111112,464.0,-0.03017241379519353,444.1,0.013285296102199196,453.336962890625,-0.007360888620994044,450.7380830090278,449.4439572390951,1.2941257699326911,-0.7760923292356353,2.0702180991683266,25.01940373206639,50.160318817400615,36.633663366336634,36.30363036303631,-63.366336633663366,18.593743528427208,0.041319430063079754,478.5493831584844,409.65061684151567,15.51424596193846,0.5856328830745247,0.04610776426933414,0.039271468181348135,0.15100097004781174,0.4783642131853487,-0.06237816764132553,0.6993445220773609,-2.2222224060897133e-12,0.00222717149220486,0.16104677262895514,-0.002222222224439463,-0.05672268907563027,0.41281969981886163,0.05777777777542714,-0.03838383838383841,0.5631928072053519,-0.008888888891091296,0.0182648401826484,0.06592557943875357,-0.015151982786212761,0.021990742430030016,0.015151982786212761,-0.013022132564559138,-0.015012102520497523,0.003952781601026592,0.015012102520497523,0.005015828264444286,2.0417147080606295,0.03065043051501384,-0.010989010988986837,-0.006622516556276771,0.0,0.33023261176141894,0.34477802971878946,-0.004444444444444473,-0.03555555555555556,-0.03125,0.023782807549658627,-0.007328303561452462
2025-10-29,448.0,450.0,433.0,434.0,69400,-0.03555555555555556,-0.03555555555555556,-0.12323232323232325,-0.03125,0.03926096997690531,-0.0044444444444444444,451.8,-0.039397963702878736,443.05,-0.020426588423382408,451.9952433268229,-0.03981290421406336,448.1629933153312,448.29996040656954,-0.13696709123831852,-0.648267281636172,0.5113001903978535,24.330200017681328,45.461299908347144,20.792079207920793,31.353135313531364,-79.20792079207921,18.479904704968117,0.04258042558738603,477.3864238091282,408.71357619087183,15.50002203323696,0.36821574590429373,0.03488330113867697,0.04058574598629676,0.723361232424094,0.6753863521351551,0.4428274428274428,-0.10926984867934808,0.03686635944461547,0.0,0.5013497878904744,0.03686635944461547,0.00222717149220486,0.5347036199330839,0.03456221197918308,-0.05672268907563027,1.370634035500985,0.14055299538907717,0.10986547085201792,12.324240939744218,-0.008577425182953877,0.0022162739866655344,-0.026978130372601685,-0.1254485972189888,-0.0138252674982762,-0.01927289162615267,-0.021730288057279362,-0.10395943160617058,2.0775963049185115,-0.006832230886626933,-0.031249999999930247,-0.010989010988986837,0.0,0.37927344537463015,0.32062238104488344,0.0,0.02304147465437789,0.02304147465437789,-0.010944028409945811,0.01209744624443208
2025-10-30,434.0,448.0,429.0,444.0,51100,0.02304147465437789,-0.013333333333333308,-0.0672268907563025,0.02304147465437788,0.04428904428904429,0.0,445.4,-0.003143242031874327,443.85,0.0003379520085606824,450.6882670084635,-0.014840117879800663,447.52253280528026,447.9814448208977,-0.4589120156174431,-0.6103962284324262,0.15148421281498314,23.46679796649318,48.696201869536004,30.693069306930692,29.372937293729382,-69.3069306930693,18.517054368898965,0.04170507740733617,477.4849520588341,410.21504794116595,15.15599957590811,0.5022298233060895,0.015407776014820183,0.0388611854568784,0.7270812879725672,0.502799342720233,-0.2636887608069164,-0.02107640195709448,-0.022522522524723976,-0.03555555555555556,0.9874646063658742,0.013513513511230757,0.0,0.6843954980720252,0.013513513511230757,0.00222717149220486,0.7299270072992701,0.07207207206965749,-0.03838383838383841,2.552610236052418,0.013389208183717352,0.01780003896921518,0.00965226647066054,-0.08502692972551769,0.005267639523634532,-0.01447123529660995,0.01777383513074336,-0.05275565545969255,1.9382445984718506,0.012831500800996428,0.023041474654324788,-0.031249999999930247,0.0,0.34820872813653275,0.3359236787690633,0.013513513513513598,0.0022522522522523403,-0.011111111111111072,0.007611848468774976,-0.003649412792486281
2025-10-31,450.0,452.0,445.0,445.0,29700,0.0022522522522523403,0.025345622119815614,-0.008908685968819552,-0.011111111111111112,0.015730337078651686,0.013513513513513514,444.6,0.0008996851079601242,444.05,0.002139398714103846,449.7112762451172,-0.010476224402117928,447.13445083523715,447.76059705638676,-0.6261462211496109,-0.6135462269758633,-0.012599994173747686,22.84289978961359,49.02183249550277,31.683168316831683,27.722772277227733,-68.31683168316832,17.765836199691897,0.039923227414948255,477.66234892119365,410.43765107880637,15.138992870709894,0.5141317109706811,0.01470150762585293,0.03874780039977524,0.594940005208229,0.29587272491806216,-0.4187866927592955,0.04903088768917607,-0.0022471910134780337,0.02304147465437789,1.0236173153582662,-0.024719101125787124,-0.03555555555555556,1.3901965104865688,0.011235955053907398,0.0,0.9635223653372328,0.008988764042676456,-0.05672268907563027,2.6341619759219568,0.008085619660765885,0.012255513158012526,-0.005833367408513545,-0.021164199126832078,0.003044850505138313,-0.01193644509922809,-0.0007925982528859728,0.003027759130408538,1.996118451883917,-0.0038256300242823123,-0.01111111111108642,0.023041474654324788,0.0,0.3451790456014013,0.33741598510890475,0.011235955056179803,0.053932584269662964,0.04222222222222216,0.011175309598178093,0.05387193881166125
2025-11-04,450.0,469.0,448.0,469.0,63400,0.053932584269662964,0.056306306306306286,0.04222222222222216,0.042222222222222223,0.046875,0.011235955056179775,448.4,0.04594112399409922,445.75,0.05215928210644494,449.00236155192056,0.04453793600976974,450.4983814759699,449.3338861633211,1.1644953126487962,-0.2579379190509314,1.4224332316997277,22.963514245021194,56.206139487723355,53.125,38.500412541254136,-46.875,18.211133613999618,0.03882970919821064,480.7692804038015,410.7307195961985,15.712520652294549,0.8319599907809089,0.02749623822873132,0.03830386311281831,1.2112875183890257,0.618108432207934,1.1346801346801345,0.053178140279520614,-0.051172707891148916,0.0022522522522523403,0.567432796469307,-0.053304904053191215,0.02304147465437789,0.9762900976290098,-0.07462686567361487,-0.03555555555555556,1.3259204065646435,-0.04051172708093709,0.00222717149220486,0.9801111939015303,0.0023292310554068212,-0.0029397501489344465,0.051603353214256145,0.04516197237115661,3.03816930024728e-05,-0.020953137195302934,0.05390220257666049,0.0631753594175251,2.088661403899879,0.05386912720010356,0.042222222222128396,-0.01111111111108642,0.0,0.2763425912424145,0.37132220335485866,-0.006396588486140775,-0.04051172707889128,-0.03433476394849788,0.007913653613034706,-0.0262014849797158
2025-11-05,466.0,469.0,448.0,450.0,44700,-0.04051172707889128,0.011235955056179803,0.0,-0.034334763948497854,0.046875,-0.006396588486140725,448.4,0.0035682426382614985,445.95,0.009081735618322595,447.6799514770508,0.005182381999214725,450.4217074027438,449.383227929001,1.0384794737427683,0.0013455595078085355,1.0371339142349598,23.075513382185395,50.17728423929913,28.089887640449437,37.63268531909372,-71.91011235955057,18.41033835585679,0.040911863012924175,481.0183618094726,410.8816381905274,15.727485955588119,0.5577443568935979,0.028657190509497395,0.03997708895503188,0.8652561893885136,0.4303000548704768,-0.29495268138801267,0.012758562224482795,0.042222222219906236,0.053932584269662964,1.227231373763574,-0.011111111113308647,0.0022522522522523403,0.5749017634192137,-0.013333333335525888,0.02304147465437789,0.9891407444687482,-2.2222224060897133e-12,0.0,0.9310698592748882,-0.016845419256484633,-0.0061769601610502664,-0.023666307822406647,0.0061769601610502664,-0.006851393946599422,-0.013065098845164522,-0.03366033313229186,0.013065098845164522,2.2614729476473703,-0.025017485014981737,-0.03433476394842418,0.042222222222128396,0.0,0.33023261176141894,0.34477802971878946,0.011111111111111072,0.011111111111111072,0.0,0.001874098077821202,0.001874098077821202
2025-11-06,455.0,457.0,452.0,455.0,15500,0.011111111111111072,-0.02985074626865669,0.048387096774193505,0.0,0.011061946902654867,0.011111111111111112,452.6,0.00530269553467666,446.15,0.019836377897523683,446.68823191324867,0.01860753763342249,451.12606011001395,449.79928511944536,1.3267749905685946,0.26643144571996574,1.060343544848629,23.179512580980724,51.64713880045983,33.70786516853933,38.30758426966293,-66.29213483146067,17.595314187581305,0.038671020192401394,481.37655248530683,410.9234475146931,15.791349315390274,0.625615471506776,0.022337715951198944,0.03971613216311744,0.37914923803233774,0.15003968791744912,-0.6532438478747203,0.05022272687570961,-0.010989010991184656,-0.04051172707889128,1.0934174800029353,0.03076923076696536,0.053932584269662964,1.5508426897580783,-0.021978021980171403,0.0022522522522523403,0.7264988625522859,-0.046153846155942535,-0.03555555555555556,1.697610136738338,0.010018482783572837,0.01323018040585312,0.0010926283275382344,0.03515691636834038,0.004084511841231271,0.004936082232047024,0.0070265992698798005,0.043451014542146484,2.255745266780182,0.0018974928581460253,0.0,-0.03433476394842418,0.0,0.31561467097286405,0.3519782711504353,0.0,-0.01318681318681314,-0.01318681318681314,0.0037868321868612755,-0.009399980999951865
2025-11-07,455.0,457.0,446.0,449.0,35500,-0.01318681318681314,-0.0022222222222222365,0.011261261261261257,-0.013186813186813187,0.02466367713004484,0.0,453.6,-0.010141093476609075,446.35,0.005937044917652123,445.67896474202473,0.007451631150889426,450.79897393924256,449.7400788143013,1.058895124941273,0.42492418156422723,0.6339709433770457,22.847184768379474,49.750391814287475,23.529411764705884,28.442388191231558,-76.47058823529412,17.124220317039782,0.03813857531626201,481.59358097583277,411.1064190241673,15.791903652215858,0.53759549862168,0.020749781200581904,0.04026631529073943,0.9401234077487355,0.3414085265577365,1.2903225806451615,0.012132085949848381,0.013363028950972522,0.011111111111111072,0.41047641746775776,0.002227171489972868,-0.04051172707889128,1.1837610232779852,0.04454342984177173,0.053932584269662964,1.6789809591906995,-0.011135857463226873,0.02304147465437789,1.353248060167898,-0.012486711416788802,-0.011767212784014632,-0.0007001017700243375,0.023028474045275887,-0.0016787499203163771,-0.002190519680669221,-0.011508063266496763,0.013451780941930478,2.2671509444819966,-0.00938083371941879,-0.013186813186784205,0.0,0.0,0.3331952679123286,0.34331873802551605,-0.15812917594654785,-0.13140311804008908,0.031746031746031855,-0.17895782553845474,-0.15223176763199597
2025-11-10,378.0,396.0,378.0,390.0,212000,-0.13140311804008908,-0.1428571428571429,-0.1235955056179775,0.031746031746031744,0.047619047619047616,-0.15812917594654788,442.6,-0.11884319927899045,443.85,-0.1213247718843724,444.72526499430336,-0.12305409497227748,441.44528564089757,445.3148877910197,-3.869602150122148,-0.43398108477304786,-3.4356210653491,23.02840892894597,35.81974988661176,8.823529411764707,22.020268781669984,-91.17647058823529,20.97249029439408,0.05377561613933412,486.7931018907585,400.9068981092415,19.350276846123013,-0.12699243451238354,0.07812311799159581,0.056485503732297826,2.856334460597405,1.8622464665630134,4.971830985915493,-0.08997722095671978,0.15128205127909933,-0.01318681318681314,0.47830128939249,0.16666666666367536,0.011111111111111072,0.2088357742417914,0.15384615384319522,-0.04051172707889128,0.6022554263618114,0.1410256410227153,0.0022522522522523403,0.4001562899987874,0.010573921469099025,-0.006719281150748615,-0.1419770395091881,-0.11687622446722888,0.009187147261897849,0.004048711396655955,-0.14059026530198693,-0.12764421701463347,1.492479813411039,-0.14511474987130613,0.03174603174594776,-0.013186813186784205,0.0,0.5348837828011125,0.24397464967578475,0.0,-0.03589743589743588,-0.03589743589743588,0.0009893720772765058,-0.034908063820159374
2025-11-11,390.0,393.0,375.0,376.0,105000,-0.03589743589743588,-0.16258351893095768,-0.19829424307036247,-0.035897435897435895,0.048,0.0,424.0,-0.11320754717190284,440.9,-0.14719891131969332,443.52174123128253,-0.15223998049042609,431.37678015768256,440.1804516583516,-8.803671500669054,-2.1079191679522493,-6.695752332716805,23.288877692828013,33.42784600254953,0.7194244604316546,11.024121878967426,-99.28057553956835,20.760169559080218,0.05521321691230054,492.9995201513416,388.80047984865837,23.633259311109825,-0.12284642748603843,0.10059029600546425,0.0710810901983492,1.2720950800208382,0.8870041224572548,-0.5047169811320755,-0.15682004930156124,0.037234042550432944,-0.13140311804008908,2.568420542518264,0.19414893616703677,-0.01318681318681314,0.4300892889594262,0.210106382975505,0.011111111111111072,0.1877854641935523,0.24734042552859759,0.053932584269662964,0.7681031245078204,-0.0012825670695820741,-0.010382463136738672,-0.034614868827853806,-0.1879117799336238,-0.000662904830193523,0.003598322402868377,-0.03523453106724236,-0.20189256547323084,1.639409567603894,-0.03481066337640579,-0.03589743589734385,0.03174603174594776,0.0,0.5920337108839806,0.2158247696105963,0.0,-0.007978723404255317,-0.007978723404255317,-0.017142275366855256,-0.025120998771110573
2025-11-12,376.0,383.0,371.0,373.0,93400,-0.007978723404255317,-0.043589743589743546,-0.1711111111111111,-0.007978723404255319,0.03234501347708895,0.0,408.6,-0.0871267743536781,438.8,-0.14995442115052426,442.25172729492186,-0.15658893571620525,422.39573705650065,435.20412190588115,-12.808384849380502,-4.2480123042379,-8.560372545142602,23.657673423452554,32.92054457071123,1.5748031496062993,3.7059190072675627,-98.4251968503937,20.13444316200306,0.05397974038056053,497.83083939772536,379.76916060227467,26.90557857690307,-0.05733579829914722,0.1077501205520225,0.0811854736291143,1.0121260064368613,0.7753224976341873,-0.1104761904761905,-0.18013644163562548,0.00804289543965675,-0.03589743589743588,1.1378290222255936,0.04557640750389935,-0.13140311804008908,2.297330978207865,0.20375335120320703,-0.01318681318681314,0.38469457418103403,0.206434316350653,-0.04051172707889128,0.48439006946175267,0.010836622910133903,0.017462331805900098,-0.01881534631438922,-0.1885734429170112,0.01045637143127683,0.02091022371712182,-0.018435094835532146,-0.19202133482823291,1.3826103786242308,-0.022435811067888563,-0.0079787234042341,-0.03589743589734385,0.0,0.6048382715612973,0.20951773022410325,0.002680965147453085,0.013404825737265424,0.010695187165775444,0.0011327004099755949,0.011856560999787935
2025-11-13,374.0,379.0,372.0,378.0,51900,0.013404825737265424,0.005319148936170137,-0.16923076923076918,0.0106951871657754,0.01881720430107527,0.002680965147453083,393.2,-0.03865717192513052,436.4,-0.13382218148686098,441.0980275472005,-0.14304763024882383,415.56562366319287,430.9667795424825,-15.40115587928966,-6.478641019248252,-8.922514860041408,24.000126601889626,34.699270999497216,6.796116504854369,3.0301147049641166,-93.20388349514563,19.196268650431414,0.05078377949836146,500.9612887108059,371.83871128919407,29.588124982037538,0.04771658708986312,0.08427078322740554,0.0876170431214699,0.5212884563232592,0.4253366223846715,-0.4443254817987152,-0.16383898868928815,-0.013227513230123722,-0.007978723404255317,0.9381183395104509,-0.005291005293636797,-0.03589743589743588,1.054629824931449,0.03174603174330226,-0.13140311804008908,2.1293478370044494,0.20370370370051938,0.011111111111111072,0.15568345034702344,0.0009441133495858534,0.00835349746240975,0.012460712387679571,-0.17758426669317895,0.0011198127552160386,0.017826950927924107,0.012285012982049386,-0.1870577201586933,1.234224760037709,0.012022725108171744,0.010695187165746805,-0.0079787234042341,0.0,0.583610252096257,0.21997384490365093,0.002645502645502562,-0.002645502645502673,-0.00527704485488123,0.008157571189006747,0.0028665658980015114
2025-11-14,379.0,382.0,375.0,377.0,32900,-0.002645502645502673,0.01072386058981234,-0.16035634743875282,-0.005277044854881266,0.018666666666666668,0.0026455026455026454,378.8,-0.004751847943493259,433.55,-0.1304347826107013,439.9936228434245,-0.14316939967718145,409.6324507919324,426.9692403171135,-17.336789525181075,-8.650270720434817,-8.686518804746258,24.128696966988507,34.50221877882214,6.122448979591836,4.831122878017511,-93.87755102040816,18.325106603972024,0.04860770982473055,503.121474039293,363.97852596070703,32.09386416297681,0.0935834278280393,0.017332954114237558,0.09466687836442912,0.33218566048404197,0.26755363271148125,-0.36608863198458574,-0.16519647153167605,0.002652519891239713,0.013404825737265424,0.5240254036207227,-0.010610079578221132,-0.007978723404255317,0.9430437899455781,-0.0026525198965446917,-0.03589743589743588,1.0601670015448148,0.19098143235758358,-0.01318681318681314,0.3584374148080088,-0.010202218694056506,0.01083161817997268,0.007556716048553833,-0.1711879656187255,-0.004466016824468645,0.01507740624845192,0.0018205141789659719,-0.17543375368720474,1.173964633689882,0.002597443159887509,-0.005277044854867343,0.010695187165746805,0.0,0.5878108097941139,0.21790481000950165,-0.0053050397877983935,-0.03183023872679047,-0.026666666666666616,0.002262697881066554,-0.024262501057925524
2025-11-17,375.0,376.0,362.0,365.0,79800,-0.03183023872679047,-0.03439153439153442,-0.0641025641025641,-0.02666666666666667,0.03867403314917127,-0.005305039787798408,373.8,-0.02354200107270321,430.45,-0.1520501800461097,438.68921813964846,-0.16797590433832565,402.76591990086587,422.3789262195495,-19.61300631868363,-10.84281784008458,-8.770188478599051,24.713833279959236,32.14327780504529,2.803738317757009,5.2407679340677475,-97.19626168224299,18.087598989402593,0.0495550657242549,506.1665107489773,354.73348925102266,35.18016529166098,0.06779572016342555,0.014419394374701154,0.10641575468994634,1.0991584137959531,0.6330519768991559,1.4255319148936172,-0.12015018773466835,0.03287671232593725,-0.002645502645502673,0.45316180217903335,0.03561643835332706,0.013404825737265424,0.7148661864161651,0.02191780821637823,-0.007978723404255317,1.2864836572499,0.06849315068200412,-0.13140311804008908,2.920069971487996,0.0006812713166827419,0.000596102622988201,-0.03251151004347321,-0.0646986667255523,-0.006446308050250911,-0.0008180369299594414,-0.02538393067653956,-0.06328452717260466,1.292207170182136,-0.02350027324305342,-0.026666666666595555,-0.005277044854867343,0.0,0.6400128090200787,0.19219209143454202,0.010958904109588996,-0.010958904109588996,-0.02168021680216803,0.02984471633841181,0.007926908119233817
2025-11-18,369.0,369.0,360.0,361.0,47800,-0.010958904109588996,-0.04244031830238726,-0.039893617021276584,-0.02168021680216802,0.025,0.010958904109589041,370.8,-0.02642934196594815,426.6,-0.15377402719373234,437.35112813313805,-0.17457626886633004,396.3403937622711,417.83233909217546,-21.491945329904354,-12.972643338048535,-8.51930199185582,25.32654857214149,31.373273222887747,0.9174311926605505,3.2812061633364755,-99.08256880733946,17.438484775873835,0.04830605201059703,508.0061422744009,345.1938577255992,38.16509248682646,0.0970820004043556,0.020766387605481114,0.11567997188375069,0.7815437942479685,0.3755175149853485,-0.40100250626566414,-0.09842615602007498,0.011080332407171545,-0.03183023872679047,1.30475302889096,0.04432132963699642,-0.002645502645502673,0.5379244943673256,0.0470914127394817,0.013404825737265424,0.8485799774366017,0.04155124653451092,-0.03589743589743588,1.7167803011723157,-0.023742221215139553,-0.021842723472465738,0.012783317105550557,-0.018050893548810846,-0.014615158207302678,-0.014463039100231018,0.003656254097713682,-0.025430577921045566,0.9087128518288853,0.0023220779848993588,-0.02168021680210927,-0.026666666666595555,0.0,0.6581846961005833,0.18324131128425702,-0.005540166204986097,0.008310249307479145,0.013927576601671321,-0.003506346614333691,0.01034406889813155
2025-11-19,359.0,365.0,358.0,364.0,27400,0.008310249307479145,-0.002739726027397249,-0.024128686327077764,0.013927576601671309,0.019553072625698324,-0.00554016620498615,369.0,-0.013550135504028282,422.5,-0.13846153846357756,436.1125091552734,-0.1653529941064661,391.36494856807553,413.84475841868095,-22.47980985060542,-14.874076640559913,-7.605733210045507,25.968016530182865,32.675898968868665,5.405405405405405,3.042191638607664,-94.5945945945946,16.692878720454278,0.045859556924198956,507.75373892094103,337.24626107905897,40.35679948920286,0.15690654310041915,0.02171893997363201,0.12014902550407243,0.5712975125622902,0.21471503240316273,-0.42677824267782427,-0.041451835213640265,-0.00824175824448281,-0.010958904109588996,0.996643105856842,0.002747252744498052,-0.03183023872679047,1.6638518796522175,0.03571428571144031,-0.002645502645502673,0.6859740205583703,0.024725274722459556,-0.007978723404255317,1.947415608515252,-0.007881505008756961,-0.039824482282516845,0.016191754316236106,0.01569579595543908,-0.002238132306106509,-0.02640841645644745,0.010548381613585654,0.0022797301293696857,0.8585419561257946,0.010231779795632162,0.013927576601632513,-0.02168021680210927,0.0,0.6445183387151765,0.18997283893848915,0.013736263736263687,0.008241758241758212,-0.005420054200542035,0.008001412618364945,0.0025069071238594705
2025-11-20,369.0,372.0,365.0,367.0,16900,0.008241758241758212,0.016620498614958512,-0.02910052910052907,-0.005420054200542005,0.019178082191780823,0.013736263736263736,366.8,0.0005452562677192851,416.1,-0.1180004806558087,434.8414377848307,-0.15601419710888764,387.61649494221774,410.3747763135935,-22.758281371375745,-16.45091758672308,-6.307363784652665,26.04319752533764,34.02453121783425,8.108108108108109,4.810314902058031,-91.89189189189189,16.0719588118504,0.043792803301925365,497.7649251514991,334.43507484850096,39.25254753737037,0.1993813445067565,0.016619019816833464,0.11415047047665419,0.4125875833109543,0.24374062536056307,-0.3832116788321168,-0.057787945096479,-0.008174386923683441,0.008310249307479145,0.6689289812260443,-0.01634877384464206,-0.010958904109588996,1.1669636971753619,-0.005449591283363864,-0.03183023872679047,1.9481946241546837,0.029972752040790196,0.013404825737265424,1.2670589096945875,0.017256312970736282,-0.024644396116685813,-0.00901455472897807,-0.004456132983843258,0.006679756390447696,-0.021716164562954835,0.0015620018513105164,-0.007384364537574236,-0.10134662016271055,0.008918728975440354,-0.0054200542005273175,0.013927576601632513,0.0,0.6310754095159065,0.19659431436949165,-0.016348773841961872,-0.013623978201634857,0.0027700831024930483,-0.015710260173984705,-0.012985464533657691
2025-11-21,361.0,366.0,360.0,362.0,22900,-0.013623978201634857,-0.005494505494505475,-0.03978779840848812,0.002770083102493075,0.016666666666666666,-0.01634877384196185,363.8,-0.0049477735046592475,410.4,-0.11793372319903028,433.552995300293,-0.16503863674512964,383.67549572033806,406.7914595496236,-23.115963829285533,-17.783926835235572,-5.332036994049961,26.321839812314856,32.843645772396854,3.6036036036036037,5.705705705705714,-96.3963963963964,15.423961753861088,0.0426076291541947,490.4434881798633,330.35651182013663,39.00754784593731,0.19766435033889468,0.00659521347311023,0.1134294006874266,0.5877672544339211,0.3722911349189576,0.3550295857988166,-0.05369331108751707,0.01381215469333208,0.008241758241758212,0.4337671004337671,0.005524861875675358,0.008310249307479145,0.7032673699340366,-0.002762430941981253,-0.010958904109588996,1.2268678935345603,0.04143646408552093,-0.002645502645502673,0.8444341777675111,-0.00881492920304122,-0.02328078933915625,-0.004809048998593636,-0.016507009069331866,0.00630029562852753,-0.01116970818194216,-0.019924273830162386,-0.028618090226545958,-0.07300274731913114,-0.013164039311829634,0.0027700831024854017,-0.0054200542005273175,0.0,0.6536040753931358,0.18549755075584123,0.0,0.022099447513812098,0.022099447513812098,-3.117968503811472e-05,0.022068267828773983
2025-11-25,362.0,370.0,362.0,370.0,31600,0.022099447513812098,0.008174386920980936,0.013698630136986356,0.022099447513812154,0.022099447513812154,0.0,364.8,0.014254385962132021,406.45,-0.08967892729957017,432.46384785970054,-0.1444371550817366,381.5715733018245,404.0661662496515,-22.49459294782696,-18.726060057753852,-3.768532890073107,26.27091543679228,36.63315006889813,10.81081081081081,7.507507507507516,-89.1891891891892,14.893678771442438,0.040253185868654555,486.2810090127884,326.6189909872116,39.28208095105838,0.2717052530667567,0.010003651634217913,0.11068227982704645,1.0777258620101633,0.5591336966522754,0.3799126637554586,0.00273958168695021,-0.02162162162426584,-0.013623978201634857,0.7810101974693905,-0.00810810811078888,0.008241758241758212,0.5763787046826506,-0.016216216218875035,0.008310249307479145,0.9344838170594455,-0.013513513516179687,-0.03183023872679047,2.7215988540636404,0.0024267692687999103,-0.021162875112048198,0.019672678245012187,0.03486150524903456,-0.0004271028993171022,-0.005209819852962823,0.0225265504131292,0.01890844998994918,-0.03750333957254221,0.022083429728746592,0.02209944751375111,0.0027700831024854017,0.0,0.6178504737631105,0.20310841452323491,-0.013513513513513487,0.0,0.013698630136986356,-0.013090447882272371,0.0004230656312411143
2025-11-26,365.0,375.0,365.0,370.0,22000,0.0,0.022099447513812098,0.024930747922437657,0.0136986301369863,0.0273972602739726,-0.013513513513513514,366.6,0.009274413526979552,402.45,-0.08063113430468216,431.4901341756185,-0.14250646609558215,379.79133125539,401.54274652745505,-21.75141527206506,-19.331131100616094,-2.420284171448966,25.838000116416076,36.63315006889813,12.121212121212121,8.845208845208854,-87.87878787878788,14.54413028776798,0.03930846023710452,481.1607997672485,323.7392002327515,39.11581551360342,0.2938656442574834,0.009669483145936153,0.10912915761660526,0.9105583378171433,0.3996294345243501,-0.30379746835443033,0.040533967464735365,-2.702726931147481e-12,0.022099447513812098,1.3078928852282605,-0.02162162162426584,-0.013623978201634857,0.9478084516369356,-0.00810810811078888,0.008241758241758212,0.6994743595049874,-0.0243243243269613,-0.010958904109588996,1.9783949339845206,0.013957237423308655,0.016176017492238914,-0.013957237423308655,0.008754730430198743,0.011280745556613275,0.020985064126817044,-0.011280745556613275,0.003945683795620613,-0.0385934585655329,0.00043536298622747383,0.013698630136948772,0.02209944751375111,0.0,0.6178504737631105,0.20310841452323491,0.018918918918918948,0.008108108108108025,-0.010610079575596787,0.01916865208271933,0.008357841271908409
2025-11-27,377.0,382.0,371.0,373.0,29400,0.008108108108108025,0.008108108108108025,0.024725274725274637,-0.010610079575596816,0.029649595687331536,0.01891891891891892,368.4,0.01248642779312581,398.6,-0.06422478675598542,430.53343912760414,-0.13363291651642972,378.7465110622531,399.42846900690284,-20.681957944649753,-19.601296469422827,-1.0806614752269255,24.913450681555922,38.15099922901281,15.151515151515152,12.694512694512705,-84.84848484848484,14.362406695784554,0.03850511178484196,475.1333914053198,322.06660859468025,38.4010995510887,0.33275274014434575,0.011151010371612117,0.10525684020550607,1.1970196653230731,0.5432774040949072,0.3363636363636364,0.04100761570005851,-0.008042895445018572,0.0,0.8957290012621636,-0.008042895445018572,0.022099447513812098,1.2865925654492896,-0.02949061662458574,-0.013623978201634857,0.9323724604047067,-0.024128686329694005,0.008310249307479145,1.115589756117422,0.013726893105207865,0.03810709557309337,-0.00561878499709984,-0.013381820847818734,0.006470867682830964,0.02975026294472508,0.0016372404252770617,-0.0050249882194504415,0.19247888965765822,0.006862602681395097,-0.010610079575568674,0.013698630136948772,0.0,0.6048382715612973,0.20951773022410325,0.0,0.008042895442359255,0.008042895442359255,-0.001542216390891297,0.006500679051467957
2025-11-28,373.0,379.0,373.0,376.0,7600,0.008042895442359255,0.016216216216216273,0.02452316076294281,0.00804289544235925,0.0160857908847185,0.0,370.2,0.015667206912437504,395.7,-0.04978519080351329,429.62674407958986,-0.12482170819079752,378.32397089882954,397.6930268582434,-19.369055959413856,-19.554848367421034,0.18579240800717756,24.054940492042928,39.70633047208105,47.36842105263158,24.880382775119628,-52.63157894736842,13.765091931799942,0.036609287052562056,471.03418878570244,320.36581121429754,38.07641586338259,0.369249272358669,0.01387064341529912,0.10278091338540071,0.33478701378793885,0.14894367577313528,-0.7414965986394557,0.03573313628206476,-0.00797872340689365,0.008108108108108025,1.2950971322849214,-0.015957446811127762,0.0,0.9691203030703494,-0.015957446811127762,0.022099447513812098,1.3920091625919564,-0.023936170215361874,0.008241758241758212,0.7444605964494956,0.01006926029833914,0.030887391590859962,-0.002026364855979885,-0.0063642308279171535,0.008012392390844907,0.03088289560659657,3.0503051514347776e-05,-0.00635973484365376,-0.14087953137280262,0.009171677527556495,0.008042895442337687,-0.010610079575568674,0.0,0.5920337108839806,0.2158247696105963,0.005319148936170137,-0.010638297872340385,-0.015873015873015928,0.004244515488125332,-0.011712931320385192
2025-12-01,378.0,383.0,372.0,372.0,36100,-0.010638297872340385,-0.002680965147453085,0.027624309392265234,-0.015873015873015872,0.02956989247311828,0.005319148936170213,372.2,-0.0005373455158501628,392.1,-0.051262433055212275,428.7523254394531,-0.13236622187915126,377.3510522990096,395.7898396835587,-18.438787384549073,-19.331636170846643,0.89284878629757,22.945127436704126,38.322547446182,40.0,34.17331206804892,-60.0,13.567585365242804,0.0364720036699095,464.68897987986776,319.5110201201323,37.02574847226102,0.3615492321750159,0.006693494407526133,0.10010043273721628,1.424568880470384,0.7180364388575066,3.75,0.029117914195651018,0.010752688169326063,0.008042895442359255,0.29990923799376507,0.002688172040315351,0.008108108108108025,1.1601752101337752,-0.005376344088695251,0.0,0.8681583205082672,-0.02688172043272341,-0.013623978201634857,0.9036738881654236,-0.0059664502666119746,0.034531886347090444,-0.004671847605728411,-0.0069075769548252106,-0.00762803110979306,0.016015327679714805,-0.003010266762547326,0.01160898171255043,-0.2270245484795656,-0.012370048190829234,-0.01587301587297388,0.008042895442337687,0.0,0.6091523529364505,0.20739277788600172,-0.005376344086021501,0.11021505376344076,0.11621621621621614,-0.007148062390046096,0.10844333545941616
2025-12-02,370.0,449.0,367.0,413.0,1601300,0.11021505376344076,0.09840425531914887,0.11621621621621614,0.11621621621621622,0.22343324250681199,-0.005376344086021506,380.8,0.08455882352656374,390.5,0.057618437897419605,428.4622970581055,-0.036087882563381024,382.83550579146964,397.06466637366543,-14.229160582195789,-18.311141053116472,4.0819804709206835,23.859484977911386,55.457741552554495,60.43956043956044,49.269327164064016,-39.56043956043956,18.455614982011177,0.04468671908466463,459.6852585454433,321.3147414545567,35.43419131648823,0.6626068939615309,0.04389851209058725,0.08593532391146173,4.7196866314353,12.427050350779165,43.35734072022161,0.8533599537645142,-0.09927360775036498,-0.010638297872340385,0.10640147842054226,-0.08958837772617534,0.008042895442359255,0.022400311246429952,-0.09685230024431757,0.008108108108108025,0.08665383561118954,-0.1041162227624598,0.022099447513812098,0.09313813623515611,-0.007372067694147044,0.02401066339894082,0.1175871214575878,0.09220555281727533,-0.007804082491916365,0.009013358885047066,0.11801913625535712,0.10720285733116908,-1.2527353543210988,0.10043860371777882,0.11621621621590213,-0.01587301587297388,1.0,0.4494059934443568,0.286077756352334,0.07263922518159815,0.04600484261501214,-0.02483069977426633,0.06875901609496131,0.042124633528375297
2025-12-03,443.0,491.0,416.0,432.0,2863800,0.04600484261501214,0.16129032258064524,0.16756756756756763,-0.024830699774266364,0.18028846153846154,0.07263922518159806,393.2,0.0986775177998509,388.65,0.11153994596394834,428.58787841796874,0.007961311443567487,390.39927413124354,399.652468864505,-9.253194733261466,-16.49955178914547,7.246357055884005,25.711197514365665,60.881487738259786,55.6390977443609,52.02621939464046,-44.3609022556391,22.708785340438947,0.052566632732375884,450.97904619838033,326.3209538016196,32.07464103866222,0.8477511902077405,0.06392829568358072,0.0740141806776686,3.155212248014358,10.651006411877594,0.7884219072003997,2.3196384978964315,-0.04398148148369452,0.11021505376344076,1.764243792424538,-0.13888888889088213,-0.010638297872340385,0.03977343465092476,-0.12962962963164437,0.008042895442359255,0.00837335466335258,-0.14351851852050113,0.0,0.02423865823602063,0.006069422235649209,0.016446769518859896,0.039935420379362936,0.15112079804870773,-0.003097389303537031,-0.004863374835108146,0.04910223191854917,0.17243094240267579,-1.3887856165735328,0.041703232901331204,-0.024830699774210315,0.11621621621590213,1.0,0.38565897058468307,0.3174771142904689,-0.01157407407407407,-0.05787037037037035,-0.04683840749414525,-0.003353799849201016,-0.0496500961454973
2025-12-04,427.0,436.0,401.0,407.0,381800,-0.05787037037037035,-0.014527845036319653,0.09115281501340489,-0.0468384074941452,0.08728179551122195,-0.011574074074074073,400.0,0.017499999997456328,386.5,0.05304010349016042,428.3627553304037,-0.0498707113667628,392.95323195720607,400.1967304300972,-7.243498472891133,-14.648341125894603,7.40484265300347,26.60135170698653,51.92259028584807,36.8421052631579,50.97358781569309,-63.1578947368421,23.58672924469331,0.05795265170672078,442.90035460881273,330.09964539118727,29.185177029139837,0.6817364460045151,0.0626656056256797,0.07108789051403663,0.3903402544265996,1.336221831022885,-0.8666806341224946,2.0743848160843097,0.06142506142245363,0.04600484261501214,2.927858618718952,0.014742014739521636,0.11021505376344076,1.6371185160118227,-0.08599508599733163,-0.010638297872340385,0.036907499174437516,-0.08353808354033532,0.008108108108108025,0.030057630906605626,0.01036659754416827,0.012926025426634692,-0.06823696791453862,0.07822678958677019,0.00591903755826219,-0.005732173483735356,-0.06378940792863254,0.09688498849714024,-2.020272295496835,-0.04591230277540802,-0.046838407494035506,-0.024830699774210315,0.0,0.4707731579668255,0.27555310411185374,-0.039312039312039304,-0.03439803439803435,0.005115089514066584,-0.04914891816022504,-0.04423491324622009
2025-12-05,391.0,410.0,381.0,393.0,330400,-0.03439803439803435,-0.09027777777777779,0.04521276595744683,0.005115089514066497,0.07611548556430446,-0.03931203931203931,403.4,-0.025780862669742666,383.4,0.025039123627999427,427.85482737223305,-0.0814641442454217,392.96042704071283,399.66363928712707,-6.703212246414239,-13.059315349998531,6.356103103584292,26.439460075243293,47.690330199247576,26.31578947368421,39.598997493734345,-73.6842105263158,23.97339144150093,0.06100099603419829,430.4378570940451,336.36214290595484,24.53722331457754,0.602045465004988,0.05714153907800337,0.061399266039239925,0.31687543937215695,1.0959413021268691,-0.13462545835515982,1.894103857717984,0.035623409666575956,-0.05787037037037035,0.3661714369016027,0.099236641218577,0.04600484261501214,2.746573496591959,0.05089058523905621,0.11021505376344076,1.5357525456011953,-0.04325699745790512,0.008042895442359255,0.007288902358439446,-0.0009463519342583421,0.0018948981051550295,-0.03345168246377601,0.0433178678522918,-0.004869085652519233,-0.017934846417891424,-0.029528948745515118,0.06314761237533825,-1.8613200558262526,-0.04346096117660425,0.005115089514053414,-0.046838407494035506,0.0,0.5231671127034239,0.24974583555610758,0.020356234096692072,-0.027989821882951627,-0.04738154613466339,0.03198399921416514,-0.016362056765478555
2025-12-08,401.0,401.0,380.0,382.0,171500,-0.027989821882951627,-0.061425061425061434,0.026881720430107503,-0.04738154613466334,0.05526315789473684,0.020356234096692113,405.4,-0.057720769612585765,380.05,0.005130903825798949,427.16356608072914,-0.10572897519328228,391.27420749598775,398.35522156215467,-7.081014066166915,-11.86365509323221,4.782641027065294,26.241494724788684,44.61331377618819,18.045112781954888,27.06766917293234,-81.95488721804512,23.76100633853658,0.062201587273493134,416.20784838731146,343.89215161268856,19.02794284294774,0.5269651000677945,0.05017034659008802,0.048556504847200935,0.1603161827735354,0.5563196616019411,-0.48093220338983056,1.8593084830235695,0.028795811515631486,-0.03439803439803435,0.3088540337514641,0.0654450261752213,-0.05787037037037035,0.35690214917163743,0.1308900523530605,0.04600484261501214,2.6770465552586047,-0.026178010473753455,-0.010638297872340385,0.03374585538265089,0.010514911686897667,0.01665571376272635,-0.03850473356984929,0.010226006667381153,0.006247053042315941,-0.004346760128369677,-0.03423687492526757,0.03122848055847718,-1.9493256557756402,-0.015812281114573896,-0.047381546134545184,0.005115089514053414,0.0,0.5670279457916275,0.2281416580459997,0.005235602094240788,-0.010471204188481686,-0.015625,-0.0008830546601956944,-0.01658986094291817
2025-12-09,384.0,388.0,378.0,378.0,66100,-0.010471204188481686,-0.03816793893129766,-0.0847457627118644,-0.015625,0.026455026455026454,0.005235602094240838,398.4,-0.05120481927948983,379.45,-0.0038213203346848523,426.38914744059247,-0.11348587958191614,389.2320217273743,396.8474273723654,-7.615405644991142,-11.014005203583997,3.3985995585928546,25.956782034432212,43.51385479189423,15.037593984962406,19.799498746867176,-84.9624060150376,22.778077314355393,0.06025946379443157,415.3246428553623,343.5753571446377,18.908758917044306,0.4797907395782861,0.05791778103262279,0.048685988040067046,0.08666340640942101,0.2196151916566162,-0.6145772594752187,0.5425939050318922,0.010582010579337053,-0.027989821882951627,0.22485286231793802,0.0396825396797893,-0.03439803439803435,0.43318592250639487,0.07671957671672835,-0.05787037037037035,0.5005762264314212,0.0925925925897022,0.11021505376344076,2.099457075391919,-0.0028113136453160807,0.023187792715963784,-0.007659890543165605,-0.10793355542782819,-0.0031388581668268544,0.0002557812634836635,-0.0073323460216548324,-0.08500154397534807,-0.8918639439701116,-0.013270638612710679,-0.01562499999995931,-0.047381546134545184,0.0,0.583610252096257,0.21997384490365093,0.007936507936507908,0.08994708994709,0.08136482939632539,0.010490812305561602,0.0925013943161437
2025-12-10,381.0,431.0,379.0,412.0,1016500,0.08994708994709,0.07853403141361248,-0.04629629629629628,0.08136482939632546,0.13720316622691292,0.007936507936507936,394.4,0.04462474644765568,381.25,0.08065573770208356,426.1154337565104,-0.033125844875037,392.73478761547057,397.9698401595976,-5.235052544127029,-9.858214671692604,4.623162127565575,26.853786599952635,53.91102606894408,39.69465648854962,24.259121085155652,-60.30534351145038,24.93678607761572,0.06052617979989125,419.76687941668956,342.73312058331044,20.205576087443706,0.8991756402087427,0.03626996575237712,0.04795811222245366,2.584797373754326,2.933147889518577,14.37821482602118,0.010436061521130302,-0.08252427184688704,-0.010471204188481686,0.1680817574079301,-0.07281553398283291,-0.027989821882951627,0.4360971466786689,-0.04611650485668417,-0.03439803439803435,0.840154502989109,0.048543689317843475,0.04600484261501214,7.282186639407416,-0.0013161819203906478,0.01571965416815253,0.09126327186748065,-0.06201595046444881,0.002864006765071438,0.006216406241297698,0.08708308318201856,-0.05251270253759398,-0.7075398632303965,0.09197348890193957,0.0813648293961119,-0.01562499999995931,0.0,0.45292396915659183,0.2843449353726109,-0.004854368932038833,0.09951456310679618,0.1048780487804879,-0.011164745377126271,0.09320418666170874
2025-12-11,410.0,492.0,403.0,453.0,3616100,0.09951456310679618,0.19841269841269837,0.11302211302211296,0.1048780487804878,0.22084367245657568,-0.0048543689320388345,403.6,0.12239841426877507,385.25,0.17585983127533855,426.5415435791016,0.06203019803844656,402.006358751552,402.04614829592373,-0.03978954437172888,-7.894529646228429,7.8547401018567005,28.750151938352737,62.80254752541836,70.45454545454545,41.72893197601917,-29.545454545454547,29.512729929214597,0.06514951419238289,434.60129177640454,335.89870822359546,25.620398066919943,1.186405538348969,0.06754750461825651,0.05588670751646508,3.476614740015825,6.918236587199703,2.5574028529267094,0.6763624261585823,-0.09050772627132331,0.08994708994709,0.9772901422046089,-0.1655629139091268,-0.010471204188481686,0.06355029847488898,-0.15673289183409111,-0.027989821882951627,0.164884662457541,-0.10154525386511803,-0.05787037037037035,0.36707267712121955,-0.011955845241891163,-0.00692975706607736,0.11147040834868735,0.11995187008819032,-0.0089187574764711,-0.008729986248625586,0.10843332058326728,0.12175209927073855,-1.440828407122187,0.08666416397846323,0.104878048780232,0.0813648293961119,1.0,0.32142312426632963,0.34911724806501304,0.17660044150110377,0.17660044150110377,0.0,0.18831452415839958,0.18831452415839958
2025-12-12,533.0,533.0,533.0,533.0,215900,0.17660044150110377,0.2936893203883495,0.35623409669211203,0.0,0.0,0.17660044150110377,431.6,0.23493975903328335,393.0,0.356234096688661,427.85574391682945,0.2457469779869632,422.15922663592863,411.74643360733677,10.412793028591864,-4.233065111264371,14.645858139856234,31.00742604358819,73.53223592256248,100.0,70.04973398103171,-0.0,33.11896350569927,0.06213689213065128,473.93701254679365,312.06298745320635,41.189319362235956,1.364870073620886,0.1203429820217932,0.07789833279108725,0.21224493005944628,0.4066748164877536,-0.9402947927325018,0.81190681622088,-0.1500938086319885,0.09951456310679618,3.5548813876237317,-0.22701688555492117,0.08994708994709,0.999291206139079,-0.29080675422271896,-0.010471204188481686,0.06498096283895044,-0.2626641651045728,-0.03439803439803435,0.3248065071405329,0.010326098081687024,0.004560659385085742,0.16627434341941674,0.35167343730702627,0.00813010251560262,0.004592111357631927,0.16847033898550115,0.3516419853344801,0.03588023740226801,0.17630873149273918,0.0,0.104878048780232,0.0,0.12308569473329393,0.4468107192745839,-0.075046904315197,-0.08818011257035652,-0.014198782961460488,-0.07530354491818657,-0.08843675317334608
2025-12-15,493.0,527.0,457.0,486.0,1821500,-0.08818011257035652,0.07284768211920523,0.2722513089005236,-0.014198782961460446,0.15317286652078774,-0.075046904315197,452.4,0.07427055702680319,398.45,0.21972643995176377,428.2217056274414,0.13492612264192783,431.980884076555,417.2466977845711,14.734186291983917,-0.43961483061471346,15.173801122598631,30.475896053882142,62.18362952349377,72.02380952380952,80.82611832611833,-27.976190476190474,36.18189468386361,0.0744483429707596,488.50881411610885,308.3911858838911,45.20457478534766,0.9860712461032723,0.12513096663262466,0.0950600758203688,1.3520424637086268,2.9363829372212127,7.436776285317276,0.537602585518193,0.09670781892778457,0.17660044150110377,0.160255815489812,-0.06790123456981911,0.09951456310679618,2.684117898993558,-0.15226337448734095,0.08994708994709,0.7545161484270213,-0.2139917695489424,-0.027989821882951627,0.12729908455999425,-0.0008451012185217599,-0.006694735494006255,-0.08733501135183476,0.27894604439452986,0.007152700806080418,0.005606490127424102,-0.09533281337643694,0.26664481877309953,-0.7725200547254002,-0.08265450775220885,-0.014198782961431646,0.0,0.0,0.23169686274225731,0.39331299048026075,-0.026748971193415683,-0.1152263374485597,-0.09090909090909094,-0.034307056718945364,-0.12278442297408938
2025-12-16,473.0,473.0,430.0,430.0,521900,-0.1152263374485597,-0.19324577861163228,0.13756613756613767,-0.09090909090909091,0.1,-0.026748971193415638,462.8,-0.07087294727944926,401.7,0.07045058501102708,427.22558135986327,0.006494036780988699,431.6761326801619,418.19138683756586,13.484745842596055,2.3452573040274403,11.139488538568616,29.270173390709992,51.904731389388424,37.95180722891566,69.9918722509084,-62.04819277108434,37.59747363501621,0.08743598519750877,491.3863423270224,312.01365767297756,44.65339423799971,0.6577720713417545,0.11164486305302704,0.10699563454070873,0.3628384968933822,0.8123892868594982,-0.7134779028273401,0.4603693834420657,0.13023255813690637,-0.08818011257035652,1.266354324758183,0.23953488371804754,0.17660044150110377,0.15009931304709948,0.05348837209057322,0.09951456310679618,2.514007067668441,-0.12093023256018387,-0.010471204188481686,0.04595444461516107,-0.018160274431423717,-0.022034000037245382,-0.09706606301713598,0.15960013760338304,-0.009783675490749913,-0.0017073228189284772,-0.10544266195780978,0.13927346038506613,0.20003502784555244,-0.1132692596493357,-0.09090909090889872,-0.014198782961431646,0.0,0.392103896029248,0.31430258924066445,0.037209302325581506,0.0023255813953488857,-0.03363228699551568,0.03740024297423856,0.0025165220440059376
2025-12-17,446.0,475.0,422.0,431.0,994200,0.0023255813953488857,-0.11316872427983538,0.04611650485436902,-0.033632286995515695,0.12559241706161137,0.037209302325581395,466.6,-0.07629661380395136,405.2,0.06367226060941844,426.36155751546227,0.010879129231435636,431.5721122678293,419.14017299774616,12.431939270083149,4.362593697238582,8.069345572844567,27.946911258405198,52.05713355826368,38.55421686746988,49.50994454006503,-61.44578313253012,38.69765408965791,0.08978574034702581,493.7157613083674,316.6842386916326,43.68991180077365,0.6457367570399077,0.10098273048687913,0.10535412403771567,0.693343636085949,1.4414001675979273,0.9049626365204062,0.38445339114276855,-0.002320185617163961,-0.1152263374485597,0.3639670525782104,0.12761020881408913,-0.08818011257035652,1.2702931333037175,0.23665893271174787,0.17660044150110377,0.15056617484505772,-0.04408352668435245,0.08994708994709,0.7088953993978748,0.002005459187863354,-0.01896529599475403,0.00032012220748553174,0.06508180084912304,-0.000954536066575687,-0.0055758871224152705,0.0032801174619245727,0.0516923919767843,-0.12301181212418136,0.002208162184061522,-0.03363228699544029,-0.09090909090889872,0.0,0.38887395659531293,0.31589353450924396,0.0,0.0278422273781902,0.0278422273781902,0.00016264391421634805,0.028004871292406548
2025-12-18,431.0,463.0,431.0,443.0,288000,0.0278422273781902,0.03023255813953485,-0.02207505518763797,0.027842227378190254,0.07424593967517401,0.0,464.6,-0.04649160568435973,409.15,0.08273249419263662,425.6975336710612,0.040644976677896016,433.33024884200944,420.9075675905057,12.422681251503718,5.97461120809161,6.448070043412108,26.718167849836455,53.94316451642682,45.78313253012048,40.763052208835354,-54.21686746987952,38.21925022611091,0.08627370254181634,497.0073275259376,321.29267247406233,42.94626788509723,0.6926418715047227,0.10050344864468005,0.10173782857050076,0.37485308492374736,0.4098034081983449,-0.7103198551599276,-0.08390823994202956,-0.027088036119577663,0.0023255813953488857,1.2940240869138528,-0.029345372462687647,-0.1152263374485597,0.6792910591031379,0.09706546275147399,-0.08818011257035652,2.370815604821548,0.022573363428842974,0.09951456310679618,4.706618890252648,-0.007334978409261872,-0.01421899925619841,0.03517720578745207,-0.007856055931439562,0.0013221812719266162,0.004658006448445052,0.026520046106263583,-0.026733061636083022,-0.13325769013906533,0.02801841820043227,0.027842227378125656,-0.03363228699544029,0.0,0.3512520886966535,0.3344246351545499,-0.004514672686230292,-0.04514672686230248,-0.04081632653061229,-0.003542516320779461,-0.044174570496851646
2025-12-19,441.0,446.0,413.0,423.0,340600,-0.04514672686230248,-0.018561484918793503,-0.2063789868667918,-0.04081632653061224,0.07990314769975787,-0.004514672686230248,442.6,-0.04428377767952041,411.95,0.02682364364358092,424.86508127848305,-0.004389820113873122,431.7409797893926,421.0625625838016,10.678417205591018,6.915372407591492,3.763044797999526,25.090929874395645,50.38550892024355,33.734939759036145,39.357429718875515,-66.26506024096386,37.84644663853156,0.08947150505541865,497.8021403344138,326.09785966558616,41.680854634986694,0.5643548312072227,0.0598206852416706,0.10411635633933462,0.4293777048841399,0.47373918752199357,0.1826388888888888,-0.13622934888241012,0.04728132387459283,0.0278422273781902,0.3630674662555264,0.01891252954841871,0.0023255813953488857,1.253339149136265,0.01654846335457094,-0.1152263374485597,0.6579337174956917,0.26004728132089827,0.17660044150110377,0.27217453459919494,0.007306051135426571,-0.016906855221045642,-0.05245277799772905,-0.18947213164574614,0.007295311545895074,0.003989369097734423,-0.05244203840819755,-0.21036835596452622,-0.5227749474775232,-0.04133292075206501,-0.04081632653051969,0.027842227378125656,0.0,0.4151410763417343,0.3029553507647685,0.0,0.009456264775413725,0.009456264775413725,0.0005664740579509439,0.010022738833364669
2025-12-22,423.0,442.0,423.0,427.0,311100,0.009456264775413725,-0.036117381489842004,-0.12139917695473246,0.009456264775413711,0.04491725768321513,0.0,430.8,-0.008820798516692596,415.2,0.028420038533168546,424.26420033772786,0.006448339640931167,431.0115982833322,421.50237276277926,9.509225520552945,7.434143030183783,2.0750824903691623,23.57992318291489,51.0804131302028,31.612903225806452,37.043658504987704,-68.38709677419355,36.50027187863645,0.08548073039473295,498.11344884878383,332.28655115121614,39.93904087128316,0.5711585404047096,0.017556594673489693,0.09961054287514375,0.6333971956242455,0.42420548399104957,-0.08661186142102173,0.08629627442876542,-0.009367681501148972,-0.04514672686230248,0.6934589676297589,0.03747072599288659,0.0278422273781902,0.5863657741555213,0.009367681496465163,0.0023255813953488857,2.0241835161993724,0.13817330210506285,-0.08818011257035652,3.708559922306535,0.014417829992905836,-0.002339562465131741,-0.0049615652174921105,-0.11905961448960072,0.0010835906745039643,-0.001991629543166713,0.008372674100909762,-0.11940754741156574,-0.3885912647418652,0.009877338646081712,0.009456264775391356,-0.04081632653051969,0.0,0.4018844854626859,0.30948504302925184,-0.004683840749414525,0.007025761124121788,0.0117647058823529,-0.0021090108142873426,0.00960059105924897
2025-12-23,425.0,431.0,417.0,430.0,126200,0.007025761124121788,0.016548463356973908,0.0,0.011764705882352941,0.03357314148681055,-0.00468384074941452,430.8,-0.001857010215873145,418.2,0.028216164512127717,423.4,0.015588096360378945,430.85596777820416,422.131826632203,8.724141146001159,7.6921426533472586,1.0319984926539005,22.004513611021526,51.62763029557366,33.54838709677419,32.96541002720561,-66.45161290322581,34.893109601590986,0.08114676651513916,498.6601764850159,337.7398235149841,38.47928095887895,0.5733282010771971,0.017434106803674933,0.09598883637021548,0.3062950674844243,0.17097931041957673,-0.5943426550948248,0.1735207510130119,-0.00697674418835581,0.009456264775413725,0.7550586013819683,-0.016279069769729593,-0.04514672686230248,0.82665689370202,0.030232558137138987,0.0278422273781902,0.698993497904233,-2.3255841696823154e-12,-0.1152263374485597,1.2666830088757612,0.006972658798221982,0.023173866207713795,5.310232589980559e-05,-0.023173866207713795,0.006626062314698709,0.014867426125737168,0.00039969880942307846,-0.014867426125737168,-0.3738031863263849,0.009502604330153347,0.01176470588232526,0.009456264775391356,0.0,0.392103896029248,0.31430258924066445,-0.011627906976744207,-0.006976744186046546,0.004705882352941115,-0.011800325587736983,-0.007149162797039322
2025-12-24,425.0,441.0,421.0,427.0,281100,-0.006976744186046546,0.0,-0.009280742459396807,0.004705882352941176,0.047505938242280284,-0.011627906976744186,430.0,-0.00697674418835581,421.05,0.014131338318456033,422.71666666666664,0.01013287071479696,430.26274196617277,422.49243206685463,7.770309899318136,7.707776102541435,0.06253379677670079,20.82297345487144,51.01309995434662,31.612903225806452,32.25806451612904,-68.38709677419355,33.8293160586202,0.0792255645399086,498.45923717489995,343.64076282510007,36.76961746818665,0.538432105890389,0.017988631727990038,0.0929978941366355,1.0434259709503677,0.3742730235827954,1.2274167987321714,0.011587329992841733,0.007025761121763452,0.007025761124121788,0.4684466650086674,-2.3419044481443052e-12,0.009456264775413725,1.154784132204409,-0.009367681501148972,-0.04514672686230248,1.2642863241042164,0.009367681496465163,0.0023255813953488857,3.690409463958931,-0.0008681461883037542,0.019148317953904474,-0.006108597997742792,-0.02842906041330128,-0.0004612550596137232,0.014932972549351374,-0.006515489126432823,-0.02421371500874818,-0.2589499092267446,-0.0070961861418638965,0.004705882352930104,0.01176470588232526,0.0,0.4018844854626859,0.30948504302925184,0.0,0.0374707259953162,0.0374707259953162,0.0015567389956055561,0.03902746499092176
2025-12-25,427.0,450.0,425.0,443.0,187500,0.0374707259953162,0.03023255813953485,0.0,0.03747072599531616,0.058823529411764705,0.0,430.0,0.030232558137138987,424.55,0.04345777882218016,422.4166666666667,0.04872755967398201,432.2223201252231,424.01151117301356,8.210808952209561,7.8083826724750605,0.4024262797345006,19.977836504953324,54.147859034188556,41.935483870967744,35.69892473118281,-58.064516129032256,33.19865062586162,0.07494052059996993,499.23460350031945,349.86539649968057,35.18294829834858,0.6235194346310018,0.017338929453391414,0.08648395759053937,0.7521028796515056,0.24704826730227245,-0.33297758804695843,0.0003359049930651281,-0.03611738149201782,-0.006976744186046546,1.1275526371735372,-0.029345372462687647,0.007025761124121788,0.50621537819744,-0.03611738149201782,0.009456264775413725,1.2478890979177781,-2.2573054536678683e-12,0.0278422273781902,1.1552300231447126,0.005162711015963901,0.032163911155594097,0.032308014979352304,-0.032163911155594097,0.006011737946748716,0.02019522866699102,0.031458988048567484,-0.02019522866699102,-0.045932589207496856,0.03774686068484733,0.03747072599522841,0.004705882352930104,0.0,0.3512520886966535,0.3344246351545499,0.015801354401805856,0.013544018058690765,-0.0022222222222222365,0.015828618773263674,0.013571282430148582
2025-12-26,450.0,456.0,440.0,449.0,179800,0.013544018058690765,0.051522248243559776,0.061465721040189214,-0.0022222222222222222,0.03636363636363636,0.01580135440180587,435.2,0.03170955882115889,428.2,0.048575432038653554,422.31666666666666,0.06318323532642212,434.80350164441955,425.86251034538293,8.940991299036625,8.034904397787374,0.9060869012492514,19.362697663657684,55.30295735291432,45.806451612903224,39.78494623655914,-54.193548387096776,31.970175581157214,0.07120306365497998,500.12106784524224,356.27893215475774,33.59227830230838,0.644602969777624,0.022625256301421717,0.08217088938519136,0.8280333976540589,0.23424543136726114,-0.041066666666666696,0.05889831461938311,-0.013363028955426737,0.0374707259953162,0.8634942272532594,-0.048997772830625785,-0.006976744186046546,1.2945505454980866,-0.04231625835402597,0.007025761124121788,0.5811891812232605,-0.057906458799425575,-0.04514672686230248,1.5685660469464542,0.0008790637471019715,0.02470483672547924,0.012664954311588794,0.036760884314709974,0.000593573580941672,0.01310433848278833,0.012950444477749094,0.048361382557400884,-0.01634393327741326,0.013553719385692912,-0.002222222222217284,0.03747072599522841,0.0,0.3331952679123286,0.34331873802551605,0.006681514476614803,0.015590200445434244,0.008849557522123908,0.0068163052384990295,0.01572499120731847
2025-12-29,452.0,457.0,446.0,456.0,82000,0.015590200445434244,0.02934537246049662,0.06791569086651061,0.008849557522123894,0.02466367713004484,0.0066815144766146995,441.0,0.03401360543983212,432.4,0.05457909342956868,422.78333333333336,0.07856664169729521,438.0645013914319,428.0949169864657,9.969584404966213,8.421840399223141,1.5477440057430716,18.82101121075168,56.67427065309706,50.0,45.91397849462367,-50.0,30.472305896788843,0.06682523222965354,500.4070584571921,364.3929415428079,31.455623708229464,0.6735114011353347,0.02708133560351293,0.0765063264977146,0.4786336759650014,0.10651204235542289,-0.5439377085650723,0.032002434967878024,-0.015350877195141721,0.013544018058690765,1.0494918894939909,-0.028508771931955,0.0374707259953162,1.0944367590663142,-0.06359649123012368,-0.006976744186046546,1.6407795891922181,-0.06359649123012368,0.009456264775413725,1.8158894706428284,0.010066022964230675,0.022279571288614877,0.005524177481203568,0.045636119577895734,0.008247143426026013,0.020702127098999688,0.00734305701940823,0.04721356376751093,-0.257957802311474,0.017717615438959434,0.008849557522104316,-0.002222222222217284,0.0,0.312729551080386,0.353399371432997,0.006578947368421018,-0.02631578947368418,-0.0326797385620915,0.005693870305189893,-0.027200866536915305
2025-12-30,459.0,459.0,438.0,444.0,121100,-0.02631578947368418,-0.011135857461024523,0.032558139534883734,-0.032679738562091505,0.04794520547945205,0.006578947368421052,443.8,0.000450653445244642,433.95,0.02315935015319015,422.8333333333333,0.050059124948245826,438.97765502351933,429.2730712837645,9.70458373975481,8.678389067329476,1.0261946724253335,18.009726629560507,53.63629321215308,31.53846153846154,42.44830438378826,-68.46153846153847,29.79571261844678,0.06710746085220648,501.5295087286076,366.3704912713924,31.14621902459159,0.5743568589730341,0.02412119051434378,0.07808008220714523,0.7110938867064786,0.17403025913407372,0.4768292682926829,0.005050667524529429,0.027027027024713934,0.015590200445434244,0.48150040222899454,0.011261261258983746,0.013544018058690765,1.0557777112289417,-0.0022522522544994317,0.0374707259953162,1.1009917733894692,-0.0315315315337128,0.007025761124121788,0.7410408629426721,-0.0032933566978206154,0.011612210294257122,-0.023022432775863567,0.02094592924062661,-0.003431092431786298,0.009793561054519742,-0.022884697041897883,0.022764578480363992,1.5165978467213308,-0.02111220207973523,-0.032679738562020305,0.008849557522104316,0.0,0.34820872813653275,0.3359236787690633,0.027027027027026973,-0.013513513513513487,-0.03947368421052633,0.017522026421950353,-0.023018514118590107
2026-01-05,456.0,456.0,436.0,438.0,131000,-0.013513513513513487,-0.03947368421052633,0.025761124121779888,-0.039473684210526314,0.045871559633027525,0.02702702702702703,446.0,-0.01793721973314366,434.25,0.008635578581442482,422.8833333333333,0.03574665983280867,438.8272465583625,429.9195104479301,8.907736110432381,8.724258475950057,0.18347763448232435,17.17741566276311,52.13157849864488,20.833333333333332,34.12393162393163,-79.16666666666667,29.096018859986295,0.06642926680347001,501.8454880151031,366.6545119848969,31.13206126199338,0.5277385378086339,0.015568700567301629,0.07916838744517006,0.9338399355579159,0.23425653057137136,0.08175061932287364,0.02180354694617659,0.013698630134671985,-0.02631578947368418,0.8632672992065925,0.04109589040858208,0.015590200445434244,0.584541028364497,0.02511415524880123,0.013544018058690765,1.2817131329260556,-0.025114155253367243,-0.006976744186046546,2.0038351594300012,0.014507449599160315,0.02721310007513111,-0.028020963112673804,-0.001451975953351222,0.006267317750466996,0.01658892170541088,-0.019780831263980482,0.00917220241636901,1.7042177752444367,-0.02419438782696432,-0.03947368421043975,-0.032679738562020305,0.0,0.36667734085068965,0.32682674286181096,0.004566210045662045,0.006849315068493178,0.002272727272727204,-0.013218347486827955,-0.010935242463996821
2026-01-06,440.0,450.0,438.0,441.0,83700,0.006849315068493178,-0.006756756756756799,-0.004514672686230292,0.0022727272727272726,0.0273972602739726,0.0045662100456621,445.6,-0.010323159786781222,435.95,0.011583897233601093,422.8,0.04304635761342701,439.1615163186144,430.74028745178714,8.421228866827278,8.663652554125502,-0.24242368729822417,16.40455547930838,52.84391926902348,24.56140350877193,25.644399460188946,-75.43859649122807,27.874874655701557,0.06320833255246791,502.41946667455636,369.4805333254436,30.494078070676167,0.5379873666259841,0.0160821979378311,0.07731999306415618,0.7002953455878047,0.15377238380264224,-0.36106870229007637,0.010117093989319592,-0.006802721090687469,-0.013513513513513487,1.0960416997849751,0.006802721086152319,-0.02631578947368418,1.0132110675111488,0.03401360543983212,0.015590200445434244,0.6860719036821981,0.004535147390012373,0.0374707259953162,1.568761974883075,0.010506726387465545,0.029782142161734422,-0.003657411318972367,-0.034296814847964714,0.010435613212600808,0.02117909368311742,-0.0035862981441076303,-0.025693766369347712,1.9693525313116373,-0.013702086227531392,0.0022727272727221075,-0.03947368421043975,0.0,0.357380216083019,0.33140615277430524,0.018140589569161092,0.03401360544217691,0.015590200445434244,0.008592751535475758,0.024465767408491573
2026-01-07,449.0,460.0,443.0,456.0,116100,0.03401360544217691,0.041095890410958846,0.015590200445434244,0.015590200445434299,0.03837471783295711,0.018140589569160998,447.0,0.02013422818563737,439.1,0.0384878159848816,422.8833333333333,0.07831159105881458,441.75205226959685,432.6113772701733,9.140674999423538,8.75905704318511,0.3816179562384292,16.063497265267024,56.342204264899664,69.35483870967742,38.24985851726091,-30.64516129032258,27.240955037437157,0.0597389364854768,503.0527950913795,375.14720490862055,29.12903443014323,0.6321287050538782,0.018608073189080147,0.07194537644621615,1.087272080238994,0.21758034168172175,0.3870967741935485,0.003155646695071068,-0.03289473684422606,0.006849315068493178,0.78384731366067,-0.039473684212632754,-0.013513513513513487,1.226810013017297,-0.026315789475819473,-0.02631578947368418,1.1340968898961425,-0.015350877195141721,0.013544018058690765,1.6838201552710688,0.009467120881593091,0.03875158583089292,0.024546484560583816,-0.02316138538545868,0.004848211725366529,0.025924139605461475,0.02916539371681038,-0.010333939160027231,1.73260236426314,0.025613582344358583,0.015590200445399577,0.0022727272727221075,0.0,0.312729551080386,0.353399371432997,-0.006578947368421018,-0.002192982456140302,0.004415011037527616,-0.008055050654100795,-0.00366908574182008
2026-01-08,453.0,467.0,453.0,455.0,132300,-0.002192982456140302,0.031746031746031855,-0.002192982456140302,0.004415011037527594,0.03090507726269316,-0.006578947368421052,446.8,0.018352730525921235,442.75,0.02766798418740235,423.05,0.07552298782395583,443.79019807427426,434.269793768679,9.520404305595264,8.91132649566714,0.6090778099281238,16.003804553150736,56.04370877278448,67.74193548387096,53.88605923410679,-32.25806451612903,26.295172534763076,0.057791587988363265,501.3601527041175,384.1398472958825,26.475506585710907,0.604504078515559,0.018083518620378474,0.06607994273263473,1.1323080083189976,0.24885447938062885,0.13953488372093026,-0.019444473703614018,0.0021978021955995075,0.03401360544217691,0.9936580481166714,-0.030769230771360956,0.006849315068493178,0.7163581277120189,-0.03736263736475298,-0.013513513513513487,1.121181776944737,0.0021978021955995075,0.015590200445434244,0.7018084405302933,-0.005930966502378528,0.023088066017734336,0.0037379840462382257,-0.025281048473874638,0.0008519573308487033,0.018674947042060838,-0.0030449397869890056,-0.02086792949820114,2.0445994007082295,-0.003934893904222544,0.004415011037517848,0.015590200445399577,0.0,0.31561467097286405,0.3519782711504353,0.01098901098901095,-0.01318681318681314,-0.023913043478260843,2.6330515239555638e-05,-0.024149493660584533
2026-01-09,460.0,463.0,449.0,449.0,58300,-0.01318681318681314,-0.015350877192982448,0.011261261261261257,-0.02391304347826087,0.031180400890868598,0.01098901098901099,447.8,0.0026797677512222506,446.3,0.006049742323535723,423.2,0.06096408317329649,444.59170606284744,435.36092015618425,9.230785906663186,8.97521837786635,0.25556752879683664,15.747192979181678,54.1886890919133,66.66666666666667,67.92114695340503,-33.333333333333336,25.41694592513714,0.05660789738325285,496.8375108211711,395.7624891788289,22.64732727814076,0.5267128312824314,0.01805245802148399,0.057739857539727525,0.559066368753656,0.10974200276331493,-0.5593348450491308,-0.012995326803661778,0.013363028950972522,-0.002192982456140302,1.268687488612499,0.015590200443172497,0.03401360544217691,1.1133380002109685,-0.017817371939826687,0.006849315068493178,0.8026390234079075,-0.011135857463226873,-0.02631578947368418,1.1612853731744037,0.0028145533146382616,0.029365506240457133,-0.0160013665014514,-0.018104244979195876,0.005361774277139095,0.027361695904229665,-0.018548587463952236,-0.016100434642968408,1.8025259704651584,-0.02285155056912841,-0.023913043478208884,0.004415011037517848,0.0,0.3331952679123286,0.34331873802551605,0.020044543429844186,0.011135857461024523,-0.008733624454148492,0.009706740980403302,0.0007980550115836392
2026-01-13,458.0,458.0,445.0,454.0,58000,0.011135857461024523,-0.00219780219780219,0.0365296803652968,-0.008733624454148471,0.029213483146067417,0.0200445434298441,451.0,0.0066518846984331415,448.4,0.012488849239490563,423.51666666666665,0.0719767030001055,446.03913589933245,436.7415927372076,9.297543162124839,9.039683334718047,0.2578598274067918,15.302969571155788,55.51024371419311,75.92592592592592,70.1115093588212,-24.074074074074073,24.530021216198772,0.054030883736001636,496.49324276860517,400.3067572313948,21.451044945854235,0.5582202371645404,0.01366704146031368,0.054342099077154316,0.6467367669852031,0.12000306214710306,-0.005145797598627766,0.007271468144044224,-0.01101321586120918,-0.01318681318681314,0.6500819571592645,0.002202643169598728,-0.002192982456140302,1.4752288667610753,0.004405286341399917,0.03401360544217691,1.29458859736176,-0.0352422907510237,-0.013513513513513487,1.460733042673476,0.0166414834783077,0.031667627985804025,-0.005505626017283178,0.004862052379492776,0.0057351753144356185,0.026524466207423363,0.005400682146588905,0.010005214157873438,1.7725025908619,0.0009702443571401771,-0.008733624454129403,-0.023913043478208884,0.0,0.31851250064460407,0.3505509105142059,-0.0066079295154185536,-0.008810572687224627,-0.0022172949002217113,-0.01375141889013945,-0.015954062061945523
2026-01-14,451.0,459.0,450.0,450.0,70300,-0.008810572687224627,0.00222717149220486,0.020408163265306145,-0.0022172949002217295,0.02,-0.006607929515418502,452.8,-0.006183745585233713,448.25,0.003904071386494401,424.1,0.06107050223753574,446.64849960712746,437.72369697889593,8.924802628231532,9.016707193420745,-0.0919045651892123,14.934794745646688,54.16407830682808,66.0,69.53086419753087,-34.0,23.42073398647029,0.052046075525373874,496.30361588892134,400.19638411107866,21.44054250481711,0.5182088274485444,0.006921071778830521,0.05477996626815438,0.8080366892334571,0.22971529028104995,0.21206896551724141,-0.009308011538502803,0.008888888886646962,0.011135857461024523,0.6666590039194952,-0.002222222224439463,-0.01318681318681314,0.670107240146665,0.011111111108864202,-0.002192982456140302,1.5206721761818829,-0.02000000000217772,0.006849315068493178,0.9620579073803749,0.01172679059635628,0.0346913064246171,-0.020537363283580905,-0.014283143159310951,0.004030171471426335,0.01961538939693867,-0.012840744158650962,0.0007927738683674752,4.952215045423449,-0.028768848483658484,-0.0022172949002168133,-0.008733624454129403,0.0,0.33023261176141894,0.34477802971878946,0.015555555555555545,0.04444444444444451,0.02844638949671774,-0.01792179647208436,0.010967092416804602
2026-01-15,457.0,470.0,453.0,470.0,114600,0.04444444444444451,0.03524229074889873,0.030701754385964897,0.028446389496717725,0.037527593818984545,0.015555555555555555,455.6,0.03160667251748994,445.1,0.05594248483249609,424.8333333333333,0.1063162024297224,450.24103812910784,440.11453423971847,10.126503889389369,9.23866653261447,0.8878373567748987,15.075143104415137,59.4580823323768,100.0,80.64197530864199,-0.0,23.176395844579556,0.04931148052027712,475.5558697134064,414.6441302865936,13.684956060843136,0.9087881947603555,0.017965814325566397,0.03324155640405785,1.321784062467561,0.3807739080161879,0.6301564722617354,-0.009352426546910375,-0.0425531914913988,-0.008810572687224627,0.8108326316882158,-0.034042553193544545,0.011135857461024523,0.6689657558736347,-0.04468085106586239,-0.01318681318681314,0.6724259235764294,-0.029787234044617472,0.03401360544217691,1.3390849009815342,0.011933972607229918,0.03429432430486109,0.03251047183721459,-0.003592569918896192,0.011159117342546635,0.025944206263469327,0.033285327101897876,0.00475754812249557,3.5944113009607515,0.004333986959647776,0.02844638949665548,-0.0022172949002168133,0.0,0.27362696870786196,0.3726598156881433,0.0,-0.006382978723404209,-0.006382978723404209,-0.009188320471338933,-0.015571299194743142
2026-01-16,470.0,475.0,460.0,467.0,101300,-0.006382978723404209,0.03777777777777769,0.02637362637362628,-0.006382978723404255,0.03260869565217391,0.0,458.0,0.019650655019607832,444.15,0.05144658335910979,425.3833333333333,0.09783332680069479,452.81933995539896,442.10605022196154,10.71328973343742,9.53359117277906,1.1796985606583608,15.416039496974419,58.369059620188686,85.18518518518519,83.7283950617284,-14.814814814814815,22.592367569966733,0.04837766074928984,470.32842623230016,417.9715737676998,11.788101421726976,0.9364280686171771,0.021035206321570587,0.02875642249030045,1.2583694612489287,0.47125923444798007,-0.11605584642233857,-0.006155267426496636,0.0064239828672238986,0.04444444444444451,1.4235848001888176,-0.036402569595211154,-0.008810572687224627,0.8732810772536987,-0.027837259102724055,0.011135857461024523,0.7204879442491398,-0.025695931479602363,-0.002192982456140302,1.6434578452441584,0.010263784623181334,0.04856335955716975,-0.016646763346585543,-0.02218973318354347,0.0030627734904463107,0.02855294752122573,-0.009445752213850519,-0.0021793211475994514,4.361700877700276,-0.01974188054488102,-0.006382978723390675,0.02844638949665548,0.0,0.2818087265368029,0.3686297930908595,0.0021413276231263545,-0.004282655246252709,-0.0064102564102563875,-0.004303892463922191,-0.010727875333301254
2026-01-19,468.0,471.0,460.0,465.0,36700,-0.004282655246252709,-0.010638297872340385,0.03563474387527843,-0.00641025641025641,0.02391304347826087,0.0021413276231263384,461.2,0.008239375539878191,445.9,0.042834716301765496,426.01666666666665,0.09150659207130052,454.69328765456834,443.8018983536681,10.891389300900244,9.805150798403297,1.086238502496947,15.732586147208037,57.611479633990314,80.0,88.39506172839508,-20.0,21.76434131496911,0.046805035085854416,472.73207036365227,419.0679296363477,12.035016983024128,0.8559173731497363,0.018710913319664454,0.029601207886745893,0.48174741733503107,0.1924529093426186,-0.6377097729516288,-0.003859125697237009,0.004301075266657461,-0.006382978723404209,1.329727884905685,0.010752688169869407,0.04444444444444451,1.5043120988172904,-0.03225806451821023,-0.008810572687224627,0.9228022735327707,-0.0344086021526141,-0.01318681318681314,0.765282682033578,0.0006602174209129464,0.044783881765456245,-0.004942872667165655,-0.009149137890177815,0.0021484066956828484,0.02490175574205466,-0.006431061941935557,0.010732988133223771,1.6158456645394967,-0.007754148891139465,-0.0064102564102427135,-0.006382978723390675,0.0,0.28732188234985256,0.36591422230846044,0.017204301075268713,0.008602150537634357,-0.008456659619450302,0.0247600902678081,0.016157939730173744
2026-01-20,473.0,476.0,462.0,469.0,74200,0.008602150537634357,0.004282655246252709,0.033039647577092435,-0.008456659619450317,0.030303030303030304,0.017204301075268817,464.2,0.010340370527767595,447.8,0.047342563642145175,426.53333333333336,0.09956236323593415,456.8943203230963,445.66842440154454,11.22589592155174,10.089299823032986,1.136596098518753,16.25276510701483,58.76422823202121,82.5,82.56172839506173,-17.5,21.20974550675703,0.04522333796740258,475.5099260193887,420.09007398061135,12.37602769959297,0.8825344027473464,0.01741366054503388,0.030308938415472594,0.9342617191926569,0.5127992480787306,1.0217983651226157,-0.0020947920247508245,-0.008528784650301602,-0.004282655246252709,0.462094408279926,-0.004264392326216893,-0.006382978723404209,1.2754812958789237,0.002132196159910116,0.04444444444444451,1.4429433021493057,-0.03198294243276756,0.011135857461024523,0.7302854408783571,-0.013065196989524498,0.015736826343879354,0.021667347527158855,0.01730282123321308,-0.004676058709290611,0.014373657936351978,0.013278209246924967,0.018665989640740455,1.2344896580996838,0.014374696654920572,-0.008456659619432438,-0.0064102564102427135,0.0,0.2763425912424145,0.37132220335485866,0.0,-0.03837953091684432,-0.03837953091684432,0.009218379909521903,-0.029161151007322417
2026-01-21,469.0,469.0,448.0,451.0,72000,-0.03837953091684432,-0.03010752688172047,0.0022222222222221255,-0.03837953091684435,0.046875,0.0,464.4,-0.028854435833271186,448.2,0.006247211064243086,426.6166666666667,0.057155135364947984,455.9875018118507,446.06335592735604,9.924145884494635,10.056269035325316,-0.13212315083068127,15.800236822367227,51.921479374365674,37.5,66.66666666666667,-62.5,21.194763684845814,0.04699504142970913,475.85212469232687,420.5478753076731,12.339189956415385,0.5506290209369875,0.017146443396131895,0.031452861777631735,0.9026968067100463,0.5377307761247535,-0.029649595687331498,-0.002294744817881722,0.039911308201685314,0.008602150537634357,0.9302792091372977,0.03104212860081801,-0.004282655246252709,0.4601246223091486,0.03547671840125166,-0.006382978723404209,1.27004425721844,-0.0022172949024340527,-0.008810572687224627,0.8813831321071701,-0.003889345104304629,0.004458168231324448,-0.03449018581253969,-0.002235946009102322,-0.007467360985196304,0.002881296377674088,-0.030912169931648012,-0.0006590741554519624,2.0493522775190076,-0.023076277674775693,-0.038379530916762515,-0.008456659619432438,0.0,0.32728309377525827,0.346230850052004,0.0022172949002217113,0.0022172949002217113,0.0,-0.01093651354347508,-0.01093651354347508
2026-01-22,452.0,460.0,448.0,452.0,35700,0.0022172949002217113,-0.03624733475479747,-0.03829787234042559,0.0,0.026785714285714284,0.0022172949002217295,460.8,-0.01909722222435095,449.65,0.005226287109962868,425.9,0.06128199107522603,455.3740399946429,446.5031073401445,8.870932654498404,9.819201759159935,-0.9482691046615308,15.380031986623024,52.25411266427087,40.0,53.33333333333334,-60.0,20.53799485021397,0.045438041703912684,474.79179786729657,424.5082021327034,11.18283014224245,0.5467349235007734,0.019057394218859262,0.028534226044568473,0.5579781497632109,0.300882419870039,-0.5041666666666667,-0.01070233398552356,-0.002212389382738489,-0.03837953091684432,1.1253340835560557,0.037610619466730943,0.008602150537634357,1.159719291664713,0.028761061944626576,-0.004282655246252709,0.5736077898126006,0.03982300884725709,0.04444444444444451,1.7911567496600553,0.016648377671298488,0.009942150986320604,-0.014431082771076777,-0.04824002332674619,0.006418519933342593,-0.0009628041704073948,-0.004201225033120881,-0.03733506817001819,2.495375981365256,-0.013799325577355519,0.0,-0.038379530916762515,0.0,0.32434662675363807,0.3476772419766645,0.015486725663716783,0.006637168141592875,-0.008714596949891074,0.0023904346091370623,-0.006459122912986845
2026-01-23,459.0,461.0,453.0,455.0,41100,0.006637168141592875,0.008869179600886845,-0.025695931477516032,-0.008714596949891068,0.017660044150110375,0.015486725663716814,458.4,-0.007417102969006439,451.05,0.008757343972932485,425.55,0.06920455880373821,455.3164953800824,447.13250679643005,8.183988583652365,9.492159124058421,-1.3081705404060564,15.046098963985369,53.29800565202382,47.5,41.66666666666668,-52.5,19.71385236091297,0.04332714804586735,474.01497332896344,428.0850266710366,10.182894725180546,0.5860005353243378,0.017827955859894034,0.02589183021063477,0.7912824165880519,0.3908664682218904,0.15126050420168058,0.004572083270282468,-0.006593406595589935,0.0022172949002217113,0.6873183034596947,-0.00879120879338724,-0.03837953091684432,1.3861881750447622,0.03076923076696536,0.008602150537634357,1.4285439248377967,0.02637362637137053,-0.006382978723404209,1.9502897518338114,0.00432032486739189,0.0038391850620505185,0.0023168432742009856,-0.02953511653956655,0.005248223575276441,0.000822121415055199,0.0013889445663164343,-0.026518052892571232,2.553518314198209,-0.006764266874882321,-0.008714596949872082,0.0,0.0,0.31561467097286405,0.3519782711504353,-0.00219780219780219,-0.01098901098901095,-0.008810572687224627,0.02686298117405458,0.01807177238284582
2026-01-26,454.0,457.0,446.0,450.0,29200,-0.01098901098901095,-0.004424778761061954,-0.032258064516129004,-0.00881057268722467,0.02466367713004484,-0.002197802197802198,455.4,-0.011857707512051174,452.05,-0.004534896584438619,425.56666666666666,0.05741364454987696,454.4985730139159,447.3449137003982,7.153659313517721,9.024459161950281,-1.8707998484325596,14.247066058374662,51.28545126465135,31.57894736842105,39.69298245614036,-68.42105263157895,19.09143433513347,0.04242540963353566,472.9064138815858,431.1935861184142,9.227480978469552,0.4508544467030844,0.017398737005351942,0.023775810160653083,0.5788941535655518,0.2911237176099939,-0.2895377128953771,0.005404173584659944,0.011111111108864202,0.006637168141592875,0.8148133462857596,0.004444444442212259,0.0022172949002217113,0.7077575781606233,0.002222222219995018,-0.03837953091684432,1.427410241668484,0.03333333333103705,-0.004282655246252709,0.7275827204060189,-0.02236297010924242,-0.01922309834952543,0.01137395912023147,-0.013034966166603573,-0.01138068335373647,-0.012595330620942986,0.0003916723647255198,-0.019662733895186017,2.0592300597917825,0.012446434273975144,-0.008810572687205264,-0.008714596949872082,0.0,0.33023261176141894,0.34477802971878946,0.0,0.0022222222222221255,0.0022222222222221255,-0.0002322153067684193,0.0019900069154537062
2026-01-27,450.0,455.0,447.0,451.0,20000,0.0022222222222221255,-0.00879120879120876,-0.03837953091684432,0.0022222222222222222,0.017897091722595078,0.0,451.8,-0.0017706949999960475,453.25,-0.004964147823485976,425.5833333333333,0.05972195026185312,453.960331011775,447.615660833702,6.344670178072988,8.488501365174823,-2.143831187101835,13.505106931736151,51.67845094236111,24.242424242424242,34.440457203615104,-75.75757575757575,18.29918902548108,0.040574698504302675,470.6841618668638,435.8158381331362,7.69295614643742,0.4354715180121031,0.004265051898370346,0.019830457496797224,0.50503775157193,0.2292368704582445,-0.31506849315068497,-0.00047366324696151985,-0.0022172949024340527,-0.01098901098901095,0.7373551172950178,0.008869179598649968,0.006637168141592875,1.0378525794803162,0.002217294897999489,0.0022172949002217113,0.901492386555895,0.039911308201685314,0.008602150537634357,1.8736900583318603,0.004091665581676553,-0.0018221849976486333,-0.0018694433594544273,-0.03655734591919568,0.00011276802495389931,-0.00799328832055573,0.0021094541972682262,-0.03038624259628859,2.024219232043099,0.0019939550173509266,0.002222222222217284,-0.008810572687205264,0.0,0.32728309377525827,0.346230850052004,-0.0044345898004434225,-0.013303769401330379,-0.008908685968819552,0.01399428118568679,0.0051251015847998335
2026-01-28,449.0,450.0,444.0,445.0,25800,-0.013303769401330379,-0.011111111111111072,-0.013303769401330379,-0.008908685968819599,0.013513513513513514,-0.004434589800443459,450.6,-0.012427873948041679,453.35,-0.018418440500676314,425.5,0.04582843713032703,452.581818548425,447.4219081793537,5.159910369071326,7.8227831659541245,-2.662872796882798,12.59494133988614,49.118035528307686,3.125,19.64879053694844,-96.875,17.492104095089577,0.0393080990900006,470.5694657292266,436.13053427077347,7.5965438311355715,0.25754183865799074,0.008195317990460929,0.019850336036650516,0.8497743816079839,0.3259180657141774,0.29000000000000004,0.004534950582057551,0.01348314606513834,0.0022222222222221255,0.6587398307038635,0.011235955053907398,-0.01098901098901095,0.9617601528276407,0.022471910110061888,0.006637168141592875,1.3537103520964395,0.01348314606513834,-0.03837953091684432,2.3714633905339086,-0.007967867142654997,-0.005595441736783671,-0.0053359022586753815,-0.007708327664546708,-0.009104187280905071,-0.009947349122069276,-0.004199582120425307,-0.0033564202792611027,1.7620957207561994,0.002738680047315468,-0.008908685968799759,0.002222222222217284,0.0,0.3451790456014013,0.33741598510890475,0.0,0.006741573033707926,0.006741573033707926,0.004031869424233371,0.010773442457941297
2026-01-29,445.0,449.0,440.0,448.0,22200,0.006741573033707926,-0.006651884700665134,-0.008849557522123908,0.006741573033707865,0.020454545454545454,0.0,449.8,-0.004001778570466907,453.3,-0.011692036181311094,425.73333333333335,0.052301910426591824,451.8769233871289,447.46472979569785,4.412193591431048,7.140665251049509,-2.728471659618461,11.9363205520758,50.44019909765888,22.22222222222222,16.529882154882163,-77.77777777777777,16.885525231154606,0.037690904533743116,470.57541605866584,436.0245839413342,7.6220675308474855,0.34660282617791466,0.008261944430038694,0.019781476450240826,0.802574021185062,0.31144344215148495,-0.13953488372093026,0.003058467524046149,-0.0066964285736457185,-0.013303769401330379,0.9327211597556126,0.006696428569181512,0.0022222222222221255,0.7230396587252811,0.004464285712043603,-0.01098901098901095,1.0556379017389104,0.00892857142631942,0.0022172949002217113,1.2906257908246268,-0.0018902985003785436,-0.02386838838451131,0.008631871534086469,0.015018830862387401,-0.002288110331771933,-0.018012404708292195,0.009029683365479858,0.009162847186168287,1.7131868034952804,0.01066153345904081,0.006741573033692716,-0.008908685968799759,0.0,0.33617115020676913,0.34185293163718344,-0.006696428571428603,0.017857142857142794,0.024719101123595433,-0.013414919301844252,0.011138652126727145
2026-01-30,445.0,460.0,445.0,456.0,36200,0.017857142857142794,0.024719101123595433,0.00219780219780219,0.024719101123595506,0.033707865168539325,-0.006696428571428571,450.0,0.013333333331081443,453.3,0.005956320315451125,425.93333333333334,0.07059007669180484,452.51124286603215,448.0969720330536,4.414270832978559,6.59538636743532,-2.1811155344567608,11.643198599939828,53.88170098883949,44.44444444444444,23.263888888888896,-55.55555555555556,16.750844857500706,0.03673430889794731,470.57541605866584,436.0245839413342,7.6220675308474855,0.5781457300603071,0.008907936847171493,0.019434433003746133,1.3567707357295453,0.5247061210882579,0.6306306306306306,0.0025177262994802163,-0.01754385965127725,0.006741573033707926,0.832052771635246,-0.024122807019683945,-0.013303769401330379,0.9669802481166373,-0.010964912282870665,0.0022222222222221255,0.7495970915632847,-0.0021929824583285518,0.006637168141592875,1.54042202316255,0.008021603036361489,-0.020087657407994383,0.009835539820781305,0.022285459605796573,0.003921633482530008,-0.019206121749839735,0.013935509374612786,0.021403923947641925,1.7180575588064644,0.011119550809613594,0.024719101123539956,0.006741573033692716,0.0,0.312729551080386,0.353399371432997,-0.013157894736842146,-0.028508771929824595,-0.015555555555555545,-0.00711616110015304,-0.02246703829313549
2026-02-02,450.0,457.0,442.0,443.0,34700,-0.028508771929824595,-0.011160714285714302,-0.015555555555555545,-0.015555555555555555,0.033936651583710405,-0.013157894736842105,448.6,-0.012483281321862494,453.25,-0.022614451188036178,425.9,0.040150270013993516,451.04797473279643,447.7194185491237,3.328556183672731,5.942020330682802,-2.6134641470100712,11.13333300404686,48.04335490817844,8.333333333333334,25.00000000000001,-91.66666666666667,16.62578451053637,0.037529987608349524,470.63821439941455,435.86178560058545,7.672681477954573,0.20526013296842285,0.01157641661844834,0.02013536292909078,1.2490551096072855,0.5365619829599048,-0.04143646408839774,0.001932023011581352,0.029345372458173147,0.017857142857142794,1.3030488463338252,0.011286681713292834,0.006741573033707926,0.7991073035527879,0.004514672683962662,-0.013303769401330379,0.9286922716964832,0.0158013543995128,-0.01098901098901095,1.0510780749433066,-0.005626538822310555,-0.003610961842366638,-0.02288223310751404,-0.011944593713188907,-0.0035166072322316737,-0.011217164873554354,-0.02499216469759292,-0.004338390682001191,1.734334112045628,-0.02240980004829884,-0.015555555555520987,0.024719101123539956,0.0,0.3512520886966535,0.3344246351545499,0.0022573363431150906,0.009029345372460584,0.006756756756756799,-0.01977737719491761,-0.013005368165572115
2026-02-03,444.0,451.0,442.0,447.0,15100,0.009029345372460584,-0.019736842105263164,-0.008869179600886956,0.006756756756756757,0.020361990950226245,0.002257336343115124,447.8,-0.0017865118378700418,453.7,-0.014767467491701991,425.53333333333336,0.05044649850920302,450.4252093892893,447.66612828622567,2.759081103063636,5.30543248515897,-2.5463513820953336,10.659886379289103,49.844178646616015,19.444444444444443,24.074074074074087,-80.55555555555556,16.08108561692663,0.03597558303554956,469.9123409784031,437.48765902159687,7.146722935156764,0.2933672870276651,0.01111836567316684,0.018605716868487072,0.5634118129920526,0.25647122766492286,-0.5648414985590778,0.0014001227799975702,-0.008948545863514679,-0.028508771929824595,1.2947278086638558,0.02013422818563737,0.017857142857142794,1.350695869557106,0.002237136463082212,0.006741573033707926,0.8283273012201037,0.008948545859040369,0.0022222222222221255,0.7462408119100034,0.027953538738644642,0.020114929493679507,-0.018924193366184058,-0.028984109094566463,0.012704999218427987,0.0006558638693224594,-0.003675653845967403,-0.009525043470209415,1.714158470116305,-0.012749036650628785,0.006756756756741539,-0.015555555555520987,0.0,0.3391603474108045,0.3403805668310059,0.01118568232662187,0.02684563758389258,0.015486725663716783,0.006894241172260526,0.022554196429531236
2026-02-04,452.0,461.0,446.0,459.0,37200,0.02684563758389258,0.03611738148984189,0.03146067415730336,0.015486725663716814,0.033632286995515695,0.011185682326621925,450.6,0.01864181091651429,454.6,0.009678838537154233,425.68333333333334,0.07826631689970265,451.74440794478323,448.5056743390978,3.238733605685411,4.892092709264258,-1.6533591035788469,10.947247005528926,54.89498665384995,52.77777777777778,26.851851851851862,-47.22222222222222,16.003865215717585,0.03486680874876409,469.8630272226715,439.3369727773285,6.714926186833038,0.6441391650492596,0.01450070700850471,0.017058317557421834,1.279185722636773,0.6578133012678821,1.4635761589403975,0.008208141180028328,-0.026143790851794857,0.009029345372460584,0.5192393659090128,-0.034858387801666946,-0.028508771929824595,1.193218940201506,-0.006535947714582657,0.017857142857142794,1.2447990096626664,-0.0305010893267309,-0.013303769401330379,0.8871771947319556,0.00699913618021842,0.03577287126850919,0.01984650140367416,-0.004312197111205833,0.0025035264995483014,0.012670138123881477,0.024342111084344278,0.01879053603342188,1.8539045382566912,0.022204338444734094,0.015486725663682551,0.006756756756741539,0.0,0.304149619373997,0.3576255193321185,0.002178649237472685,0.019607843137254832,0.017391304347825987,-0.008731010819028648,0.0086981830807535
2026-02-05,460.0,479.0,459.0,468.0,59900,0.019607843137254832,0.046979865771812124,0.044642857142857206,0.017391304347826087,0.04357298474945534,0.002178649237472767,454.6,0.029476462822196403,455.2,0.02811950790635298,425.9,0.09884949518408348,454.2452682609704,449.9496984621276,4.295569798842791,4.772788127179965,-0.47721832833717315,12.257545307725351,58.28771755798169,71.7948717948718,48.005698005698015,-28.205128205128204,16.2893034145949,0.03480620387726516,471.54135857265277,438.8586414273472,7.179858775330747,0.8916443037184428,0.021185118902426324,0.017912265105947758,1.6356735206575461,1.1146052362256005,0.6102150537634408,0.012250439054873885,-0.01923076923286482,0.02684563758389258,1.0158106004751373,-0.044871794873835746,0.009029345372460584,0.4123317222358756,-0.053418803420826055,-0.028508771929824595,0.9475437590453565,-0.04273504273708817,0.006741573033707926,0.6062095518964529,0.0018045348907002041,0.03752498366081799,0.017803308246554628,0.007117873482039218,0.005884693538082695,0.020668421663172662,0.013723149599172138,0.023974435479684544,1.7956828895453896,0.009040799640701418,0.01739130434778828,0.015486725663682551,0.0,0.2790698190014737,0.3699788747295514,-0.008547008547008517,-0.012820512820512775,-0.004310344827586188,-0.00916876315147762,-0.013442267424981879
2026-02-06,464.0,477.0,460.0,462.0,64800,-0.012820512820512775,0.006535947712418277,0.013157894736842035,-0.004310344827586207,0.03695652173913044,-0.008547008547008548,455.8,0.013602457215854402,455.55,0.014158709250325696,426.1166666666667,0.0842101145983083,455.43830391312883,450.8423133908589,4.595990522269915,4.7374286061979545,-0.14143808392803958,13.474250874050608,55.30128151182625,56.41025641025641,60.327635327635335,-43.58974358974359,16.34006745640955,0.035368111377433294,472.1569262658691,438.9430737341309,7.290934591535114,0.6941960811031046,0.02267051250692331,0.018439769311059732,1.5304314966580856,1.2865822181630464,0.08180300500834714,0.0013630265629192007,0.012987012984820412,0.019607843137254832,1.4147044236083228,-0.006493506495656942,0.02684563758389258,0.8785810443777898,-0.032467532469626637,0.009029345372460584,0.3566283271533502,-0.012987012989149394,0.017857142857142794,0.8549632743676342,0.008049180263792624,0.03424212272681492,-0.020869693084305398,-0.021084227989972885,0.000346249668072803,0.016993516768647528,-0.013166762488585579,-0.0038356220318054926,1.8120783072892492,-0.013447944332933604,-0.004310344827576917,0.01739130434778828,0.0,0.2956811153521062,0.36179678219358924,0.017316017316017396,0.030303030303030276,0.012765957446808418,0.0008565276577734704,0.01384354064478635
2026-02-09,470.0,482.0,462.0,476.0,87300,0.030303030303030276,0.017094017094017033,0.0744920993227991,0.01276595744680851,0.04329004329004329,0.017316017316017316,462.4,0.02941176470365625,456.9,0.04180345808482877,427.55,0.11332007952025891,458.6016417726475,452.70584573227677,5.895796040370726,4.969102093032509,0.926693947338217,14.868083806105101,60.39970659136479,85.71428571428571,71.30647130647132,-14.285714285714286,16.601491209523154,0.034877082372874534,475.4353715905567,438.36462840944324,8.113535386542672,1.0152311057451622,0.022655982713470232,0.019975724789627548,1.6515011066759993,1.6848077813802687,0.3472222222222223,0.014510707976041815,-0.029411764707921395,-0.012820512820512775,1.225856491553319,-0.01680672269114114,0.019607843137254832,1.1331605531488242,-0.03571428571631152,0.02684563758389258,0.7037324303361646,-0.06932773109439216,-0.028508771929824595,0.6564385842114224,0.021580362164559247,0.06434800153034534,0.00872266813847103,0.01014409779245376,0.009083211024619706,0.030044416652313253,0.02121981927841057,0.04444768267048585,2.0511849057657314,0.011671684953445453,0.01276595744678135,-0.004310344827576917,0.0,0.2575728472535949,0.38056746507020894,0.0,0.02941176470588225,0.02941176470588225,-0.029672654522356654,-0.0002608898164744057
2026-02-10,476.0,490.0,467.0,490.0,70200,0.02941176470588225,0.06060606060606055,0.09619686800894844,0.029411764705882353,0.04925053533190578,0.0,471.0,0.04033970275787624,458.7,0.06823632003255242,429.45,0.14099429502586802,463.4321584230094,455.4683756780341,7.963782744975333,5.568038223421074,2.395744521554259,16.557896165367186,64.73189892829143,100.0,80.7081807081807,-0.0,17.05852755170007,0.03481332153401073,482.11025416350753,435.28974583649244,10.207217860696554,1.1685104694162438,0.025407958363190413,0.024508585702572507,1.0989183012163242,1.3390302521649564,-0.19587628865979378,0.02041321158541165,-0.028571428573411106,0.030303030303030276,1.366603528435685,-0.05714285714478129,-0.012820512820512775,1.0143861241996839,-0.04489795918562267,0.019607843137254832,0.9376810006105102,-0.087755102042678,0.009029345372460584,0.23637701350949422,0.01843272740537346,0.053193699705797196,0.010979037300508789,0.04300316830315125,0.014466104171763835,0.031070563395441883,0.014945660534118414,0.06512630461350656,2.053591286784707,-0.0002957007749718639,0.029411764705820565,0.01276595744678135,0.0,0.22164219447499411,0.3982655374967383,-0.02857142857142858,-0.03469387755102038,-0.006302521008403339,-0.044610410554181607,-0.050732859533773406
2026-02-12,476.0,485.0,470.0,473.0,49000,-0.03469387755102038,-0.006302521008403339,0.030501089324618702,-0.0063025210084033615,0.031914893617021274,-0.02857142857142857,473.8,-0.0016884761523814351,459.85,0.028596281393870493,431.1166666666667,0.09715080990969849,464.9041340502387,456.7670145166982,8.137119533540499,6.08185448544496,2.0552650480955394,18.127007641824836,56.6304139456631,66.0,83.90476190476191,-34.0,17.268632726578637,0.036508737265416764,483.6934477372721,436.00655226272795,10.370097961192593,0.7757570999147891,0.02219369720419934,0.025859261329242256,0.7397231321990912,0.9540312688615876,-0.301994301994302,0.011097899326198979,0.035940803380473785,0.02941176470588225,1.059766609803596,0.006342494712460178,0.030303030303030276,1.3179148865506258,-0.023255813955553317,-0.012820512820512775,0.9782461013571655,-0.029598308670127693,0.02684563758389258,0.5615857248531876,0.014140752005156748,0.056748648015029726,-0.04883462955617713,-0.026247558690411024,0.007810211353138893,0.03595147340139671,-0.04250408890415927,-0.00545038407677801,1.8000390372416244,-0.048752562875778116,-0.006302521008390121,0.029411764705820565,0.0,0.265548996390493,0.3766387174913814,0.031712473572938604,-0.038054968287526414,-0.06762295081967218,0.0607297734871906,-0.009037668373274417
2026-02-13,488.0,488.0,455.0,455.0,61800,-0.038054968287526414,-0.0714285714285714,-0.02777777777777779,-0.06762295081967214,0.07252747252747253,0.03171247357293869,471.2,-0.03438030560476568,459.1,-0.008930516229560204,432.4,0.052266419979065226,463.38042111943275,456.63612455249836,6.744296566934395,6.214342901742847,0.529953665191548,18.076854058560233,49.55799072894323,30.0,65.33333333333333,-70.0,18.39230181753731,0.04042264135713602,482.5597527693713,435.64024723062875,10.219887941351026,0.412616299917855,0.029625525797305582,0.02644966866658435,0.9276354302697347,1.2684468709591348,0.2612244897959184,-0.00192655667908459,0.0395604395581548,-0.03469387755102038,0.73550382011678,0.0769230769207101,0.02941176470588225,1.0537217994326114,0.04615384615154694,0.030303030303030276,1.3103976223713243,0.028571428569168056,0.019607843137254832,0.8991158943876555,-0.018244107809797683,0.03810272004236168,-0.01981086047772873,-0.06588049782013947,-0.01612037256631836,0.013623063117417721,-0.021934595721208053,-0.04140084089519551,1.6888323679142503,-0.010830361314691058,-0.06762295081953357,-0.006302521008390121,0.0,0.31561467097286405,0.3519782711504353,0.0,0.11208791208791213,0.11208791208791213,-0.006488675182580755,0.10559923690533138
2026-02-16,455.0,512.0,455.0,506.0,183000,0.11208791208791213,0.06976744186046502,0.09523809523809534,0.11208791208791209,0.12527472527472527,0.0,480.0,0.05416666666447045,461.05,0.09749484871250957,434.55,0.164422966284284,469.9372794087508,460.29270791897994,9.64457148977084,6.900388619348446,2.744182870422394,19.256513431321302,63.47604808073295,91.66666666666667,62.555555555555564,-8.333333333333334,21.149994544856074,0.04179840819133256,492.07563456240706,430.02436543759296,13.458685419111612,1.2244009773528488,0.03783436703367331,0.03145417926943843,2.027453717552431,3.465515282354278,1.9611650485436893,0.02461897922874101,-0.1007905138357692,-0.038054968287526414,0.6846810915013128,-0.0652173913061952,-0.03469387755102038,0.5428701210932739,-0.031620553361597525,0.02941176470588225,0.7777445408315884,-0.08695652174093482,-0.012820512820512775,0.717918037690697,0.013151623811137924,0.043512524749122615,0.09893628827677421,0.05172557048897273,0.003842107307899617,0.01665984183644315,0.10824580478001251,0.0785782534016522,1.9596278883434581,0.10455881145734384,0.11208791208766575,-0.06762295081953357,1.0,0.18301319227823268,0.4172927141766457,0.05731225296442677,0.11660079051383399,0.05607476635514019,0.05562071237742981,0.11490924992683703
2026-02-17,535.0,606.0,535.0,565.0,1627200,0.11660079051383399,0.2417582417582418,0.1869747899159664,0.056074766355140186,0.13271028037383178,0.05731225296442688,497.8,0.13499397348104658,466.05,0.21231627507518014,437.8833333333333,0.2902980245850335,484.5623133458661,468.0488036286851,16.513509717180966,8.82301283891495,7.690496878266016,22.53470316672098,72.81954562187113,75.3012048192771,65.65595716198128,-24.698795180722893,26.78213779165207,0.04740201379045074,521.0098944686035,411.09010553139643,23.58540691711342,1.4002018740822575,0.07451936998155054,0.04990058580316112,4.085968044475582,12.296438476245173,7.891803278688524,0.18790549508893029,-0.104424778762647,0.11208791208791213,0.4595207424649898,-0.19469026548815094,-0.038054968287526414,0.15518241466850474,-0.1628318584085613,-0.03469387755102038,0.12304107311904099,-0.1575221238952964,0.030303030303030276,0.21921399353657708,0.006086375310026505,0.02857372191545094,0.11051441520380748,0.15840106800051545,0.0008631947917555264,0.007643187961669177,0.11573759572207847,0.1793316019542972,1.9643223624974948,0.11490519768119724,0.056074766355035374,0.11208791208766575,1.0,0.07256637168128749,0.4781417935811007,0.001769911504424737,0.012389380530973382,0.010600706713780994,-0.012945850649254917,-0.0023263816227062726
2026-02-18,566.0,589.0,544.0,572.0,428300,0.012389380530973382,0.13043478260869557,0.1673469387755102,0.01060070671378092,0.08272058823529412,0.0017699115044247787,514.2,0.11240762349064082,471.2,0.21392190152543744,441.4,0.2958767557741373,498.0142651388098,475.7488922487825,22.265372890027265,11.511484849137414,10.753888040889851,25.57873649244925,73.67984741414645,79.51807228915662,82.16198125836681,-20.481927710843372,28.083413663676918,0.049096877034314375,543.0181035672765,399.38189643272347,30.48306603025319,1.2017729165291473,0.09247078461389714,0.06440893317107209,0.9115461806789668,2.8546482177610706,-0.7367871189773845,0.22425877715357778,-0.012237762239489025,0.11660079051383399,3.4631518683185027,-0.11538461538616185,0.11208791208791213,0.38947688784555434,-0.20454545454684514,-0.038054968287526414,0.13152826048554786,-0.14335664335814102,0.02941176470588225,0.14940588812436018,0.011310044040856818,0.022134508850827534,0.0010793364901165638,0.14521242992468267,0.007491520961442204,0.0016951505307325812,0.0048978595695311775,0.16565178824477764,1.956393286769058,-0.002266980785681827,0.01060070671376219,0.056074766355035374,0.0,0.05944055944045552,0.48452817023306904,-0.0174825174825175,-0.04020979020979021,-0.02313167259786475,-0.026955025321255953,-0.04968229804852866
2026-02-19,562.0,568.0,545.0,549.0,134400,-0.04020979020979021,-0.02831858407079646,0.16067653276955607,-0.023131672597864767,0.04220183486238532,-0.017482517482517484,529.4,0.03702304495459585,476.1,0.1531190926251773,444.48333333333335,0.23514192507877651,505.85822434822364,481.1749002303542,24.68332411786946,14.145852702883824,10.537471414985637,28.405338866339783,66.25900046506524,65.2439024390244,73.35439318248605,-34.75609756097561,28.006026973414283,0.05101279958718264,554.7813828043209,397.41861719567925,33.052460745356356,0.9632607956401894,0.08899818596218294,0.07352039660219599,0.27600879778042925,0.8775366293191256,-0.6862012607985057,0.21637513640649675,0.04189435336786551,0.012389380530973382,0.8795726792362936,0.02914389799448247,0.11660079051383399,3.3416779445559115,-0.07832422586688825,0.11208791208791213,0.3758155505492452,-0.13843351548426508,-0.03469387755102038,0.10062820752411483,0.0077757483710971485,0.023002065260826085,-0.04798553858088736,0.13767446750872997,0.0048418218886766345,-6.473522103567632e-05,-0.045051612098466844,0.16074126799059174,1.5519778585209125,-0.04772419057591825,-0.02313167259782361,0.01060070671376219,0.0,0.10382513661183275,0.46293281124469415,-0.014571948998178486,-0.032786885245901676,-0.01848428835489835,-0.001808178761651581,-0.020023115009374773
2026-02-20,541.0,546.0,520.0,531.0,141200,-0.032786885245901676,-0.07167832167832167,0.1670329670329671,-0.018484288354898338,0.05,-0.014571948998178506,544.6,-0.02497245685085392,480.05,0.10613477762502632,447.21666666666664,0.18734394215811734,509.7261898331123,484.86564836143907,24.86054147167323,16.288790456641706,8.571751015031523,29.445239993761295,61.074641816895486,54.26829268292683,66.34342247036928,-45.73170731707317,28.077025046741834,0.05287575338359503,561.382588794407,398.7174112055931,33.885048971734996,0.8132200803837175,0.05036740679439954,0.07857389399430122,0.280815638169448,0.8912397194993404,0.05059523809523814,0.2093335750621208,0.033898305082798785,-0.04020979020979021,0.26729193888083436,0.07721280602433667,0.012389380530973382,0.8517941772519445,0.06403013182473827,0.11660079051383399,3.2361416885929586,-0.14312617702609576,-0.038054968287526414,0.12290656118181222,-0.004305115127949548,0.0351079652836568,-0.028481770117952127,0.13192500174931032,-0.008224196090459183,0.007333002142681905,-0.02456268915544249,0.1596999648902852,1.832168636981199,-0.01771877110457897,-0.01848428835486417,-0.02313167259782361,0.0,0.14124293785284137,0.44472714382929435,0.0,0.04519774011299438,0.04519774011299438,-0.002812743742036989,0.04238499637095739
