date,open,high,low,close,volume,return_1d,return_2d,return_5d,open_close_ratio,high_low_ratio,gap_ratio,sma_5,close_sma5_ratio,sma_20,close_sma20_ratio,sma_60,close_sma60_ratio,ema_12,ema_26,macd,macd_signal,macd_hist,adx,rsi,stoch_k,stoch_d,willr,atr,atr_ratio,bb_upper,bb_lower,bb_width,bb_position,std_5,std_20,volume_ratio_5,volume_ratio_20,volume_change,obv_change,close_lag1_ratio,return_lag1,volume_lag1_ratio,close_lag2_ratio,return_lag2,volume_lag2_ratio,close_lag3_ratio,return_lag3,volume_lag3_ratio,close_lag5_ratio,return_lag5,volume_lag5_ratio,sector_return_1d,sector_return_5d,rel_return_1d,rel_return_5d,mkt_return_1d,mkt_return_5d,rel_to_mkt_1d,rel_to_mkt_5d,beta_20d,alpha_1d,intraday_return,intraday_return_lag1,vol_spike_flag,dist_running_high,dist_running_low,target_open_return,target_close_return,target_intraday_return,target_alpha_open,target_alpha_close
2025-05-23,2535.784409602156,2551.1018914216543,2517.502253882109,2518.490478515625,470900,-0.0019581121318392736,-0.016402919706358876,-0.02431084758298918,-0.006819953234606457,0.01334641805691852,0.004895226317324106,2542.109033203125,-0.009290929059297848,2596.3625732421874,-0.029992765852532743,2576.4238240559894,-0.022485953203979836,2567.7277387343784,2577.6523399801363,-9.924601245757913,3.5050999833233725,-13.429701229081285,14.99229730733624,40.89520294252769,3.098568669904468,9.103513825700311,-96.90143133009552,46.050182754921984,0.018284834962745324,2689.214906534301,2503.510239950074,7.152493588456328,0.08066700121807027,0.009964810646395568,0.018913012518993952,0.8812724458725795,0.838600184139433,-0.15275278877293985,-0.3631630851088228,0.001961953857091858,-0.014473147620461035,1.0401597481757903,0.016676462379356494,0.011319255163406705,1.018263618176408,0.005297246333042738,-0.017261167012918466,1.3480155930389022,0.024916591029395363,0.004036079230264722,0.9035428686924641,0.0018705764950593363,-0.003413331419624485,-0.0038286886268986096,-0.020897516163364695,0.0007983953810011218,-2.4047437238796146e-05,-0.002756507512840395,-0.024286800145750385,0.8384766803781188,-0.0026275480405303178,-0.006819953234603767,-0.008349514563103533,0.0,0.06749071350421565,0.07730041852733802,0.0001961825949396978,-0.00019620507967588185,-0.0003923107100823886,-0.0048372169240541866,-0.005229604598669766
2025-05-26,2518.984562513031,2536.77260571634,2517.996337890625,2517.996337890625,373200,-0.00019620507967588185,-0.002153933019968357,-0.02263134787284682,-0.0003923107100823841,0.0074568288854002926,0.00019618259493967173,2530.447998046875,-0.004920733469668592,2589.2720581054687,-0.027527319886179735,2576.4747802734373,-0.022697075411537093,2560.0767539891854,2573.233376862395,-13.156622873209471,0.17275541201680383,-13.329378285226275,15.509024168284252,40.83310420730385,2.8168624607438684,3.943640903083041,-97.18313753925612,44.10204597426434,0.017514737932935984,2683.3128875871025,2495.231228623835,7.263881691168607,0.12103843294595898,0.007025277013311052,0.019158855358200375,0.7003702654163093,0.675694025756761,-0.20747504778084525,-0.396034877000779,0.00019624358326653102,-0.0019581121318392736,0.8837201446531084,0.0021585824616114913,-0.014473147620461035,1.0430487500492625,0.016875978611760267,0.011319255163406705,1.0210918044292976,0.023155385455830402,-0.0019142570962954464,0.7142575643554323,0.0043313927535197465,0.0005604175156469621,-0.004527597833195628,-0.023191765388493782,0.0060030286313079405,0.0028202963922217108,-0.006199233710983822,-0.02545164426506853,0.7103875216452956,-0.004460681711436481,-0.00039231071008222836,-0.006819953234603767,0.0,0.06770020170736148,0.0771193446548248,0.00039249136309460475,0.0021585824620096172,0.0017653981953709152,-0.003945678708208215,-0.002179587609293203
2025-05-27,2518.984629705551,2535.78444873458,2518.984629705551,2523.431640625,335000,0.0021585824620096172,0.001961953857489762,-0.003317717707987944,0.001765398195370809,0.006669282071400673,0.0003924913630946447,2528.768017578125,-0.0021102674966736457,2586.480322265625,-0.02437624639895708,2576.5268310546876,-0.020607272468780247,2554.439044240849,2569.5443593633286,-15.105315122479624,-2.882858694882482,-12.222456427597141,15.98884196773598,41.87855749601648,5.9154915786008,3.943640903083041,-94.08450842139919,42.22247917924226,0.0167321668237337,2684.762933948274,2488.197710582976,7.599718492855844,0.17924803502268052,0.00710251497224714,0.01997990164452692,0.7349698662354843,0.6099881462005022,-0.102357984994641,-0.15978400932686998,-0.0021539330203637075,-0.00019620507967588185,0.8187783703853216,-0.001958112132234846,-0.0019581121318392736,1.033126298538178,-3.9623859748871837e-13,-0.014473147620461035,1.219391795981141,0.003328761598893948,-0.017261167012918466,1.580294909401252,0.00154962292229599,0.004700192273549046,0.0006089595397136272,-0.00801790998153699,0.0061067655879644194,0.011132302264915952,-0.003948183125954802,-0.014450019972903896,0.33465308517807946,0.0001149345175379961,0.0017653981953701082,-0.00039231071008222836,0.0,0.06540044698747807,0.07910716777186197,0.012335993776415588,-0.0019581121318392736,-0.014119922630560944,0.011773075609293436,-0.0025210302989614256
2025-05-28,2554.5606776389604,2558.5135761730244,2518.490478515625,2518.490478515625,591100,-0.0019581121318392736,0.00019624358366376882,-0.016402919706358876,-0.014119922630560939,0.015891701000588503,0.012335993776415694,2520.368115234375,-0.0007449851108654038,2583.93564453125,-0.025327707427663992,2575.9839721679687,-0.022319041684461416,2548.9084956677375,2565.7625904116467,-16.854094743909172,-5.677105904687821,-11.176988839221352,15.624107598885947,41.166427827969606,3.098568669904468,3.943640903083041,-96.90143133009552,42.065380499110624,0.016702616451377997,2686.403382726075,2481.467906336425,7.931137016642964,0.1806547740363301,0.0011133136264853067,0.020871566136898865,1.270633554098121,1.0511228752149457,0.7644776119402985,-0.4353884579992112,0.001961953857091858,0.0021585824620096172,0.7201188303550509,-0.00019620508007278659,-0.00019620507967588185,0.8022338731000148,-3.97015753605956e-13,-0.0019581121318392736,1.0122506185498312,0.016676462379356494,0.011319255163406705,1.1696019570035319,0.0012131358294191837,0.006494697599890437,-0.0031712479612584572,-0.022897617306249313,0.001682094658779571,0.013119171887943433,-0.0036402067906188447,-0.02952209159430231,0.3973339970452186,-0.0026264655260205736,-0.01411992263055541,0.0017653981953701082,0.0,0.06749071350421565,0.07730041852733802,0.0005885632747175684,0.0013733386184622276,0.0007843137254901489,-0.0010006962758861322,-0.00021592093214147304
2025-05-29,2519.972769519005,2532.819689520474,2512.066972595024,2521.94921875,425200,0.0013733386184622276,-0.0005874626643870284,-0.0005874626643870284,0.000784313725490101,0.00826121164437441,0.0005885632747174769,2520.071630859375,0.0007450533812738414,2580.8968505859375,-0.022839979762667273,2575.759102376302,-0.02089088361471303,2544.76091460347,2562.5171554737467,-17.756240870276542,-8.092932897805566,-9.663307972470976,15.460293091161933,41.91104738418389,5.899700369717231,4.9712535394074955,-94.10029963028276,40.54304738670633,0.01607607603089857,2686.872652577121,2474.921048594754,8.21232370965339,0.2218816431281092,0.0009737325274887199,0.021556516261192767,0.9683862430849889,0.7515275345054006,-0.28066317036034516,-0.20783939403270002,-0.0013714551465425773,-0.0019581121318392736,1.346220856743972,0.0005878079792320801,0.0021585824620096172,0.7629571764663012,-0.0015673911397521278,-0.00019620507967588185,0.8499570694245481,0.0005878079792320801,-0.014473147620461035,1.2658256677014037,0.0026500146225362955,0.01155258926263613,-0.001276676004074068,-0.012140051927023159,0.0039998076238687294,0.01783051247447734,-0.002626469005406502,-0.018417975138864368,0.33634507630208166,2.8023018018451815e-05,0.0007843137254897897,-0.01411992263055541,0.0,0.06602669787171721,0.07856585961669547,-0.005485882252393326,0.00019593599320955057,0.005713159968479209,-0.006874208161845796,-0.0011923899162429193
2025-05-30,2508.114102289422,2533.313830267507,2505.1494284096475,2522.443359375,481000,0.00019593599320955057,0.0015695436981379984,0.0015695436981379984,0.005713159968479118,0.011242603550295683,-0.005485882252393336,2520.86220703125,0.000627226802932368,2578.4015869140626,-0.021702681158761616,2574.5661743164064,-0.020245280724324632,2541.327444568321,2559.5487261330986,-18.221281564777655,-10.118602631199984,-8.102678933577671,15.499321288574292,42.02394251121997,11.041002563347401,6.6797572009896955,-88.9589974366526,39.658858420360126,0.015722397996746657,2687.372743492465,2469.4304303356603,8.452613210560694,0.2432429401682917,0.0009735417756139839,0.022161458499266373,1.0904532068619206,0.8627864594544176,0.1312323612417685,0.09971910112359561,-0.00019589761021321372,0.0013733386184622276,0.9639515666480013,-0.0015670840915741335,-0.0019581121318392736,1.3400559055635783,0.00039179521923715654,0.0021585824620096172,0.7594632521803396,-0.0015670840915741335,-0.0019581121318392736,1.0675559565723043,0.0020334892248581827,0.011714483022353967,-0.0018375532316486322,-0.010144939324215969,0.004127683166099249,0.021594562212770178,-0.003931747172889698,-0.02002501851463218,0.37785647699337027,-0.001363735826077552,0.005713159968476839,0.0007843137254897897,0.0,0.06581786578960325,0.07874636636240015,-0.005680695434624794,-0.004897149883351881,0.0007880220646176994,-0.005459174616692615,-0.004675629065419702
2025-06-02,2508.1141268992988,2515.0316993533156,2500.7024421271376,2510.090576171875,438800,-0.004897149883351881,-0.004702173418068556,-0.0031397034220362885,0.0007880220646177961,0.005730092867022323,-0.005680695434624816,2519.2810546875,-0.0036480560592955236,2573.139294433594,-0.024502644842852472,2573.4927978515625,-0.024636642361538064,2536.5217725073294,2555.885159469304,-19.36338696197481,-11.96755949735495,-7.395827464619861,15.661120773008834,39.93450723273009,6.985301988020095,7.975334973694905,-93.0146980119799,38.37900547946743,0.015289888677237993,2684.604035274496,2461.674553592692,8.6637160360522,0.21718088704072386,0.002176953828382312,0.02278013634430518,0.9660495661803395,0.8122676855183852,-0.08773388773388768,0.087909801963721,0.0049212499817274935,0.00019593599320955057,1.0589558827090777,0.004724388310801908,0.0013733386184622276,0.9361081940288978,0.003346453877994149,-0.0019581121318392736,1.3013489028468521,0.0031495922070683413,-0.00019620507967588185,0.8216264769792678,-0.002498471236451877,0.00487220326055176,-0.002398678646900004,-0.008011906682588048,-0.0005862565058956649,0.014833262196323858,-0.004310893377456216,-0.01797296561836015,0.8676405425112119,-0.004388489970525839,0.0007880220646174819,0.005713159968476839,0.0,0.07106302194256973,0.07421264693432775,-0.00196850253016434,-0.008464565531447255,-0.00650887573964487,-0.0021213642600993775,-0.008617427261382293
2025-06-03,2505.149456521739,2510.090579710145,2488.84375,2488.84375,603800,-0.008464565531447255,-0.013320263168694169,-0.013706688173424575,-0.006508875739644923,0.00853682747667265,-0.0019685025301643343,2512.3634765625,-0.009361593886753727,2565.3076171875,-0.029806899833830447,2571.8863240559895,-0.03228858650564115,2529.1866921215865,2550.9191291382444,-21.73243701665797,-13.920535001215553,-7.811902015442415,16.144383372480327,36.56680933718254,0.0,6.008768183789161,-100.0,37.15527863880154,0.014928730917232796,2677.3506369438596,2453.2645974311404,8.735250229303812,0.1587745164590681,0.005644348903044525,0.023093798630835723,1.1886271336920082,1.1230855650582374,0.37602552415679136,-0.265646680785803,0.008536826054615254,-0.004897149883351881,0.8638118354820358,0.013500087891811896,0.00019593599320955057,0.9468858087211923,0.013301545647044666,0.0013733386184622276,0.8370391805992744,0.013897172381346135,0.0021585824620096172,0.6594734842444895,0.001357278975340741,0.0047339164504031075,-0.009821844506787995,-0.018440604623827683,0.00017618094411841326,0.008776935519639803,-0.008640746475565668,-0.022483623693064378,1.1661066120100783,-0.008670011295293914,-0.006508875739642326,0.0007880220646174819,0.0,0.08020650065485442,0.0663093613372714,0.0001985552428105386,-0.008139741565486025,-0.008336641524414379,-0.0047545814556518955,-0.013092878263948459
2025-06-04,2489.3379229750985,2497.7378326000644,2465.1264187619627,2468.585205078125,723900,-0.008139741565486025,-0.016535407721043116,-0.01981554977603639,-0.008336641524414334,0.013229104028863497,0.00019855524281045604,2502.382421875,-0.01350601590804723,2555.8947875976564,-0.03416008473594545,2569.8689819335937,-0.039412039122797005,2519.8633864225926,2544.820319948606,-24.956933526013472,-16.127814706175137,-8.829118819838335,17.19610475868753,33.65271398974991,2.527076580047035,3.1707928560223717,-97.47292341995296,36.83071686732298,0.014919767319168734,2667.2257205103583,2444.5638546849545,8.711699202402956,0.10788264215843028,0.009435787577060586,0.023135342229804748,1.3542459792607116,1.363299942936886,0.19890692282212652,-0.40060535506402795,0.008206540685406827,-0.008464565531447255,1.1295672361895532,0.01681342455077206,-0.004897149883351881,0.8208911945014508,0.021817417598169797,0.00019593599320955057,0.8998374306180442,0.020216143778962747,-0.0019581121318392736,1.1058085347990145,0.0031460636029425914,0.006731193004247935,-0.011285805168428616,-0.026546742780284325,0.004247584781227213,0.011498350858731774,-0.012387326346713239,-0.03131390063476816,1.038009596237473,-0.012548775329232119,-0.008336641524410984,-0.006508875739642326,0.0,0.08907125925155691,0.05864699112312408,0.006405115501657788,-0.00360289081796894,-0.00994431185361977,0.008488734680231032,-0.0015192716393956952
2025-06-05,2484.396778442334,2499.220148242109,2459.691162109375,2459.691162109375,759300,-0.00360289081796894,-0.011713305783307981,-0.024686483049600416,-0.009944311853619792,0.016070711128967522,0.00640511550165777,2489.930810546875,-0.012144774589879503,2546.5066528320312,-0.03409199446900035,2567.89052734375,-0.042135505420963226,2510.606121143636,2538.514456404959,-27.908335261323373,-18.483918817204785,-9.424416444118588,18.30185321118015,32.430774585976394,0.0,0.8423588600156736,-100.0,37.02345038628092,0.015052072779135168,2657.034672735153,2435.9786329289095,8.68075642215196,0.10726931144360322,0.010822949907298068,0.02305154351616748,1.2626359208528655,1.408965570990117,0.048901782014090234,-0.7948070120884674,0.0036159185774033986,-0.008139741565486025,1.203769449631752,0.011852133446140778,-0.008464565531447255,1.0040558000934547,0.020490139102771865,-0.004897149883351881,0.7296781799950446,0.025311330787646025,0.0013733386184622276,0.7070628125202665,0.003312587161788819,0.007363954764432882,-0.006915477979757759,-0.0320504378140333,-0.0020073216915583894,0.005217351942634593,-0.0015955691264105507,-0.02990383499223501,0.9634078615408429,-0.0016690213196801247,-0.00994431185361579,-0.008336641524410984,0.0,0.09300925225044356,0.05524313529004884,-3.427934736066618e-08,0.013258301947563611,0.013258336681398086,0.00031217353309408776,0.01357050976000506
2025-06-06,2459.6910777927674,2495.267164092703,2459.6910777927674,2492.302490234375,570000,0.013258301947563611,0.009607642915246073,-0.011949076687332694,0.013258336681398161,0.01446364001607067,-3.427934731213384e-08,2483.90263671875,0.0033817160908198307,2537.242041015625,-0.01771196837186395,2566.2522013346356,-0.028816228998370663,2507.7901779268263,2535.0913477997306,-27.30116987290421,-20.24736902834467,-7.0538008445595395,19.32862173252631,40.903877949795636,22.91665541966168,8.4812439999029,-77.08334458033832,36.92006723725625,0.0148136381446096,2632.2363181536693,2442.247763877581,7.487994885976214,0.26346179930426433,0.008028718273935262,0.019552616967133604,0.9206006192250481,1.0720210040887257,-0.24930857368629,-0.640468939319514,-0.013084819460626562,-0.00360289081796894,1.2263369301361036,-0.009516214524590061,-0.008139741565486025,1.1691627864158112,-0.0013877690404459075,-0.008464565531447255,0.9751906208562878,0.012093583847752942,0.00019593599320955057,0.776857715521488,0.006206742682461575,0.011627975316527556,0.0070515592651020365,-0.02357705200386025,-0.0003240660834364726,0.0005387708661283547,0.013582368031000084,-0.012487847553461048,0.4122376520478597,0.013391894188907807,0.013258336681392771,-0.00994431185361579,0.0,0.07870742351639057,0.06760510829858712,4.088129168522414e-09,-0.011895317134172245,-0.011895321173671758,-0.0016995918612395635,-0.013594913083540976
2025-06-09,2492.3025004232295,2501.6906343463147,2462.65576171875,2462.65576171875,502700,-0.011895317134172245,0.0012052731070646416,-0.018897650508479913,-0.011895321173671756,0.015850722311396573,4.088129166959321e-09,2474.415673828125,-0.004752601688857161,2528.1997802734377,-0.025925173741045415,2564.5916422526043,-0.03974741196819909,2500.846421587122,2529.725748830769,-28.879327243646912,-21.97376067140512,-6.905566572241792,19.954078552664335,36.431269841054835,2.3809604420765798,8.432538620579415,-97.61903955792341,37.07112476513542,0.015053311689510145,2615.0979569333645,2441.301603613511,6.8743124920711995,0.12286885022230044,0.006148941830138826,0.018101524678076863,0.7954856545152158,0.9489363870950692,-0.11807017543859644,-0.7723813530154117,0.012038519136723158,0.013258301947563611,0.9019829382806306,-0.0012038221729798737,-0.00360289081796894,1.2015362193622505,0.0024077434818718935,-0.008139741565486025,1.1455183316164008,0.019261650446426914,-0.004897149883351881,0.6943686198553346,-0.0007689833429529767,0.013459907177194906,-0.01112633379121927,-0.03235755768567482,0.004122854719664019,0.005285970793498849,-0.016018171853836263,-0.024183621301978764,0.6953211426616999,-0.014762025188877214,-0.011895321173666984,0.013258336681392771,0.0,0.0916934634777561,0.05638045455147804,4.89403577663694e-08,-0.0026082978967660875,-0.0026083467094704105,-0.0019226467426570447,-0.004530993579780898
2025-06-10,2462.655882242004,2470.5616796167774,2452.7736355235365,2456.232421875,515300,-0.0026082978967660875,-0.014472588500275885,-0.013103003402684443,-0.0026083467094703884,0.007252215954875119,4.894035768227537e-08,2467.893408203125,-0.004725076978754461,2519.4786987304688,-0.0251029218418527,2561.758235677083,-0.04119272940490848,2493.982729323719,2524.2817986858972,-30.299069362178216,-23.63882240955974,-6.6602469526184755,20.81341589039779,35.52491508394938,3.2710311072793403,9.522882323005861,-96.72896889272066,35.693761860000095,0.014531915441755394,2598.114241582115,2440.8431558788225,6.242207397210357,0.09785184560378059,0.005853902549021993,0.01642319431005513,0.8389215307998,0.9699381295045278,0.02506465088521992,-0.9602704987320372,0.0026151189054999247,-0.011895317134172245,0.8184084097284291,0.014685120201624047,0.013258301947563611,0.9279745246572599,0.0014081485948032046,-0.00360289081796894,1.2361597483723816,0.013276971606413612,-0.008464565531447255,0.9830017859439536,-0.0023883578616053845,0.009558412032212287,-0.00021994003516070297,-0.02266141543489673,0.002765190880942729,0.008109648279151139,-0.005373488777708817,-0.02121265168183558,0.6957249939630903,-0.00453211030571676,-0.0026083467094693293,-0.011895321173666984,0.0,0.09454837169355203,0.053912777238192114,-0.00020121419418617226,0.007845456114110139,0.008048289738430636,-0.0037708080471814927,0.004275862261114818
2025-06-11,2455.7381930474985,2477.973247109297,2449.808845297686,2475.502685546875,475000,0.007845456114110139,0.005216694930662458,0.0028022044588618122,0.008048289738430688,0.011496571198063773,-0.00020121419418616136,2469.276904296875,0.002521297323181626,2514.0434692382814,-0.015330197812398416,2559.140234375,-0.03268189359287632,2491.139645665743,2520.6685310459698,-29.52888538022671,-24.816835003693136,-4.7120503765335755,21.215782731930794,40.32171582042639,23.636358824764127,9.76278345804001,-76.36364117523587,35.15595042797232,0.014201540007698134,2588.971447596548,2439.115490880015,5.960754400238639,0.24281446973569398,0.005974018535393046,0.015527045114894004,0.8415107509641941,0.9089760910583543,-0.07820686978459146,-0.5689092604101926,-0.007784384070910533,-0.0026082978967660875,0.9129062946775773,-0.005189622254957005,-0.011895317134172245,0.890584114757264,0.006786421515346364,0.013258301947563611,1.009812901157033,-0.002794374051837911,-0.008139741565486025,1.2824623844694318,0.003092581201196298,0.009408756868290156,0.004752874912913841,-0.006606552409428344,0.005130754082387753,0.008869087307615075,0.0027147020317223854,-0.006066882848753263,0.7135292411139418,0.004184513047361746,0.008048289738427411,-0.0026083467094693293,0.0,0.08602798678454188,0.061277483544368884,-0.0019960554181496226,-0.005988071196477152,-0.004000000000000115,-0.0032672315549900463,-0.007259247333317575
2025-06-12,2470.561444998745,2474.0202310217433,2449.8087288607558,2460.67919921875,496800,-0.005988071196477152,0.0018104057678529628,0.0004016915312765601,-0.004000000000000078,0.009883017345703828,-0.001996055418149641,2469.47451171875,-0.003561612990641838,2508.5341064453123,-0.019076841373050102,2556.4623006184897,-0.037467050219175624,2486.4534231354364,2516.224876836546,-29.77145370110975,-25.80775874317646,-3.9636949579332885,21.589412814609613,37.980873872761514,9.999986777744525,12.302458903262659,-90.00001322225548,34.480093732125674,0.014012429471935582,2582.131445706396,2434.9367671842288,5.86775671672041,0.1748869748076151,0.005947296357159518,0.015343177785401988,0.9703864161527929,0.9512120869799974,0.04589473684210521,-0.8899412767569616,0.006024144200440729,0.007845456114110139,0.927805047650114,-0.0018071341222212212,-0.0026082978967660875,1.0065219811665342,0.0008032589130784196,-0.011895317134172245,0.9819107314814995,-0.00040153024038580565,-0.00360289081796894,1.4831207845910137,0.0009832216576968168,0.007254807440706261,-0.006971292854173968,-0.006853115909429701,0.0017815333466304748,0.012263462345015587,-0.007769604543107626,-0.011861770813739026,0.7636284352379329,-0.007348500718288779,-0.003999999999998459,0.008048289738427411,0.0,0.09257037598308775,0.055622483740658,-0.003011959054420865,-0.008835252747758648,-0.005840886203424045,0.00379217684532539,-0.0020311168480123933
2025-06-13,2453.267734224638,2459.691194555941,2438.9384765625,2438.9384765625,590500,-0.008835252747758648,-0.014770417821743265,-0.021411531658364846,-0.0058408862034239955,0.008508914100486169,-0.003011959054420893,2458.801708984375,-0.008078419805178871,2501.418896484375,-0.024977991495412244,2553.2593017578124,-0.04477446733183832,2479.143431354985,2510.499958297728,-31.35652694274313,-26.917512383089797,-4.439014559653334,22.28636493576324,34.79076592646814,0.0,11.21211520083621,-100.0,33.57013865527741,0.013764241688694922,2573.011260769537,2429.8265321992135,5.724140357761057,0.06363768297267326,0.00541797492341497,0.015058234686318464,1.1442445757381394,1.119079114439816,0.18860708534621584,-1.4849257673740777,0.008914010281178886,-0.005988071196477152,0.9626768928479386,0.014991853765370378,0.007845456114110139,0.9204338246835161,0.007090767347222027,-0.0026082978967660875,0.998525368125086,0.021880016320077855,0.013258301947563611,1.1045205896202193,-0.0008784004868155925,0.00020880869072540685,-0.007956852260943056,-0.02162034034909025,-0.008910270474181869,0.0039194920278844796,7.501772642322033e-05,-0.025331023686249326,0.6468097413873275,-0.0030720030066619343,-0.005840886203421615,-0.003999999999998459,0.0,0.10230955954796052,0.04720429285102076,0.004862189965201713,-0.000810419171698773,-0.005645161290322553,0.00034127469735282905,-0.005331334439547657
2025-06-16,2450.7970587489863,2464.632203435472,2433.0090155806465,2436.9619140625,478300,-0.000810419171698773,-0.009638511661243854,-0.010433389861325026,-0.0056451612903226055,0.012997562956945551,0.004862189965201604,2453.662939453125,-0.006806568711243077,2494.4519165039064,-0.02304714797748375,2549.942000325521,-0.0443069239416245,2472.653967156141,2505.0526957617853,-32.398728605644465,-28.01375562760073,-4.384972978043734,23.11821780886567,34.50699439863493,3.1496054511452938,4.383197409629935,-96.85039454885471,33.43107074095942,0.013718339440609044,2562.575118344124,2426.328714663689,5.461977550218357,0.07804389041894369,0.006580086193134226,0.01434017699649812,0.9356764042482018,0.8981299443621362,-0.19000846740050803,-2.698084677419355,0.0008110764832200967,-0.008835252747758648,1.1551681302708825,0.009732316708923383,-0.005988071196477152,0.9718671077367899,0.015815089789035897,0.007845456114110139,0.9292207652475346,0.010543393192553818,-0.011895317134172245,0.9834090077682855,0.002806799193454466,0.0038344423601014946,-0.003617218365153239,-0.01426783222142652,0.006989559647249709,0.005774005329596091,-0.007799978818948482,-0.01620739519092112,0.616985738484477,-0.005122877792338435,-0.005645161290320302,-0.005840886203421615,0.0,0.10320361690939094,0.04643150265924816,-0.0002027691209076643,-0.0002027691209076643,0.0,-0.0036406980753960175,-0.0036406980753960175
2025-06-17,2436.4677734375,2438.444222655458,2426.0914150432213,2436.4677734375,446900,-0.0002027691209076643,-0.0010130239646234385,-0.008046733795009642,0.0,0.005091649694501106,-0.00020276912090770038,2449.710009765625,-0.005405634249086577,2489.683728027344,-0.021374584246083073,2546.1608642578126,-0.043081759821661625,2467.0868604301963,2499.9723311451717,-32.88547071497533,-28.988098645075652,-3.8973720698996743,24.10385976447301,34.431383570448574,9.677415279793514,4.275673576979599,-90.32258472020649,31.92548051747922,0.013103181936375021,2559.988870215307,2419.378585839381,5.647716727752257,0.12153582985744277,0.007224859963494081,0.014802484709929517,0.8982896516790921,0.8612764776509451,-0.06564917415847793,-19.242803504380475,0.00020281024415225168,-0.000810419171698773,0.9614051027033111,0.0010140512224026121,-0.008835252747758648,1.1869322875732913,0.009937100767017926,-0.005988071196477152,0.9985909576061154,0.00811200897133424,-0.0026082978967660875,1.0357768125089195,0.0006600627862956598,0.006773130864998736,-0.0008628319072033241,-0.014819864660008378,0.005572136825938724,0.008777546843752836,-0.005774905946846388,-0.016824280638762477,0.4168219755496109,-0.0025253582007281816,0.0,-0.005645161290320302,0.0,0.1034273579047387,0.046238109199095274,-0.005272791717720771,-0.002230812487499678,0.003058103975535298,-0.006709087010637098,-0.003667107780416005
2025-06-18,2423.620786341225,2440.9147165189916,2417.197326560912,2431.032470703125,490800,-0.002230812487499678,-0.002433129268520462,-0.017964114966785405,0.003058103975535228,0.009811937857726941,-0.005272791717720811,2440.815966796875,-0.004008289124552422,2483.2108520507813,-0.021012465093547483,2542.614571126302,-0.04388478760849135,2461.5400312414163,2494.865674816131,-33.32564357471483,-29.85560763100349,-3.4700359437113413,25.2843773198754,33.56029856304728,11.914881778710537,8.247300836549778,-88.08511822128946,31.339188334664946,0.012891307998690718,2549.9978954651588,2416.423808636404,5.379087592116534,0.10936748596641901,0.004724013954432407,0.014093201462478982,0.9803040380616824,0.9507647961318518,0.09823226672633689,-4.511263290683006,0.002235800137955657,-0.0002027691209076643,0.8926199564176159,0.0024390638256912567,-0.000810419171698773,0.9553370444272672,0.0032521185766329896,-0.008835252747758648,1.179440779289779,0.018292727628549388,0.007845456114110139,0.9487457581077815,0.0006501806789569902,0.0041823829277201855,-0.0028809931664566684,-0.02214649789450559,0.0034458243019036224,0.0072332330423507014,-0.0056766367894033,-0.025197348009136106,0.5558201252628794,-0.0041460709826176235,0.003058103975533966,0.0,0.0,0.10589440094422006,0.04410568823167343,0.0008130634890017863,0.0044716002767359875,0.0036555645816409577,0.0007411003711223444,0.004399637158856546
2025-06-19,2433.0090544456316,2445.3618623987472,2433.0090544456316,2441.903076171875,382700,0.0044716002767359875,0.002230812487499678,-0.007630463594293979,0.0036555645816410405,0.005077173030056918,0.0008130634890018173,2437.0607421875,0.001986956623422742,2479.134423828125,-0.0150178817652592,2539.5586140950522,-0.03845374443500982,2458.5189612307177,2490.942519361001,-32.423558130283254,-30.369197730859444,-2.0543603994238104,26.071910238785495,36.993551077237946,25.252627380140108,15.61497481288138,-74.74737261985989,30.12420286044761,0.012336363041755291,2545.555536455978,2412.7133112002716,5.358411547953898,0.2197325806265012,0.0016339088883808503,0.013953588973807997,0.8008940212330042,0.7539980416147025,-0.22025264873675632,-27.948364888123923,-0.004451694080662372,-0.002230812487499678,1.0271198997155957,-0.0022258470405359665,-0.0002027691209076643,0.9352483357434795,-0.002023488220555869,-0.000810419171698773,1.00096057056636,0.007689135260561697,-0.005988071196477152,1.0396763777072289,0.0005289780014557388,0.003758579451853386,0.003942622275280249,-0.011389043046147365,0.00012947195434027584,0.0060451774243276005,0.0043421283223957115,-0.013675641018621579,0.3714134828003229,0.0044235126472495015,0.0036555645816395382,0.003058103975533966,0.0,0.10097129738615192,0.04836103728071985,-0.0008094281008540483,-0.002428205860107502,-0.001620089104900746,0.0007665206622491424,-0.0008522570970043112
2025-06-20,2439.9265312024595,2447.3382156836333,2430.044285227561,2435.9736328125,877100,-0.002428205860107502,0.002032536450632394,-0.001215628757548104,-0.0016200891049007976,0.007116714111427322,-0.0008094281008540648,2436.4677734375,-0.00020281024497303957,2475.008581542969,-0.015771641772295508,2536.3712890625,-0.03958318590180454,2455.0504491663764,2486.870749987038,-31.820300820661487,-30.659418348819855,-1.1608824718416315,26.901386280871595,35.903712183909164,20.212777155541875,19.126762104797503,-79.78722284445813,29.20775483156366,0.011990176920687478,2541.3897902739022,2408.6273728120354,5.3641194803090375,0.20597892478358337,0.001584249385864876,0.013979150312994763,1.6389460368001405,1.6615801966768395,1.2918735301802977,3.5882794891059353,0.0024341163953924827,0.0044716002767359875,0.7151119009045875,-0.0020284136264102637,-0.002230812487499678,0.9171071883040804,0.00020285138449116502,-0.0002027691209076643,0.83507579961918,0.0012171083089991264,-0.008835252747758648,1.1034062646568041,-0.001494894637529796,0.003147727863375797,-0.0009333112225777059,-0.004363356620923901,-0.004243111346473232,0.010860050577675152,0.0018149054863657301,-0.012075679335223256,0.33801324398125177,-0.0009939780293124277,-0.0016200891049001336,0.0036555645816395382,0.0,0.10365118967242798,0.04604463727867995,2.6100805960993512e-08,-0.0030425703274927773,-0.0030425963488844854,0.000718672210133811,-0.0023239242181649273
2025-06-23,2435.973696393375,2448.3265041844165,2426.0914501605416,2428.56201171875,493000,-0.0030425703274927773,-0.005463388200501185,-0.0034468746906869407,-0.003042596348884483,0.009164969450101952,2.6100805963097492e-08,2434.78779296875,-0.0025570118549865795,2470.536865234375,-0.016990174932129953,2533.215018717448,-0.04131232691516329,2450.975304943665,2482.551584189387,-31.576279245722162,-30.842790528200318,-0.7334887175218441,27.805415808094942,34.53418863392483,13.45039678965111,19.638600441777694,-86.54960321034889,28.709704773871604,0.011821688981102547,2536.781466645566,2404.292263823184,5.36276971563479,0.1831828358730682,0.0021368112587784997,0.013992956873739242,0.9161848797902252,0.9234613504264219,-0.4379204195644738,1.904719501335708,0.0030518558130214757,-0.002428205860107502,1.6299913956673562,0.005493400781097613,0.0044716002767359875,0.7112047738249883,0.0010172517611051202,-0.002230812487499678,0.9120964279940011,0.003458796729181257,-0.000810419171698773,0.8888665882427277,-0.0010548437344985217,-0.0007974667175665894,-0.0019877265929942557,-0.002649407973120351,-0.0021260886137577212,0.0018683580896493857,-0.0009164817137350561,-0.005315232780336326,0.3364343851667478,-0.0023272810119131754,-0.003042596348883234,-0.0016200891049001336,0.0,0.10701937397163228,0.043133303059203085,0.006307228714103275,0.007121063917268744,0.0008087343307723316,0.004158101529741868,0.004971936732907338
2025-06-24,2443.879507773043,2459.1969895241477,2436.9619353693183,2445.85595703125,620900,0.007121063917268744,0.004056827252001183,0.003853194241311364,0.0008087343307723695,0.009124087591240821,0.006307228714103253,2436.6654296875,0.0037717641621093367,2466.6580810546875,-0.008433322876892024,2530.1679931640624,-0.03332270282509742,2450.1877129571394,2479.8333895850806,-29.645676627941157,-30.603367748148486,0.957691120207329,27.829966950350062,40.26028741417717,33.918225267172005,22.527133070788324,-66.081774732828,28.847224276123473,0.011794326723608894,2529.0313553193787,2404.2848067899963,5.0573101106920975,0.33324489319608036,0.002960832544892575,0.013082051900941034,1.0837823637940935,1.1327067477141544,0.25943204868154157,0.5881586169045006,-0.007070712919040489,-0.0030425703274927773,0.8605326225648061,-0.004040435901933037,-0.002428205860107502,1.5309800471634716,-0.001616154397404257,0.0044716002767359875,0.6680037214108546,-0.0038384041250496548,-0.0002027691209076643,0.7800649675947502,0.0002486416073108397,-0.0014192855333465015,0.006872422309957904,0.005272479774657866,0.006387953429005864,0.0033055777756256215,0.0007331104882628801,0.0005476164656857425,0.41753718490283465,0.004453855825231226,0.0008087343307720386,-0.003042596348883234,0.0,0.09919195778291558,0.04989903277467073,-0.005252554315103741,-0.0074747764724013566,-0.002233956133224968,-0.005414437055336211,-0.007636659212633826
2025-06-25,2433.008965770023,2434.9854149704865,2416.2091475660873,2427.57373046875,574700,-0.0074747764724013566,-0.0004069409161598925,-0.0014227453874257057,-0.002233956133224945,0.007770961145194371,-0.005252554315103779,2435.973681640625,-0.003448293073188724,2462.1122436523438,-0.014028001068442153,2526.956262207031,-0.03932894812055099,2446.7086387281565,2475.9623037246115,-29.253664996454972,-30.333427197809783,1.0797622013548107,28.591225716118775,36.61430351126683,13.2947885334295,20.22113686341753,-86.7052114665705,28.904337503911993,0.011906677494948354,2521.911613202359,2402.3128741023284,4.857566482128198,0.21121340037952913,0.003310300675492339,0.012636662247696946,0.9745947385111611,1.0499948843123785,-0.07440811724915442,0.48306302607267493,0.007531069533349477,0.007121063917268744,1.0529421839943969,0.00040710658407427935,-0.0030425703274927773,0.8360452515851791,0.003460204828104052,-0.002428205860107502,1.4874143816741594,0.0014247724754814506,-0.002230812487499678,0.8323144208478822,-0.0011296868192521858,-0.0032452923093496187,-0.006345089653149171,0.001822546921923913,0.00038770855886797496,0.0002643937505091672,-0.007862485031269332,-0.001687139137934873,0.43905891550619586,-0.0076450033717904,-0.002233956133224027,0.0008087343307720386,0.0,0.10747004884792993,0.04274375632640291,-0.002442474699442365,0.005699190473384075,0.008161599673536024,-0.003503863262502011,0.004637801910324429
2025-06-26,2421.644443051049,2441.9030478592704,2418.679769176675,2441.408935546875,594800,0.005699190473384075,-0.0018181861738795213,-0.00020235881998009742,0.00816159967353605,0.009601634320735452,-0.002442474699442362,2435.874853515625,0.0022719073692396563,2458.0852294921874,-0.0067842618906061025,2525.638631184896,-0.0333498603477852,2445.89329977719,2473.402794970705,-27.50949519351525,-29.76864079695088,2.2591456034356305,28.812261163421333,40.97088036624977,29.479819467314936,25.564277755972142,-70.52018053268506,28.498547588103655,0.011672992251791,2511.757660981075,2404.4127980033,4.367011431900234,0.3446474895704592,0.0032552506900900375,0.011277658570339926,0.940988860957347,1.0701383191559797,0.03497476944492783,0.46567030721083214,-0.005666893766824166,-0.0074747764724013566,0.9091901452457756,0.0018214979959418898,0.007121063917268744,0.982279730612671,-0.005262094212103774,-0.0030425703274927773,0.7799386490450102,0.00020239977695046818,0.0044716002767359875,0.6054412190456905,0.004755822222780989,0.0009255429212508953,0.000943368250603086,-0.0011279017412309928,0.0024174171747223467,0.002492890004898461,0.003281773298661728,-0.0026952488248785586,0.44382342206408676,0.004626284110342306,0.008161599673532681,-0.002233956133224027,0.0,0.1011941337316228,0.048168425766538216,0.0046549528388999395,0.005666893766416825,0.001007252215954768,0.0031088428756648684,0.004120783803181754
2025-06-27,2452.7735790023144,2468.5851733875024,2444.373669485183,2455.244140625,544200,0.005666893766416825,0.01139838094676815,0.00791080311910064,0.0010072522159548692,0.009904992925004994,0.004654952838899841,2439.728955078125,0.006359389027037032,2454.7252685546873,0.00021137683958327713,2524.7904052734375,-0.027545361588887207,2447.331890676853,2472.057709463616,-24.72581878676283,-28.760076394913273,4.034257608150444,27.423673960226132,45.03899743998644,63.200133002188565,35.32491366764433,-36.799866997811435,28.404096891855353,0.011568746432121947,2499.5448304971114,2409.905706612263,3.651696792025393,0.5057884553956511,0.0047912331720714315,0.009364425219876992,0.9622984822844775,0.9735659491641859,-0.08507061197041021,-0.28336335352873754,-0.005634961041225628,0.005699190473384075,1.0517734973590724,-0.011269922082043915,-0.0074747764724013566,1.0162310506594803,-0.0038237271151195795,0.007121063917268744,1.0979256296406323,-0.007848713492331849,-0.002428205860107502,1.5509592039906563,0.004194372767355112,0.006669800613603321,0.0014725209990617133,0.001241002505497319,0.0034836150738611032,0.010529164432762328,0.002183278692555722,-0.0026183613136616882,0.48327805290588693,0.003983339056447634,0.0010072522159544585,0.008161599673532681,0.0,0.09498894768966741,0.053531959604764555,0.0006036827629596342,0.0024149122772127996,0.0018101367658889256,-0.0014039131154523908,0.00040731639880077454
2025-06-30,2456.726329191553,2464.63212590657,2450.79698165529,2461.17333984375,600700,0.0024149122772127996,0.008095491094959772,0.013428246002217703,0.001810136765888999,0.005645161290322584,0.0006036827629595923,2446.251220703125,0.006099994560382793,2452.279406738281,0.0036268025087300426,2524.4774658203123,-0.025076130341677216,2449.4613443948374,2471.251459862144,-21.790115467306805,-27.366084209391982,5.575968742085177,26.13427155725916,46.733251174971016,72.7998831201385,55.15994519654733,-27.200116879861493,27.363457417528533,0.011118053724429915,2489.429322482082,2415.12949099448,3.029827322426797,0.6197032742524186,0.005282013362482427,0.007743259834216222,1.023232679397882,1.0593029796974276,0.10382212421903714,-0.6083180053137135,-0.002409094525672062,0.005666893766416825,0.9269905512374353,-0.008030480412696828,0.005699190473384075,1.0131826164572335,-0.013651866299721704,-0.0074747764724013566,0.9789442664390924,-0.013250317479896467,-0.0030425703274927773,0.839776445718588,0.0013158029084564815,0.009590329942147596,0.001099109368756318,0.003837916060070107,0.004154121765597707,0.016271568621906162,-0.0017392094883849074,-0.002843322619688459,0.4838120850066772,0.0004050979644273536,0.0018101367658882623,0.0010072522159544585,0.0,0.09235101581056174,0.055812090579219716,-0.002208315468658739,-0.01425409033221614,-0.012072434607645843,0.0003620557964544931,-0.011683719067102909
2025-07-01,2455.7382926863224,2468.091100999634,2422.1386540741155,2426.091552734375,710300,-0.01425409033221614,-0.011873600432747211,-0.00808077198498014,-0.012072434607645828,0.018971848225214076,-0.0022083154686587864,2442.29833984375,-0.006635875251589929,2449.141796875,-0.009411559661848479,2523.5551228841146,-0.03862153406790336,2445.8659918316894,2467.9062815563834,-22.04028972469405,-26.300925312452396,4.2606355877583475,26.065195671102792,39.060782940923616,17.094308872221767,51.03144166484961,-82.90569112777823,28.691242382384953,0.011826116928702089,2483.934157487477,2414.3494362625233,2.8411879342282593,0.1687456134787364,0.006530652854697538,0.00735673160522208,1.1741640920354217,1.240924115472505,0.1824538038954553,-0.19642317162728407,0.014460207434802363,0.0024149122772127996,0.9929893989661802,0.012016276902970136,0.005666893766416825,0.8995918610244635,0.006313604609945456,0.005699190473384075,0.9832363817297886,0.008146602824444571,0.007121063917268744,1.026381085097555,-0.001561883057171068,0.007654488646136772,-0.012692207275045072,-0.01573526063111691,-0.005312747128004787,0.004570707622332403,-0.008941343204211354,-0.012651479607312542,0.6576585098099362,-0.010760116973015495,-0.012072434607640911,0.0018101367658882623,0.0,0.10814663809124965,0.042158937551173774,0.0040732832174870115,0.008146602824860016,0.0040567951318457585,0.007024158875577863,0.011097478482950868
2025-07-02,2435.9737107402148,2470.0674604442866,2432.0208122238005,2445.85595703125,718400,0.008146602824860016,-0.006223609919922324,0.007531069533764478,0.004056795131845797,0.015644047135310837,0.004073283217486938,2445.95478515625,-4.040472317801136e-05,2448.005334472656,-0.0008780117478249805,2522.846895345052,-0.030517483425898217,2445.864448016237,2466.272924184151,-20.40847616791416,-25.12243548354475,4.713959315630589,25.88680829703087,44.58098078243057,55.04593048098084,48.313374157780366,-44.95406951901916,29.783004191493998,0.012176924853592796,2481.6489415029064,2414.361727442406,2.748654715452052,0.4680566735981434,0.005535111578227625,0.007056346143331303,1.1336934514369217,1.2556784316604355,0.011403632268055741,-0.604858803986711,-0.008080771985385704,-0.01425409033221614,1.120910994648727,0.006262585810689281,0.0024149122772127996,0.9479533077368582,0.0038384041242320865,0.005666893766416825,0.8587917264364877,-0.007474776472807143,-0.0074747764724013566,0.9069231995278382,0.005048999964240456,0.01383068428168903,0.0030976028606195605,-0.006299614747924552,-0.004486942104563745,-0.0003007230542398889,0.01263354492942376,0.007831792588004368,0.5355879255282502,0.010549754838608674,0.004056795131844131,-0.012072434607640911,0.0,0.09919195778291558,0.04989903277467073,-0.0016161616161616266,0.0,0.0016187778227438887,-0.0016405822722939858,-2.442065613235919e-05
2025-07-03,2441.9030585148357,2447.832406289457,2432.0208122238005,2445.85595703125,593600,0.0,0.008146602824860016,0.0018214979963522282,0.001618777822743885,0.006501422186103251,-0.0016161616161616728,2446.844189453125,-0.00040388040527239433,2447.31357421875,-0.0005955988655702571,2524.1562947591146,-0.031020399921909747,2445.8631417108545,2464.7605562468993,-18.897414536044835,-23.87743129404477,4.980016757999934,25.721162878249803,44.58098078243057,55.04593048098084,42.39538994472781,-44.95406951901916,28.78504632536276,0.011768904968667872,2480.5339055864,2414.0932428511,2.714840608707438,0.4780613689344544,0.005441414040139105,0.006967569110991356,0.937103850240196,1.0527883994636738,-0.1737193763919822,-0.7611120794840509,-4.0889513996944515e-13,0.008146602824860016,1.134122988565628,-0.008080771985385704,-0.01425409033221614,1.1213356887223909,0.006262585810689281,0.0024149122772127996,0.9483124710904409,-0.0018181861742876393,0.005699190473384075,0.9389982650317867,-0.0006210085439428382,0.008393039916630946,0.0006210085439428382,-0.006571541920278718,4.5595979611140605e-05,-0.002417728559856124,-4.5595979611140605e-05,0.004239226556208352,0.5190184528374439,-2.3665154793381832e-05,0.0016187778227432221,0.004056795131844131,0.0,0.09919195778291558,0.04989903277467073,-0.0006060259235358689,0.0006060953306503691,0.0012128562765312267,-0.0009482622162615389,0.0002638590379246991
2025-07-04,2444.3737049160545,2449.808940564746,2429.0562226333786,2447.33837890625,502100,0.0006060953306503691,0.0006060953306503691,-0.0032199493272133672,0.0012128562765312894,0.008543531326281566,-0.0006060259235358317,2445.263037109375,0.0008487192438517699,2445.0653686523438,0.0009296316908524727,2523.9668863932293,-0.03036034581160918,2446.090101279377,2463.470024592036,-17.37992331265923,-22.57792969776766,5.198006385108432,25.686074842714,45.01425746701649,57.798378145564214,55.96341303584196,-42.201621854435786,28.211308582934524,0.01152734285788916,2471.114789246734,2419.0159480579537,2.1307749828175635,0.5436288063619303,0.005110423292017966,0.005460246495651927,0.8033330080109309,0.8959016203311321,-0.15414420485175206,-0.9736661715983091,-0.0006057282020240917,0.0,0.949728089136205,-0.0006057282020240917,0.008146602824860016,1.1494013801136282,-0.008681605435518769,-0.01425409033221614,1.1364418155549973,0.0032303508929893976,0.005666893766416825,0.870690744790975,0.0024793780538152964,0.006712272427027461,-0.0018732827231649272,-0.009932221754240828,0.0006593913778107195,-0.005058976639438755,-5.329604716035037e-05,0.001839027312225388,0.5767057042296336,0.0002258205617470897,0.0012128562765307933,0.0016187778227432221,0.0,0.09852614621509755,0.050474535724901244,0.0032302974339122326,0.004037888737944639,0.000804990943851891,0.002480010422112865,0.0032876017261452718
2025-07-07,2455.244009791546,2473.526164825212,2451.7852237040956,2457.220458984375,618100,0.004037888737944639,0.00464643141410459,-0.0016060960824587633,0.0008049909438519825,0.008867392180572347,0.0032302974339123124,2444.4724609375,0.005215030338685311,2444.793603515625,0.00508298755767167,2523.933943684896,-0.0264323418084762,2447.8024640032227,2463.0070938062836,-15.204629803060925,-21.103269718826315,5.89863991576539,24.242005793773398,47.93640331398036,71.55171950570877,61.465342710751266,-28.448280494291225,28.066771249793643,0.011422162446662542,2470.208987571254,2419.3782194599958,2.0791435333503574,0.7444750675722667,0.0046061177918541914,0.005305920711276486,0.9834511003164673,1.091642514892858,0.23102967536347352,-1.4974345595269154,-0.004021649764061275,0.0006060953306503691,0.7988849659745967,-0.004624941938997873,0.0,0.9444694598735722,-0.004624941938997873,0.008146602824860016,1.1430371630275846,0.0016086797763386063,0.0024149122772127996,0.9557661801651867,0.0014041291888015873,0.006787207422243479,0.002633759549143052,-0.008393303504702243,0.0013009876723893423,-0.007668316714861861,0.0027369010655552972,0.006062220632403098,0.6996494767907336,0.0031276533936462417,0.0008049909438516546,0.0012128562765307933,0.0,0.09410825879880355,0.05429319458388692,0.0008043380131621536,0.006836913890275742,0.006027727546714878,-0.004186114604899846,0.0018464612722137426
2025-07-08,2459.196894806256,2478.467274331561,2439.4324029854297,2474.020263671875,799800,0.006836913890275742,0.010902409325820095,0.019755524429191818,0.006027727546714797,0.016001620417257525,0.0008043380131621348,2454.058203125,0.008134306073281916,2445.682995605469,0.011586648030964097,2522.3198404947916,-0.019148870832504272,2451.835971644554,2463.822884166698,-11.986912522143939,-19.279998279489842,7.293085757345903,23.450116741203058,52.552798151404424,92.85714027915132,74.06907931014143,-7.14285972084868,28.850206970960613,0.011661265428816757,2473.7444975827916,2417.6214936281463,2.2947783525293386,1.0049136017257068,0.004901475557678465,0.005818564621007974,1.2373124422765436,1.377929694229855,0.2939653777705873,-1.737447586281045,-0.006790487909569265,0.004037888737944639,0.9562175801089416,-0.010784828709128558,0.0006060953306503691,0.7767624121868624,-0.011384024235845502,0.0,0.9183154110219508,-0.01937280451670431,-0.01425409033221614,1.0988534980608013,0.0039364005427359105,0.012244478213228212,0.0029005133475398315,0.007511046215963605,0.007132789752024144,0.0035563148619411245,-0.00029587586174840193,0.016199209567250693,0.7573777178936589,0.0014346978656724187,0.006027727546712346,0.0008049909438516546,0.0,0.08667872989611265,0.06071500521168015,-0.0011982624982528334,0.011384122917186268,0.012597480503899305,-0.008040063771258241,0.004542321644180859
2025-07-09,2471.0557379699994,2503.173039103383,2471.0557379699994,2502.184814453125,765100,0.011384122917186268,0.018298869075562996,0.023030324929782964,0.012597480503899304,0.01299740051989611,-0.0011982624982528247,2465.323974609375,0.014951722460158745,2447.0171020507814,0.022544882238496156,2521.735139973958,-0.007752727561240791,2459.581947461257,2466.6645086323592,-7.082561171102043,-16.840510857812284,9.75794968671024,22.039988955266924,59.10025518870245,98.86363796193027,87.75749924893012,-1.136362038069729,29.083570839705107,0.011623270460159818,2482.2446034974064,2411.7896006041565,2.8792198809809464,1.2830205114877518,0.009377962855352305,0.007222219092991045,1.1667716369725243,1.2860098732479355,-0.04338584646161536,-2.871518654755649,-0.011255983418792526,0.006836913890275742,1.2196888710634228,-0.017970037708649134,0.004037888737944639,0.9425977634462387,-0.021919418274401248,0.0006060953306503691,0.7656986523642718,-0.022511869266205076,0.008146602824860016,1.0955544948386635,0.004533296575171802,0.011743160385049283,0.006850826342014466,0.01128716454473368,0.009033539159341951,0.01720281180046411,0.0023505837578443167,0.005827513129318854,0.8100145565123712,0.0040668247012947585,0.012597480503894205,0.006027727546712346,0.0,0.07444709213128181,0.07128758153816268,0.0001974080356879071,-0.013033238822829585,-0.013228035538006,0.0004608915064143868,-0.012769755352103104
2025-07-10,2502.6787658422745,2508.1140010691774,2461.6674454938225,2469.5732421875,876400,-0.013033238822829585,-0.0017974878984114984,0.009696926381976168,-0.013228035538005965,0.01886792452830182,0.00019740803568799246,2470.067431640625,-0.0002000712400780369,2447.461804199219,0.009034436390114253,2520.2033894856772,-0.020089706850798916,2461.119069726833,2466.8799703771842,-5.760900650351232,-14.624588816320074,8.863688165968842,20.626646660788705,50.4236485091594,58.06450104359117,83.26175976155757,-41.93549895640883,30.32378403510867,0.01227895715627214,2483.58120521774,2411.342403180698,2.9515803643226803,0.8060881045195494,0.008418832335153476,0.007502859786099103,1.230378730340123,1.4275452379052027,0.14547118023787742,-3.2993433053630064,0.013205347267094991,0.011384122917186268,1.0741245625093885,0.001800724678825194,0.006836913890275742,1.1228399230100758,-0.00500199102950194,0.004037888737944639,0.8677511332989846,-0.009603799050005968,0.0,0.8333555617639172,-0.003423616544085135,0.00890162361425771,-0.00960962227874445,0.0007953027677184577,-0.00032528238981401015,0.01695107434795934,-0.012707956433015574,-0.007254147965983171,0.8649295561637778,-0.01275189246977986,-0.01322803553800068,0.012597480503894205,0.0,0.08863553910343094,0.05902361154073435,0.00480196684092582,0.0008003660171864713,-0.0039824771007566095,0.0013103026934079848,-0.0026912981303313637
2025-07-11,2481.432051007722,2512.06701460041,2466.608681527389,2471.5498046875,659800,0.0008003660171864713,-0.01224330416709074,0.0098929620807362,-0.003982477100756642,0.018429487179487305,0.0048019668409257366,2474.909716796875,-0.0013575897688591354,2449.0923706054687,0.009169696639686142,2519.1492838541667,-0.018895060913112327,2462.72379818232,2467.2258840298,-4.502085847479975,-12.600088222552055,8.09800237507208,19.1779147741326,50.89421039846468,57.73199303672965,71.55337734741703,-42.26800696327035,31.404823252102414,0.012706530611896975,2486.4486695846253,2411.736071626312,3.050623931340034,0.800584301653674,0.006701667805286383,0.007753587241885622,0.887017521217572,1.068699322627983,-0.24714742126882705,-42.655097613882866,-0.0007997259441223648,-0.013033238822829585,1.1782087838664446,0.012395060664571966,0.011384122917186268,1.028580032560722,0.0009995586488642516,0.006836913890275742,1.0752297870109337,-0.009796050128676792,0.0006060953306503691,0.675009847534621,0.00623307360669443,0.012703507534811476,-0.005432707589507959,-0.002810545454075275,0.004036934710618994,0.020498191516799717,-0.0032365686934325228,-0.010605229436063516,0.8454934428934784,-0.00261283581003097,-0.003982477100755037,-0.01322803553800068,0.0,0.08776492901955674,0.05977613477101108,-0.0001999228655258367,0.003398637700045004,0.003599280143971262,-0.0021172934852543594,0.0014812670803164812
2025-07-14,2471.055685368257,2485.384942491968,2468.5851237952033,2479.94970703125,540600,0.003398637700045004,0.004201723871351426,0.009249983233604375,0.003599280143971177,0.006805444355484374,-0.00019992286552588024,2479.45556640625,0.00019929400256035734,2451.2417602539062,0.011711593381698249,2518.00458984375,-0.015113110979613653,2465.3739380052325,2468.168389437315,-2.7944514320824965,-10.638960864458143,7.844509432375647,17.83266373652336,52.93856272149648,66.49486519696909,60.76378642576329,-33.50513480303091,30.361608641006864,0.012242832407008982,2490.4593458125246,2412.024174695288,3.1998137592561307,0.8660085949762781,0.005359246670121229,0.008112340683783558,0.7422347499316941,0.8712314726325985,-0.18066080630494086,3.3022727272727277,-0.0033871260860375285,0.0008003660171864713,0.9058943544301364,-0.004184143257149997,-0.013033238822829585,1.2032825283761315,0.008965950945627688,0.011384122917186268,1.0504694916254886,-0.00916520523921227,0.004037888737944639,0.8486409525208659,0.00041883522521003855,0.011725595931727235,0.0029798024748349658,-0.00247561269812286,0.002267753388088768,0.02116508833878547,0.001130884311956236,-0.011915105105181095,0.9561193731066511,0.0012303947522650871,0.00359928014396972,-0.003982477100755037,0.0,0.08408053205343649,0.06296079155126408,0.0021916499279142077,-0.008965950946034584,-0.011133200795228504,0.006571671539761711,-0.004585929334187081
2025-07-15,2485.384888627896,2489.3377870591135,2457.714599609375,2457.714599609375,497000,-0.008965950946034584,-0.005597785264891408,-0.006590756066928716,-0.01113320079522854,0.012866907921190112,0.002191649927914284,2476.19443359375,-0.007462997951476424,2452.3041015625,0.0022062916432041835,2516.448136393229,-0.023339855860893044,2464.1955782520236,2467.394034635245,-3.1984563832215827,-9.150859968210831,5.9524035849892485,17.071480070977106,47.322402273131075,41.79888833382272,55.34191552250714,-58.20111166617728,30.45172141305912,0.012390259397037667,2491.0110794011,2413.5971237239,3.1567844961754536,0.5698904738757409,0.006736691105967073,0.008079156412900617,0.7442559761358889,0.7977451260501504,-0.08065112837587862,0.431622685522671,0.009047066500072809,0.003398637700045004,0.80954684245284,0.005629296859496424,0.0008003660171864713,0.9880484769707434,0.004825069021034745,-0.013033238822829585,1.3124063128480745,0.006634482321130841,0.006836913890275742,1.1976980477132473,-0.005525766663619169,0.0022117137383440835,-0.0034401842824154155,-0.0088024698052728,-0.00458104054268434,0.009381442845604647,-0.004384910403350244,-0.01597219891253336,1.0968413708532114,-0.003941276157262553,-0.011133200795224061,0.00359928014396972,0.0,0.09388828071879939,0.05448333551887146,0.00020105978463336172,-0.0032167126809624635,-0.003417085427135702,0.00043686977136473044,-0.002980902694231095
2025-07-16,2458.2087471774626,2464.6322072203384,2448.820613268644,2449.808837890625,618000,-0.0032167126809624635,-0.012153822738891984,-0.020932097525316995,-0.0034170854271356765,0.006456820016142057,0.00020105978463329084,2465.71923828125,-0.006452640732409143,2453.242919921875,-0.001399813285656193,2514.282275390625,-0.025642879533467444,2461.982233581039,2466.091427468977,-4.1091938879380905,-8.142526752156284,4.033332864218194,16.77538449728504,45.475131757200906,30.769140741111286,46.35429809063436,-69.23085925888871,29.405998022961626,0.012003384740937281,2490.7322974310473,2415.7535424127027,3.05631188862179,0.4541992657732206,0.004866646972252066,0.007850263490489581,0.968104254489231,0.9819405560516457,0.24346076458752508,-0.37016238476297436,0.003227093312535345,-0.008965950946034584,0.7785563341118896,0.012303355540820515,0.003398637700045004,0.8468562459172788,0.008874556438691616,0.0008003660171864713,1.0335844451650398,0.021379617769105685,0.011384122917186268,1.1985381312454866,-2.9931698046428486e-05,-0.0024761990123359128,-0.003186780982916035,-0.018455898512981083,-0.00021499005507782473,0.00029847364522892644,-0.003001722625884639,-0.02123057117054592,1.1468261481844575,-0.0029701564641995974,-0.0034170854271342865,-0.011133200795224061,0.0,0.09741836027461431,0.05143206501364775,5.1713153537136236e-08,0.007866127150187197,0.00786607503025416,-0.006545618618495282,0.001320456818538377
2025-07-17,2449.8089645779655,2472.538132058923,2449.8089645779655,2469.079345703125,411700,0.007866127150187197,0.0046241113982707915,-0.00019999264485770496,0.007866075030254136,0.009277934651069086,5.171315351885164e-08,2465.620458984375,0.0014028463728652518,2454.6017333984373,0.005898151258793893,2512.050537109375,-0.017106021862394516,2463.074096984437,2466.3127547455806,-3.2386577611437133,-7.16175295395377,3.923095192810057,16.048894426645937,50.54300308437407,52.197873234088775,41.588634103007585,-47.802126765911225,28.929090604771375,0.011716549593719703,2492.3178837165574,2416.8855830803172,3.0730973424272316,0.6919285529219582,0.004813302739729381,0.007836109807023154,0.7548297553632882,0.6526467305838787,-0.33381877022653716,0.3943673145577151,-0.007804734119633783,-0.0032167126809624635,1.1330696837855527,-0.004602827411975707,-0.008965950946034584,0.9112227068631388,0.004402597002821418,0.003398637700045004,0.9911609563988185,0.00020003264951129474,-0.013033238822829585,1.6068321535107744,0.005607514612794745,0.00660649619926008,0.002258612537392452,-0.006806488844117785,0.005707639594729578,0.006492083714011685,0.002158487555457619,-0.00669207635886939,1.193171046363334,0.0010559368426789105,0.007866075030250925,-0.0034170854271342865,0.0,0.08885330175511096,0.0588353855402421,0.004002349739677502,0.006003550357057685,0.0019932230416583874,0.0088615890724907,0.010862789689870884
2025-07-18,2478.961464779643,2495.7612833569815,2473.526229357563,2483.902587890625,628600,0.006003550357057685,0.013916902197706138,0.004997990807102948,0.0019932230416584078,0.008989212944466573,0.004002349739677477,2468.091015625,0.00640639756172634,2456.998181152344,0.010950112598232309,2509.4564453125,-0.010183024881980973,2466.2784802007736,2467.6157053489173,-1.337225148143716,-5.99684739279176,4.659622244648044,15.576374514788613,54.07873649441372,68.68126301318497,50.54942566279501,-31.31873698681503,28.768579679706026,0.011582008014301898,2495.751799512141,2418.2445627925467,3.1545500242594047,0.8471212221849141,0.0058115670196340445,0.008003609661655595,1.165842268180815,1.0165089724785774,0.5268399319893127,0.24261834088423684,-0.005967722832916023,0.007866127150187197,0.7635654817213514,-0.013725880462139739,-0.0032167126809624635,1.1461828217240593,-0.010543081846248525,-0.008965950946034584,0.9217683857554327,-0.004973135123873873,0.0008003660171864713,1.2237078086950393,-0.0014043264569220339,-0.0010140633362749544,0.0074078768139797194,0.006012054143377903,-0.004072542111731318,-0.0017806553284086671,0.010076092468789002,0.006778646135511615,1.057881703777831,0.010311818144922977,0.0019932230416576037,0.007866075030250925,0.0,0.08235532704496937,0.06445199509910728,0.0007956716512880213,-0.003978547414430711,-0.004770423375074495,-0.0014254420967500145,-0.006199661162468747
2025-07-22,2485.8789587643705,2504.655225994155,2467.102691534586,2474.020263671875,553100,-0.003978547414430711,0.002001117532876684,-0.002390953067541446,-0.004770423375074539,0.015221309833767216,0.0007956716512880157,2466.905126953125,0.002884236057563827,2459.27109375,0.00599737457100713,2506.3600056966147,-0.01290307136733071,2467.4695238117124,2468.0901170765437,-0.6205932648313137,-4.921596567199671,4.301003302368358,15.515552724985396,51.43851264449588,54.16650049111006,58.348545579461266,-45.83349950888994,29.396005021124807,0.011881877223383836,2496.3845080569545,2422.1576794430457,3.018245072800192,0.6987040292209276,0.005426738472327793,0.007695482573447815,1.0210806729421928,0.8900926301424534,-0.12010817690104991,-0.2551099191352757,0.003994439480895284,0.006003550357057685,1.1604616000930437,-0.001997121059313711,0.007866127150187197,0.7600414265960962,-0.009786268179673763,-0.0032167126809624635,1.1408928871420634,0.0023966834247235447,0.003398637700045004,0.9980043604999991,-0.0018609636438885414,-0.003346346675172892,-0.0021175837705421693,0.0009553936076314462,0.002099586125845786,-0.0020129289974103355,-0.006078133540276497,-0.00037802407013111036,1.0417573320684594,-0.00616580665533977,-0.00477042337507262,0.0019932230416576037,0.0,0.08667872989611265,0.06071500521168015,0.004593651915983488,0.011783586601664453,0.007157057654075372,-0.006916807783640681,0.00027312690204028475
2025-07-23,2485.385051596273,2518.4905781284697,2485.385051596273,2503.173095703125,818200,0.011783586601664453,0.007758157629226936,0.01849624692019769,0.007157057654075478,0.013320079522862696,0.00459365191598342,2475.996826171875,0.010975890293145607,2462.1369506835936,0.016666881591262284,2505.0917846679686,-0.000765915635341563,2472.962381025776,2470.688856234068,2.2735247917075867,-3.48257229541822,5.756097087125807,16.00209252709563,57.95917586577934,82.87293250949246,68.57356533792915,-17.12706749050754,30.472741409372652,0.012173645307098063,2503.29563086319,2420.978270503997,3.3433298800189943,0.998511429915507,0.007835104167239952,0.008434877104011057,1.350341051061112,1.2961358297122743,0.47929849936720315,0.3500178216813483,-0.011646350818599549,-0.003978547414430711,0.9128252693007834,-0.007698431980821208,0.006003550357057685,1.0374289717636458,-0.013620212705030554,0.007866127150187197,0.6794615139597406,-0.01816034862821292,-0.008965950946034584,0.820238942040299,0.007999273058921856,0.010253095781290085,0.0037843135427425966,0.008243151138907605,0.011049079613166337,0.013888155482656348,0.000734506988498116,0.004608091437541342,1.0503878368974957,0.000177767767082445,0.007157057654072599,-0.00477042337507262,0.0,0.0740228881810665,0.0716542477792561,-3.674746540394125e-08,0.002763484666971072,0.0027635215159889093,-0.00660740788443435,-0.0038438864699978734
2025-07-24,2503.173003717858,2510.090576171875,2494.2789819912646,2510.090576171875,642300,0.002763484666971072,0.01457963502953108,0.02460671108246748,0.0027635215159888997,0.006339144215530981,-3.674746545532452e-08,2488.053173828125,0.008857287526871538,2466.26279296875,0.01777092989727569,2504.1035603841146,0.002390881863463923,2478.6744110482528,2473.6075021553875,5.0669088928652855,-1.7726760577615188,6.839584950626804,16.453879486197987,59.35384482750582,90.60763404611805,75.88235568224019,-9.392365953881946,29.425516607318208,0.011722890355687155,2509.238756681605,2423.286829255895,3.4851082241015288,1.0099104175529532,0.007150041048652651,0.008783031347142416,1.0516044212246287,1.0120682401546701,-0.21498411146418972,1.4471357455977412,-0.0027558688660139774,0.011783586601664453,1.3395963528662482,-0.014370123868596152,-0.003978547414430711,0.9055618953438302,-0.010433084977426899,0.006003550357057685,1.0291741229671518,-0.02401576216192214,-0.0032167126809624635,1.0118192936584471,0.007047083191937341,0.017397229738705857,-0.004283598524966269,0.0072094813437616236,0.0062904109366736126,0.02091425640516917,-0.0035269262697025404,0.003692454677298309,0.9854012615139214,-0.0034350942054680736,0.0027635215159877956,0.007157057654072599,0.0,0.07106302194256973,0.07421264693432775,0.0007873817451635734,-0.003740177220245111,-0.004523996852871637,-0.00125957414687989,-0.005787133112288574
2025-07-25,2512.06697567026,2525.4080079958103,2498.231831036356,2500.702392578125,395900,-0.003740177220245111,-0.000987028475674001,0.012807626830637409,-0.00452399685287164,0.01087816455696205,0.000787381745163647,2494.377783203125,0.0025355459051097373,2469.2274658203123,0.012746872125992459,2502.7365152994794,-0.0008127594374872649,2482.0633312836176,2475.61453107559,6.448800208027478,-0.1283808046037194,6.577181012631198,17.44324275660544,56.60908489700658,71.26438899185139,81.58165184915396,-28.735611008148606,29.264849489613628,0.011702651853518254,2513.107423375932,2425.347508264693,3.5541446191586057,0.8586480993961425,0.005959561688705515,0.00900144828830461,0.6515574675661309,0.6337482551513056,-0.3836213607348591,0.6486686390532543,0.0037542186629682117,0.002763484666971072,1.057073405955357,0.000988003663023651,0.011783586601664453,1.3465630713882502,-0.010669853792450334,-0.003978547414430711,0.9102713698176988,-0.012645665861656274,0.007866127150187197,0.6775605188102451,0.004145380887938794,0.01589666575235591,-0.007885558108183905,-0.0030890389217185024,0.0020772815826302295,0.01698945713093135,-0.00581745880287534,-0.00418183030029394,0.9808758304788315,-0.005777732517745919,-0.00452399685286984,0.0027635215159877956,0.0,0.07508402672919005,0.07073703877513839,-0.00019757383710949927,0.0019759096980271895,0.0021739130434783593,-0.0027034060121035085,-0.0005299224769668197
2025-07-28,2500.2083192109544,2519.4786995368886,2496.255420682558,2505.6435546875,319000,0.0019759096980271895,-0.0017716577746597073,0.008752745338269419,0.002173913043478274,0.009303246239113062,-0.00019757383710950732,2498.7259765625,0.0027684420736338033,2471.7474365234375,0.013713423006811887,2501.624763997396,0.0016064722203503745,2485.691057961138,2477.838903194991,7.852154766147123,1.4677263095464492,6.3844284566006735,18.230967494694234,57.71736556606463,77.0115565852384,79.6278598744026,-22.988443414761612,28.833308729950552,0.01150734655613659,2517.857839847174,2425.637033199701,3.7309963503869796,0.8675539110564833,0.0056830023479126825,0.009440344283516878,0.5845692054806569,0.520021648550134,-0.19424096994190454,0.348042913418825,-0.001972013178462406,-0.003740177220245111,0.7254888666137683,0.001774802116228269,0.002763484666971072,1.1770181839505516,-0.000985957871283083,0.011783586601664453,1.4993558743707636,-0.00867679952210032,0.006003550357057685,1.1519128607057711,0.0002308039462430407,0.017563555923662263,0.0017451057517841489,-0.008810810585392844,0.00255468847037524,0.023429448626577868,-0.0005787787723480504,-0.01467670328830845,0.9695972503479487,-0.0005011092183442502,0.0021739130434774044,-0.00452399685286984,0.0,0.07296394686095477,0.0725695575805599,-0.002760800929235252,-0.0017748021166281713,0.0009887284951553,-0.0002327542289710877,0.000753244583635993
2025-07-29,2498.7259716333865,2505.149431714706,2491.3142869241715,2501.196533203125,463400,-0.0017748021166281713,0.00019760073268471068,0.010984659232708083,0.00098872849515528,0.005553351844506098,-0.002760800929235221,2504.16123046875,-0.00118390830053261,2473.7485961914062,0.011095685734987981,2499.7224324544272,0.0005897057723525112,2488.0765156906746,2479.569098010408,8.507417680266371,2.8756645836904338,5.631753096575938,18.627459862760254,56.32304734891868,68.3871283532546,72.22102464344812,-31.612871646745404,27.797305803763265,0.011113603203405169,2521.301075512074,2426.1961168707385,3.8445684734398453,0.7886067919469031,0.0015365846448832648,0.009752895009110538,0.8780489653460563,0.7639666255063299,0.45266457680250793,0.5019911625115925,0.0017779576392096264,0.0019759096980271895,0.6044402674695554,-0.0001975616947489378,-0.003740177220245111,0.750150162668329,0.003555915278819155,0.002763484666971072,1.2170281623689512,-0.010865307532405777,-0.003978547414430711,1.0480122631266804,-0.0013273787410983033,0.01814032111976496,-0.000447423375529868,-0.0071556618870568765,-0.002607316284526335,0.0187979155281158,0.0008325141678981636,-0.007813256295407717,0.9572412020438367,0.0007210284576802876,0.0009887284951548842,0.0021739130434774044,0.0,0.07487163130730173,0.07092062554025387,-0.0019755499122839915,0.007704418031955651,0.009699129057799016,-0.005199083900792807,0.004480884043446836
2025-07-30,2496.2552946113506,2521.45502145719,2495.761182320256,2520.466796875,356800,0.007704418031955651,0.00591594209789692,0.0069087116674275695,0.009699129057798952,0.010294991090873121,-0.001975549912283983,2507.619970703125,0.005123115273032219,2478.4673583984377,0.016945729921851838,2497.638924153646,0.009139780974578127,2493.0596358728785,2482.598557185563,10.461078687315421,4.392747404415432,6.068331282899989,19.62076896543939,60.74810691902443,93.54827104589104,79.648985328128,-6.4517289541089555,27.647058184704033,0.010969022967876926,2524.8834194041515,2432.051297392724,3.7455454757901205,0.9524235530390246,0.0032242316968350113,0.009447034541369692,0.8193239199873243,0.6058794761723632,-0.23003884333189473,0.17304718440010558,-0.007645513797983616,-0.0017748021166281713,1.0641107189521473,-0.005881149558039311,0.0019759096980271895,0.7325233477465147,-0.00784156503167277,-0.003740177220245111,0.9091096970935586,-0.006861308863227111,0.011783586601664453,1.8788420160695873,0.0050720459481391166,0.015145136593957834,0.0026323720838165345,-0.008236424926530265,0.0033675253234254268,0.010919374721778369,0.004336892708530224,-0.004010663054350799,0.8014319650874608,0.005005575594521024,0.009699129057795068,0.0009887284951548842,0.0,0.06665368541950707,0.07802391471673922,0.0017643590051110714,0.00842971873234677,0.006653620352250478,-0.0039865863012625204,0.0026787734259731775
2025-07-31,2524.91380516515,2541.713623046875,2518.984457677482,2541.713623046875,525500,0.00842971873234677,0.01619908284130811,0.012598368829872308,0.006653620352250532,0.009023146331894898,0.0017643590051110557,2513.944580078125,0.011046004429769996,2483.2602416992186,0.02353896718719861,2495.7201212565105,0.018428950184602444,2500.544864668878,2486.9774509530675,13.56741371581029,6.227680666694404,7.339733049115885,21.1849147348189,64.96298469649422,100.0,87.31179979971522,-0.0,27.29578012646752,0.010739124926960107,2534.737237498472,2431.783245899965,4.145920345749131,1.067762166770658,0.006872275984217143,0.01038950313707658,1.275110950424754,0.9072060298557966,0.47281390134529144,0.10383774593150341,-0.008359252584638988,0.007704418031955651,0.8657651514967691,-0.015940855601255466,-0.0017748021166281713,1.124427049337452,-0.01419124012764339,0.0019759096980271895,0.7740445160523245,-0.012441624654031425,0.002763484666971072,1.5585228610044137,0.00985545926720425,0.017925540712035358,-0.0014257405348574812,-0.0053271718821630495,0.007175837197541762,0.011713524462940475,0.0012538815348050077,0.0008848443669318331,1.0803751739959098,0.0006771223714862667,0.006653620352247897,0.009699129057795068,0.0,0.05773725784316904,0.08573094569025588,0.0011664990477651127,0.011664167193120134,0.010485436893203914,-0.005330089886012392,0.00516757825934263
2025-08-01,2544.6785295678505,2576.7958313973477,2540.725630881143,2571.360595703125,584300,0.011664167193120134,0.020192211574151964,0.028255342712794507,0.010485436893203847,0.014196810579541141,0.0011664990477650151,2528.076220703125,0.01712146755881605,2489.5354736328127,0.032867626485304724,2494.4519002278644,0.03083190157613558,2511.4395925203003,2493.228054267887,18.211538252413447,8.624452183838214,9.587086068575234,23.46841163178451,69.83104179094049,95.75289983975138,96.43372362854747,-4.247100160248616,27.92252444002018,0.010859046563391104,2550.894135010431,2428.1768122551944,4.929326135536581,1.1667772750674732,0.011243089949697117,0.012241118260801797,1.2990188994688763,1.0095268372075343,0.11189343482397707,0.45629292197259885,-0.011529683042813987,0.00842971873234677,1.1682944235339627,-0.019792556094291647,0.007704418031955651,0.7932396771016517,-0.02728674563117306,-0.0017748021166281713,1.0302333698680084,-0.027478916509822038,-0.003740177220245111,0.880167007187623,0.006705504881705867,0.020573614443035626,0.004958662311414267,0.007681728269758881,0.006013271213692384,0.01586822149548115,0.00565089597942775,0.012387121217313356,1.1435551994612019,0.004787659630931837,0.010485436893199725,0.006653620352247897,0.0,0.045541882518073416,0.096272178101945,-0.011913929853641592,-0.011913929853641592,0.0,-0.009193580295562963,-0.009193580295562963
2025-08-04,2540.7255859375,2567.4076516007876,2529.8551147413455,2540.7255859375,571300,-0.011913929853641592,-0.0003887287302613007,0.01400120587158904,0.0,0.014843750000000128,-0.011913929853641557,2535.092626953125,0.0022219933597229513,2494.204833984375,0.0186515362805193,2492.1707478841145,0.01948294999192557,2515.9451299691,2496.746389947117,19.198740021982758,10.739309751467124,8.459430270515634,24.907743092051852,60.47994967648154,71.8146638175118,89.18918788575438,-28.185336182488204,28.89273562014585,0.011371844240106463,2556.218059836311,2432.191608132439,4.972584850048014,0.8750873407569442,0.010327089112838556,0.012520877425562734,1.1420038739777836,0.9812003860911024,-0.022248844771521448,0.13426803867317427,0.012057583051933163,0.011664167193120134,1.1679903090586714,0.0003888798986571018,0.00842971873234677,1.0504516642312713,-0.007973623430889587,0.007704418031955651,0.7132276951431353,-0.013807878916621052,0.0019759096980271895,0.6376671377540923,-0.0014948877931798875,0.01888100356002793,-0.010419042060461705,-0.004879797688438891,-0.0023788528611127383,0.010903551302715543,-0.009535076992528854,0.003097654568873497,1.2684469350328915,-0.008896481233068914,0.0,0.010485436893199725,0.0,0.058148590601221135,0.08537540483271085,0.0068066828485806585,0.014974710795198298,0.008112806644774873,-0.0009642952413400118,0.007203732705277628
2025-08-05,2558.0194992062507,2583.713340032738,2543.690241822248,2578.772216796875,728200,0.014974710795198298,0.002882373287564244,0.03101542904123722,0.008112806644774944,0.015734265734265743,0.006806682848580593,2550.607763671875,0.011042251782156898,2500.282421875,0.031392371611356884,2491.091935221354,0.03519752937849496,2525.6108356349114,2502.8223771211733,22.788458513738078,13.149139503921315,9.639319009816763,26.612263410347246,66.48288082867788,96.33699803214431,87.96818722980248,-3.6630019678556933,29.899522654081,0.011594479907654649,2569.9577513009417,2430.6070924490587,5.573396734412981,1.0632538487335195,0.009317165301834015,0.013860351682046374,1.3162913193823083,1.2389600357974722,0.27463679327848767,0.5896560491047107,-0.014753777248158184,-0.011913929853641592,1.0326795259037527,-0.0028740890903319327,0.011664167193120134,1.0561782723360105,-0.014370634796514348,0.00842971873234677,0.9498916346270297,-0.03008241018319857,-0.0017748021166281713,0.8376399305160144,0.003795005595156425,0.02419994674348714,0.011179705200041874,0.006815482297750079,0.006126372239386715,0.019940095839136175,0.008848338555811583,0.011075333202101044,1.3623756568268601,0.00662829039159798,0.008112806644771771,0.0,0.0,0.0425369020004485,0.09886957237514123,-0.011688126908445673,-0.03084888443251599,-0.019387359441644048,-0.021490661150232897,-0.04065141867430321
2025-08-06,2548.6311998589795,2549.6194244420967,2499.219970703125,2499.219970703125,1303400,-0.03084888443251599,-0.01633612676004914,-0.008429718732346658,-0.019387359441644002,0.02016607354685648,-0.011688126908445624,2546.3583984375,-0.018512094669894674,2501.5424072265623,-0.000928401820303848,2488.9013671875,0.004145846697927169,2521.550702568483,2502.555532201318,18.995170367164974,14.318345676570047,4.676824690594927,25.946514723021007,49.53896669564779,36.90021775416035,68.35062653460548,-63.09978224583965,33.446145756914504,0.01338263384134669,2570.1761223239564,2432.9086921291682,5.487311740078607,0.48308093536724855,0.012575477893306607,0.014087736721563415,1.7553239484419043,2.1265036358089247,0.7898928865696238,-0.011800263657117172,0.03183083002907394,0.014974710795198298,0.9806865883500036,0.016607427805436892,-0.011913929853641592,0.7693851248617921,0.028865256297818,0.011664167193120134,0.7868925756288205,0.00850138299946801,0.007704418031955651,0.48051218720582434,0.0090450815960117,0.028212345918978712,-0.03989396602852769,-0.03664206465132537,0.0071951771838161946,0.023579771791953537,-0.038044061616332184,-0.032009490524300195,0.9335510011087974,-0.03756594929562278,-0.019387359441636397,0.008112806644771771,0.0,0.07572171692747917,0.07018584289902713,0.0059312423554602756,0.00929225476112916,0.0033411949685535625,0.0016884970177475271,0.005049509423416411
2025-08-07,2514.0434500489714,2528.866819447845,2504.6553160963513,2522.443359375,657300,0.00929225476112916,-0.021843285364630538,-0.007581603016619476,0.0033411949685535343,0.009666600907476878,0.005931242355460213,2542.504345703125,-0.00789024662357829,2502.5553344726563,0.007947086974413153,2487.8719685872397,0.01389596861223441,2521.68803438487,2504.0287045845535,17.659329800316755,14.98654250131939,2.672787298997365,25.328319513360928,53.28217787024969,47.45764520921176,60.231620331838805,-52.54235479078824,33.17476739890061,0.013151838385424584,2571.792392356279,2433.3182765890338,5.53330884875018,0.6436226892813133,0.013189018011123184,0.0140807368947694,0.8548564769716778,1.0819022913679899,-0.4957035445757251,0.026157993178567596,-0.00920670372500254,-0.03084888443251599,1.6951467093943173,0.022331069283081817,0.014974710795198298,0.9470660071972855,0.00724782441339844,-0.011913929853641592,0.7430085277558489,0.007639522845675373,0.00842971873234677,0.6834429920106749,0.0057961573192134635,0.024110156046149408,0.003496097441915696,-0.03169175906276889,0.004544738672738344,0.020930836738351583,0.004747516088390816,-0.02851243975497106,0.873720683041246,0.005321422583740248,0.003341194968552205,-0.019387359441636397,0.0,0.06581786578960325,0.07874636636240015,0.0023506367807577533,0.013516160778511033,0.011139339456712971,0.0008056987906058318,0.01197122278835911
2025-08-08,2528.372707512925,2557.0312216883694,2522.937472065858,2556.537109375,678000,0.013516160778511033,0.02293401114898641,-0.005764841521214814,0.011139339456713002,0.013513513513513474,0.0023506367807577403,2539.5396484375,0.006693126822001405,2506.903527832031,0.019798760100222967,2487.6331461588543,0.027698603116586007,2527.049430537198,2507.9182160505125,19.13121448668562,15.815476898392637,3.3157375882929845,25.548951331554612,58.18609156255807,76.69489792935278,53.684253630908294,-23.305102070647223,33.2757027499341,0.013015927923712414,2578.2013943108986,2435.6056613531637,5.688122074687561,0.8480719970609507,0.011972565476276413,0.014306474818789177,0.8607982570739715,1.1344982857028116,0.03149246919214965,0.04474039669186469,-0.013335910468877055,0.00929225476112916,0.8345172483402972,-0.022419834416901874,-0.03084888443251599,1.6548148204575435,0.008697353673971175,0.014974710795198298,0.924532877288003,0.005798267614720132,0.011664167193120134,0.7418354301007692,0.003979358663387147,0.021305795091935677,0.009536802115123887,-0.02707063661315049,0.0017682287029927037,0.016301836514202306,0.011747932075518329,-0.02206667803541712,0.71556414886631,0.01225087971165308,0.011139339456708598,0.003341194968552205,0.0,0.05160421415572041,0.09103212233935846,0.0021260008962800114,0.003092371196083521,0.0009643201542912649,-0.0009624683820186291,3.901917784880377e-06
2025-08-12,2561.9723095609043,2587.1720371959295,2554.5606249623675,2564.44287109375,804600,0.003092371196083521,0.01665032896086771,0.009334847213536612,0.0009643201542912768,0.012765957446808487,0.0021260008962799685,2544.28310546875,0.007923554411323197,2511.5481811523437,0.021060591366444115,2487.3531494140625,0.030992672551067413,2532.8022675458983,2512.1052275351967,20.697040010701585,16.791789520854426,3.905250489847159,26.440092814630628,59.25415533865929,77.66987010345628,67.27413774734026,-22.330129896543724,33.2282534273361,0.012957299147456186,2585.0959384474304,2438.000423857257,5.856766583019857,0.8595941731383011,0.012716343525007513,0.014712436701106776,0.9644001385591051,1.3302229768492264,0.1867256637168142,0.42884942169599305,-0.003082837917295911,0.013516160778511033,0.8126563434539812,-0.016377635935333035,0.00929225476112916,0.7878451542069349,-0.025433555618176618,-0.03084888443251599,1.5622658968405887,-0.00924851375110769,-0.011913929853641592,0.684764851054955,0.0023681172446968855,0.025143163979307118,0.0007242539513866355,-0.015808316765770505,0.004316131940360338,0.023159135898395498,-0.0012237607442768172,-0.013824288684858885,0.7229646438985557,-2.8039595198273582e-05,0.0009643201542909003,0.011139339456708598,0.0,0.048362288810743094,0.09383432297786021,0.000385324958105171,0.004431567605277964,0.004044684129429932,-0.0009170178935014896,0.003129224753671303
2025-08-13,2565.4310149356174,2575.807373046875,2544.6782987131032,2575.807373046875,554800,0.004431567605277964,0.007537642853377546,-0.0011497113745403409,0.004044684129429988,0.012233009708737795,0.00038532495810522443,2543.69013671875,0.012626237710125388,2516.341064453125,0.02363205426830728,2487.3449137369794,0.03556501505694043,2539.418437622972,2516.823904980506,22.594532642465765,17.952338145176697,4.6421944972890685,26.821490996647377,60.80407336277891,88.14424069328192,80.83633624203031,-11.855759306718083,33.078312063510076,0.012841919939210947,2593.435433359219,2439.246695547031,6.127497579335415,0.8856721926486211,0.012362874171608243,0.01535385650203459,0.6938287013472633,0.9161601199529039,-0.3104648272433508,0.3178806433924328,-0.004412015460875773,0.003092371196083521,1.0062266998990772,-0.007481251849230097,0.013516160778511033,0.8479016934272612,-0.02071739301286768,0.00929225476112916,0.8220144293358979,0.001151034731875944,0.014974710795198298,0.9106814353299876,0.0014256304802713839,0.022614401444849958,0.00300593712500658,-0.0237641128193903,0.0018013921740125947,0.018360981222392773,0.002630175431265369,-0.019510692596933114,0.715419578376314,0.003142816375655482,0.004044684129428412,0.0009643201542909003,0.0,0.043736898184318,0.09783233995464503,-0.005179312855625007,-0.002493719022223284,0.002699575780948704,-0.004938143871573062,-0.0022525500381713392
2025-08-14,2562.46646080604,2569.384033203125,2540.231406672551,2569.384033203125,360300,-0.002493719022223284,0.001926797498619015,0.028074384536972197,0.002699575780948664,0.01147636646566811,-0.005179312855624955,2557.72294921875,0.004559166186053343,2521.9245361328126,0.018818761778680804,2487.9707885742187,0.03272274939953346,2544.028529250688,2520.7172478118114,23.31128143887645,19.024126803916648,4.287154634959801,26.973681517327584,59.42809257315823,81.4433324980241,82.41914776492077,-18.55666750197589,33.256715942853916,0.01294345863174897,2597.384061202782,2446.465011062843,5.98428097183916,0.8144698898270685,0.008150523878132586,0.015065836437823157,0.5896880692502958,0.6017677240052377,-0.3505767844268205,0.7595496843886249,0.0024999532026903637,0.004431567605277964,0.9080181538164422,-0.00192309208997965,0.003092371196083521,1.3168554552283875,-0.005000001425674139,0.013516160778511033,1.1096544850172094,-0.027307736638147673,-0.03084888443251599,2.133220731226299,-0.001625426439361064,0.011771155190022095,-0.0008682925828622202,0.016303229346950103,-0.000337101459536922,0.010833337191227643,-0.0021566175626863623,0.017241047345744553,0.5875500666178445,-0.002295655037215393,0.00269957578094761,0.004044684129428412,0.0,0.04634619158610616,0.0955769630231999,0.0015385039973883075,0.009038504315341145,0.00748847926267282,-0.00026509346687022834,0.007234906851082609
2025-08-15,2573.3370408090336,2596.5603205551984,2571.3605914689347,2592.607421875,548500,0.009038504315341145,0.006522245802974114,0.027815911996289522,0.007488479262672854,0.009800153727901656,0.0015385039973882782,2571.75576171875,0.008107947288628292,2529.0644653320314,0.025125083766340817,2488.5060791015626,0.041832866572694805,2551.5022050390435,2526.042445890566,25.459759148477588,20.311253272828836,5.148505875648752,27.74295852879693,62.71344059092102,96.24413524783604,88.61056947971402,-3.755864752163954,32.82239961494102,0.0126599960094193,2602.883872324253,2455.24505833981,5.837684883412415,0.9303946559044034,0.005253046393676505,0.01460635977871642,0.9308585112033956,0.9214445428139925,0.5223424923674715,0.5965636475728415,-0.008957541537881863,-0.002493719022223284,0.6114645790092679,-0.006479981769460741,0.004431567605277964,0.9415502315690863,-0.010863407450199425,0.003092371196083521,1.3654854295610794,-0.02706312645291653,0.00929225476112916,1.1155028248204046,0.0015525517222121665,0.007641439500370861,0.007485952593128979,0.02017447249591866,0.0030696915322309636,0.009249195080888823,0.005968812783110181,0.018566716915400697,0.535425328075844,0.007394913719604741,0.007488479262669944,0.00269957578094761,0.0,0.03697350211237274,0.10367836994438798,-0.0013341730543987573,0.00686098544916236,0.008206106870229046,-0.006385358015412007,0.0018098004881491108
2025-08-18,2589.1484349121,2628.1833063544773,2582.724975054494,2610.395263671875,562100,0.00686098544916236,0.01596150281109332,0.021066838458700055,0.00820610687022901,0.017600918308781334,-0.0013341730543987632,2582.527392578125,0.010790929526179882,2536.130261230469,0.029282802849544876,2489.9554728190105,0.04837025889280655,2560.5626755979406,2532.2908027632557,28.271872834684928,21.903377185200057,6.368495649484871,29.05426157357013,65.04802724980921,87.00360186940624,88.23035653842213,-12.996398130593766,33.72496616387262,0.012919486421539459,2612.634508160365,2459.626014300573,6.033148068094736,0.9853652275634982,0.007225932622814206,0.015034447519302321,0.9930025209297231,0.9325111441800588,0.02479489516864164,0.4785310862612562,-0.006814233095430611,0.009038504315341145,0.9689768417184721,-0.015710735856931612,-0.002493719022223284,0.6365038396921886,-0.013250058758279448,0.004431567605277964,0.9801063842942722,-0.02063218358054153,0.013516160778511033,1.1977507724432526,0.003204465796928724,0.006892516522602534,0.003656519652233636,0.01417432193609752,0.009433967158717863,0.016644218394257403,-0.002572981709555503,0.004422620064442651,0.5214099713657917,0.0019420209030694595,0.00820610687022584,0.007488479262669944,0.0,0.02990732295559128,0.10978611445971988,0.001325031999867221,0.007003623863760522,0.00567107750472573,-0.000857745680828107,0.004820846183065193
2025-08-19,2613.854120928542,2628.677490234375,2609.407110136792,2628.677490234375,447800,0.007003623863760522,0.013912661074343635,0.025048177077631184,0.005671077504725838,0.007384964968755909,0.0013250319998672781,2595.37431640625,0.01283174207920279,2543.369006347656,0.03354152845016789,2491.791923014323,0.05493458982458166,2571.0418778496996,2539.430557390746,31.61132045895374,23.844965839950795,7.766354619002946,30.28057853790782,67.31329403200748,100.0,94.41591237241408,-0.0,32.69249573056621,0.012436860684510553,2625.8962989337215,2460.8417137615907,6.489604330326943,1.0168501305053301,0.00931978318200006,0.016105287918359107,0.9051932379356419,0.7542009057821508,-0.20334460060487458,0.336236165192872,-0.006954914260654643,0.00686098544916236,1.1362418915668253,-0.013721754948776588,0.009038504315341145,1.1087505382038847,-0.02255638329635512,-0.002493719022223284,0.7283187218137824,-0.024436097383659372,0.003092371196083521,1.62643697910455,0.003725428781609136,0.008339138353343566,0.0032781950821513858,0.01670903872428762,0.004186298307601821,0.016235487397176486,0.0028173255561587006,0.008812689680454698,0.7644710002548943,0.0038033202091827863,0.0056710775047236674,0.00820610687022584,0.0,0.022744405828406537,0.11597747570695814,0.003947400654719546,0.013533867127925259,0.009548773637895636,0.005390781936077463,0.014977248409283175
2025-08-20,2639.053933480373,2670.1830100220814,2630.159911611314,2664.253662109375,629500,0.013533867127925259,0.020632277106471975,0.03433730720239314,0.009548773637895587,0.015216982904377153,0.003947400654719643,2613.06357421875,0.019590066003239093,2552.8806762695312,0.04362639698520776,2494.2295450846354,0.0681669886232954,2585.3821523511883,2548.6767132958294,36.705439055358966,26.41706048303243,10.288378572326536,32.069845302619136,71.22192140473473,96.53179544752693,94.51179910564439,-3.4682045524730656,33.32199744893336,0.012507066396425166,2644.5847489182374,2461.176603620825,7.184360279831907,1.1072412196265478,0.013530064382380112,0.01765717631801814,1.2351831975841818,1.053448936593921,0.405761500669942,0.31684610183595985,-0.013353147405573917,0.007003623863760522,0.8786577218080963,-0.0202151916705402,0.00686098544916236,1.1029332412423647,-0.026891673737486244,0.009038504315341145,1.0762477901110783,-0.03319739795100485,0.004431567605277964,1.0886094329145417,0.003531183395896233,0.010473714493919782,0.010002683732029026,0.02386359270847336,-0.0018880785286513886,0.012612430132652331,0.015421945656576647,0.02172487706974081,0.4166212850118941,0.014320480830735366,0.009548773637891968,0.0056710775047236674,0.0,0.009087549019537573,0.12778195878335888,0.0003709119322818921,-0.0033382868513008868,-0.0037078235076010158,-0.0005983969068708211,-0.0043075956904536
2025-08-21,2665.241865583277,2665.241865583277,2631.64222767826,2655.359619140625,378700,-0.0033382868513008868,0.010150400345943833,0.033461555309160396,-0.003707823507601032,0.01276755538865935,0.00037091193228189516,2630.25869140625,0.009543140306075948,2560.4900024414064,0.03705135212702415,2496.4283447265625,0.0636634633430293,2596.14791647264,2556.579150765814,39.56876570682607,29.04740152779116,10.521364179034912,33.73130729842249,69.0005045077374,91.32947627714948,95.95375724155879,-8.670523722850513,33.34182891008219,0.01255642688460417,2659.405358147393,2461.5746467354197,7.726283298249298,0.9795494896727986,0.01129851458357608,0.019109466927110807,0.7377449977694269,0.6579381708380676,-0.3984114376489277,0.3345537926698472,0.003349468337032757,0.013533867127925259,1.2263281650273417,-0.0100484050126044,0.007003623863760522,0.8723586216032463,-0.01693343347756615,0.00686098544916236,1.0950263090736596,-0.03237813263361011,-0.002493719022223284,0.7018999807138223,-0.0015181608199802122,0.01058010130108214,-0.0018201260313206746,0.022881454008078256,0.002326594617279433,0.014504147459508903,-0.00566488146858032,0.01895740784965149,0.2618348104198176,-0.003947470311840015,-0.0037078235075996406,0.009548773637891968,0.0,0.012467455814652435,0.12486049207098661,0.0011164507048588845,-0.002233009539135078,-0.0033457249070631967,-0.00013292393279103957,-0.0034823841767850023
2025-08-22,2658.3241972590686,2658.3241972590686,2634.6068066515527,2649.43017578125,327400,-0.002233009539135078,-0.005563841964052574,0.021917222571690154,-0.0033457249070632435,0.00900225056264067,0.0011164507048589596,2641.6232421875,0.002955354672864674,2567.456982421875,0.03192777675325176,2498.610673014323,0.060361345764971874,2604.3451871355032,2563.457004470661,40.888182664842134,31.415557755201355,9.472624909640778,35.27409343738276,67.48920656031123,87.86121589584405,91.90749587350683,-12.13878410415595,32.654369031327455,0.012325053639764702,2670.7243190164336,2464.189645827317,8.044328477678842,0.8968979740477511,0.008235953085815899,0.019994875273930582,0.6979307228080947,0.5848089010987048,-0.13546342751518348,0.15669123449121103,0.0022380070298038124,-0.0033382868513008868,0.8072888354533458,0.005594971500899604,0.013533867127925259,1.3419284972745742,-0.00783288638348345,0.007003623863760522,0.9545918682757019,-0.021447160384392094,0.009038504315341145,1.1692577930978616,0.0010615554904453096,0.010067342020287888,-0.003294565029580388,0.011849880551402266,0.00477161396395963,0.01555605997713719,-0.007004623503094708,0.006361162594552964,0.23352003615267086,-0.00334727700450552,-0.003345724907061985,-0.0037078235075996406,0.0,0.014733365098595344,0.12290192369985213,-0.0018649864267162863,-0.00018650826487787153,0.0016816143497757619,-0.0033234820815188967,-0.0016450039196804816
2025-08-25,2644.4890244648855,2656.347719641858,2625.7127571013452,2648.93603515625,519500,-0.00018650826487787153,-0.0024191013292782504,0.014764343170835525,0.0016816143497757174,0.011667293940534548,-0.0018649864267162727,2649.331396484375,-0.00014923060574811853,2574.8686645507814,0.028765494576152184,2500.727119954427,0.05926632858824865,2611.2053176002337,2569.7887845214455,41.416533078788234,33.41575281991873,8.000780258869504,36.22558701942595,67.35680271170779,87.57218229713848,88.92095815671068,-12.427817702861521,32.51012571055498,0.012272899488350638,2679.180422436799,2470.556906664764,8.102297357695788,0.8550288678214147,0.004942943899969098,0.02020086631737953,1.1279232100325458,0.917810469929561,0.5867440439828955,-0.022750981836033413,0.00018654305632215262,-0.002233009539135078,0.7108413069579509,0.002424967571175607,-0.0033382868513008868,0.8222223669669396,0.005782558260685189,0.013533867127925259,1.3667519936775507,-0.014549528933071043,0.00686098544916236,1.2204150844259751,0.0005578677072104027,0.007392479942181364,-0.0007443759720882743,0.007371863228654162,0.006245698137221399,0.012457993786757375,-0.006432206402099271,0.0023063493840781504,0.14506378007443252,-0.0010925328458670494,0.0016816143497750814,-0.003345724907061985,0.0,0.014922656562255925,0.12273830714367374,-0.000186488263055562,-0.007274718383578627,-0.0070895522388059184,0.00045183334973896685,-0.006636396770784098
2025-08-26,2648.4420396761084,2651.900825921954,2611.8777279343117,2629.665771484375,790700,-0.007274718383578627,-0.007459869853353229,0.00037596139262863204,-0.0070895522388058855,0.015323496027241645,-0.0001864882630555788,2649.529052734375,-0.00749691015106746,2581.069775390625,0.01882785058973324,2502.51416015625,0.05080954719518349,2614.045387428563,2574.22411688907,39.82127053949307,34.696856363833604,5.124414175659467,36.390347708756835,62.22954995735271,76.30058596342829,83.91132805213694,-23.699414036571714,33.04676658748979,0.01256690753092292,2682.8992855987226,2479.2402651825278,7.890488756173691,0.7386145037643788,0.004831610439993512,0.019864667633774827,1.4942522219135574,1.3410650502199775,0.5220404234841194,-0.19907553616031692,0.007328027721176911,-0.00018650826487787153,0.9817427966157748,0.00751593777056736,-0.002233009539135078,0.6187152870298454,0.009770765522318259,-0.0033382868513008868,0.7156612070806427,-0.0003758200991610394,0.007003623863760522,0.8462452826266486,-0.005122495110197574,-0.0016266144732495287,-0.002152223273381053,0.0020025758658781608,-0.004400282499649497,0.0047856367654543295,-0.0028744358839291294,-0.0044096753728256975,0.3953897868600467,-0.005534891623918218,-0.007089552238803209,0.0016816143497750814,0.0,0.02236003792478064,0.11630970913936237,0.0031942691024415826,0.009394945423921497,0.0061809327589437135,0.0038993801829349437,0.010100056504414858
2025-08-27,2638.065631607976,2660.7947979413657,2620.771700702136,2654.371337890625,462400,0.009394945423921497,0.002051881458154714,-0.0037092279760351232,0.0061809327589436944,0.01527149321266975,0.0031942691024415934,2647.552587890625,0.002575491807107033,2588.728515625,0.02535716737710958,2504.918839518229,0.05966360906131407,2620.249379807342,2580.1609480743705,40.08843173297146,35.77517143766118,4.313260295310279,36.73996303114852,65.82163333766272,90.44771798817494,84.77349541624723,-9.552282011825062,33.54507591975692,0.012637672597234218,2688.3944616185563,2489.0625696314437,7.699992130653673,0.8293141986023441,0.003918891738329959,0.019261642402810596,0.9327451229573507,0.7843190468759541,-0.41520171999494115,-0.2045762734178549,-0.009307501951431485,-0.007274718383578627,1.5949860915276324,-0.0020476798621900105,-0.00018650826487787153,1.0479262356754837,-0.0018615187859509774,-0.002233009539135078,0.6604255044468785,0.003723037570771748,0.013533867127925259,1.2698162952025351,0.004114943720128046,-0.0009946473636544251,0.005280001703793451,-0.002714580612380698,-0.0017833315475671203,0.005178482469111476,0.011178276971488618,-0.0088877104451466,0.1858808399840041,0.009726432589953248,0.006180932758941352,-0.007089552238803209,0.0,0.012844419877115378,0.12453465824567585,-7.784871525196024e-09,0.009493663027297261,0.009493670886075778,-0.00016417367972881822,0.009329497132439968
2025-08-28,2654.3713172266853,2682.535718768368,2651.4066433801922,2679.571044921875,473800,0.009493663027297261,0.018977800897233443,0.009117946061515392,0.009493670886075826,0.01174058889303014,-7.784871478615337e-09,2652.394873046875,0.01024589971506451,2596.683728027344,0.03192045145847122,2508.097627766927,0.0683679196756588,2629.3757898249623,2587.5246589519634,41.851130872998965,36.99036332472874,4.860767548270225,37.506892685019984,69.0544280255631,98.14241452663376,88.29690615941233,-1.8575854733662402,33.372504453215406,0.012454420462725949,2698.6577430988077,2494.70971295588,7.854172918388616,0.9064139125856883,0.0066754178880589245,0.019522365741479784,0.9204271496869421,0.7957595321511708,0.024653979238754342,-0.09718719689621724,-0.00940438100344354,0.009394945423921497,0.8982809498000043,-0.018624351659963678,-0.007274718383578627,1.5360526535615557,-0.011432803703663952,-0.00018650826487787153,1.0092062141459823,-0.00903556031034325,-0.0033382868513008868,0.7356812190511713,0.0037707299171218438,0.004327323395575733,0.005722933110175417,0.004790622665939659,0.0008831781418215038,0.004578076979737693,0.008610484885475757,0.0045398690817776985,0.12476007194543406,0.009383477658782976,0.00949367088607225,0.006180932758941352,0.0,0.0033192450557572454,0.1327678678745167,-0.0023971547301845364,-0.011985943631114382,-0.009611829944547234,-0.002585824199248007,-0.012174613100177853
2025-08-29,2673.147698516675,2673.147698516675,2643.995071120652,2647.453857421875,458600,-0.011985943631114382,-0.002606071113715025,-0.0007459409111592041,-0.00961182994454722,0.011025976452999495,-0.002397154730184515,2651.999609375,-0.001714084699731444,2601.970739746094,0.01748025716815027,2511.0787719726563,0.054309361765274566,2632.1570309937183,2591.9638588386233,40.193172155095,37.630925090801995,2.562247064293004,37.82639775918401,61.11965655431516,75.34729564423066,87.97914271967979,-24.652704355769345,33.52989512093023,0.012664959212384313,2702.956226315072,2500.9852531771157,7.762230760429881,0.7251963089998775,0.006795466431980552,0.01956765418291641,0.8476878970648852,0.7745823487782509,-0.03208104685521318,-0.12084881560613103,0.012131349299611127,0.009493663027297261,0.8757839634307515,0.002612880465642453,0.009394945423921497,0.8547119136563518,-0.006718940875447554,-0.007274718383578627,1.4615499786506865,0.000746497753996378,-0.002233009539135078,0.6051744821174083,-0.00271783258054131,0.0006821539723612135,-0.009268111050573073,-0.0014280948835204176,0.001512258418270138,0.0016197813201097363,-0.01349820204938452,-0.0023657222312689404,0.10751364747904489,-0.012148532049593496,-0.009611829944543624,0.00949367088607225,0.0,0.015490861276929833,0.1222471719555283,0.0003732339287465525,0.021836465626844603,0.021455223880596952,0.00035678382794444543,0.021820015526042496
2025-09-01,2648.4419770262557,2705.264892578125,2648.4419770262557,2705.264892578125,526600,0.021836465626844603,0.009588791349623982,0.021264710311720503,0.021455223880597018,0.021455223880597018,0.00037323392874652147,2663.265380859375,0.015769931160289463,2608.6659545898438,0.03703001444753107,2515.171667480469,0.07557862851047581,2643.404394314396,2600.3565280045123,43.04786630988383,38.71431333461837,4.333552975265462,38.737148950477426,68.20231522377402,100.0,91.16323672362147,-0.0,35.26426226631021,0.013035419327343666,2718.051991672046,2499.2799175076416,8.386358313891574,0.9415505880137536,0.010915426427999564,0.02074246155608969,0.9708326189435881,0.893790649992532,0.14827736589620577,0.03351595736330659,-0.021369824195712872,-0.011985943631114382,0.8454687410701281,-0.009497719697517004,0.009493663027297261,0.8734912549477251,-0.018812780525894968,0.009394945423921497,0.8524743695395274,-0.020821937835881377,-0.00018650826487787153,0.9577431552244474,0.004293917234996287,0.0042507071468377575,0.017542548391848316,0.017014003164882746,0.0001530047690486295,-0.004258414455747473,0.021683460857795975,0.025523124767467976,-0.2172666867999428,0.02186970846608039,0.021455223880588917,-0.009611829944543624,0.0,0.0,0.141004595577804,0.0023744696869965054,0.008584515599780351,0.006195335276967917,0.002973047129922417,0.009183093042706262
2025-09-02,2711.6884620608475,2735.405853857298,2694.888642871695,2728.48828125,598600,0.008584515599780351,0.030608436706442754,0.03757987453661937,0.006195335276967921,0.015034836817015024,0.002374469686996478,2683.0298828125,0.01694293407900127,2618.054089355469,0.042181783922071725,2519.1080973307294,0.08311679206622724,2656.4942230737197,2609.8477689856595,46.64645408806018,40.30074148530673,6.345712602753451,40.0426460276682,70.5251452028495,96.45569760433337,90.60099774952134,-3.5443023956666364,35.63947288911684,0.013061984958490015,2734.5060368092,2501.602141901738,8.896068872465502,0.9741620655953782,0.012509245907844559,0.021894390744992723,1.1876960561586187,1.0136468086043138,0.13672616786935055,0.2872710327275334,-0.008511448933996246,0.021836465626844603,1.0448391967476256,-0.029699384961980102,-0.011985943631114382,0.9099188295261319,-0.017928329274955357,0.009493663027297261,0.9400774998462305,-0.036218777425466975,-0.007274718383578627,1.5688460935593382,0.005253698852270893,0.014842834580167445,0.0033308167475094583,0.02273703995645193,0.0027550355360142086,0.002994904464751784,0.005829480063766143,0.03458497007186759,-0.574495625364,0.010167271462942877,0.006195335276965637,0.021455223880588917,0.0,0.002535313292284481,0.14831589109676613,-4.151224564097333e-08,-0.000724416708542508,-0.0007243752263673686,-0.0026733869987693184,-0.0033977621950661853
2025-09-03,2728.4881679843243,2741.3350880074304,2720.088258738447,2726.51171875,833000,-0.000724416708542508,0.007853880124702561,0.027177953525034493,-0.0007243752263673437,0.0078110808356039564,-4.151224563238328e-08,2697.457958984375,0.010770792429904308,2625.441064453125,0.038496638017996965,2523.5056966145835,0.08044603283704865,2667.266145485455,2618.4895430422775,48.77660244317758,41.9959136768809,6.780688766296677,41.33733935959683,70.05607551184502,91.27906270687309,95.91158677040215,-8.720937293126912,34.61142691625015,0.012694398736017704,2749.484544063412,2501.3975848428377,9.44934405801452,0.9074001092778642,0.012556552660601338,0.023338598532738127,1.4408748341610147,1.3981647618839808,0.39158035415970605,0.050878877155814406,0.0007249418681778419,0.008584515599780351,1.0354233802266308,-0.007792677371145862,0.021836465626844603,0.9108819779942261,-0.028995973421064525,-0.011985943631114382,0.7932595425525106,-0.026458855967588568,0.009394945423921497,0.7998325610036653,-0.0006366878193856343,0.010033345241498553,-8.77288891568737e-05,0.01714460828353594,-0.004653378317423823,-7.557712499846607e-05,0.003928961608881315,0.02725353065003296,-0.5591162616877109,-0.0033261961975991658,-0.0007243752263670782,0.006195335276965637,0.0,0.005436752446536665,0.1476984696274481,0.0014497967132427458,-0.0016310296610109187,-0.0030763662685486803,0.003978057996424904,0.0008972316221712391
2025-09-04,2730.4646064784615,2737.3821787713855,2706.7472157598645,2722.064697265625,477300,-0.0016310296610109187,-0.002354264824414809,0.015858378685006613,-0.0030763662685487293,0.011317999269806527,0.0014497967132427235,2705.956689453125,0.005952795872261163,2636.58330078125,0.03242127660370664,2527.9362345377604,0.07679325928974023,2675.6966919131737,2626.1617766884515,49.534915224722226,43.50371398644917,6.031201238273056,41.84937326005219,68.94501021598116,87.85046528053141,91.86174186391263,-12.149534719468598,34.32739378019807,0.012610792761343291,2753.078191202885,2520.0884103596145,8.836807119814234,0.8668890376864961,0.01247526050942278,0.021954150432417684,0.824607262003279,0.8608127312994611,-0.42701080432172867,-0.09879366443612259,0.0016336942644459285,-0.000724416708542508,1.4391323051513334,0.002359820466363294,0.008584515599780351,1.0341711859106701,-0.006171713958661451,0.021836465626844603,0.9097803984306029,-0.015610816446582021,0.009493663027297261,0.8185604876118869,0.005412129379216891,0.011621710503377422,-0.00704315904022781,0.004236668181629192,0.004521888301997365,0.0033249337756837624,-0.006152917963008284,0.012533444909322851,0.1055210728927401,-0.0021081841661388114,-0.0030763662685476026,-0.0007243752263670782,0.0,0.007079328702640994,0.14630606950538694,0.010346692368501387,0.002904325428668697,-0.007366151634926266,0.0097265387138208,0.0022841717739881104
2025-09-05,2750.22906329539,2753.193737097002,2721.076437579539,2729.970458984375,560300,0.002904325428668697,0.001268558726738478,0.031168286967938164,-0.007366151634926242,0.011803159615035464,0.010346692368501286,2722.460009765625,0.0027586995551107663,2646.9596557617188,0.0313608116545836,2532.177364095052,0.07811186439498563,2684.04650223182,2633.8513087103715,50.195193521448346,44.84200989344901,5.353183627999336,42.59088359431626,69.86016350733937,83.84879136287564,87.6594397834267,-16.151208637124352,34.16952990428845,0.012516446759276639,2757.770447394272,2536.1488641291653,8.37268459240383,0.8745610061965741,0.0036858278936479647,0.020822473191646304,0.9351409721260229,1.0194204786527565,0.17389482505761578,0.06194485719002807,-0.002895914750186801,-0.0016310296610109187,0.7966139318146541,-0.0012669515246918062,-0.000724416708542508,1.3902774045707247,-0.0005429281223525706,0.008584515599780351,0.999063690727534,-0.030226188452664893,-0.011985943631114382,0.7654036227324542,0.0006927496086562781,0.015050114989541572,0.002211575820012419,0.016118171978396593,0.005877059791753251,0.0077966391439059516,-0.002972734363084554,0.023371647824032213,0.026777981901807878,0.0027469496279292857,-0.007366151634923564,-0.0030763662685476026,0.0,0.008506787330313608,0.14877829435053852,0.0001810008643927663,0.006334847051397752,0.006152732537097361,-2.5463949863754475e-06,0.00615129979201861
2025-09-08,2730.464585997218,2754.1819765379105,2726.5116875737694,2747.264404296875,525000,0.006334847051397752,0.009257570937444504,0.015525101380635675,0.006152732537097336,0.010148604566872,0.00018100086439277392,2730.859912109375,0.006007079350263345,2656.4960205078123,0.034168462172466274,2536.9537841796873,0.08289887716031363,2693.7723333187514,2642.2522787538164,51.52005456493498,46.17761882774621,5.342435737188772,43.29596066004459,71.81670585728921,95.1388856559687,88.94604743312526,-4.8611143440312885,33.705298408563635,0.012268676562705211,2767.366321619878,2545.6257193957467,8.34710839061387,0.9093448961472366,0.0035092628087244134,0.0207025084029386,0.876693479571372,0.9686775798190326,-0.06300196323398177,0.05674706847317568,-0.006294969383523807,0.002904325428668697,0.9356406792454091,-0.009172654438658001,-0.0016310296610109187,0.7970396148560303,-0.007553945486793778,-0.000724416708542508,1.3910203209199103,-0.01528775739752064,0.021836465626844603,0.8793653073186372,0.010766675192808757,0.021559563219654684,-0.004431828141411005,-0.006034461839019008,0.006854409718110603,0.014872376424530471,-0.000519562666712851,0.000652724956105204,0.08426072063090997,0.00575728954905024,0.006152732537095083,-0.007366151634923564,0.0,0.0025179856115099437,0.154136708925883,6.17884579057204e-08,0.001079198545783422,0.0010791366906475197,0.00024471960805952473,0.0013238563653850408
2025-09-09,2747.2645740461057,2764.064393383798,2734.417653376106,2750.229248046875,447200,0.001079198545783422,0.007420882154906883,0.007968136402225934,0.001079136690647513,0.010842067220816749,6.178845780925323e-08,2735.20810546875,0.005491773202589645,2665.7853393554688,0.031676934914343535,2542.141963704427,0.08185509987732553,2702.4580125076936,2650.2505727755242,52.207439732169405,47.38358300863085,4.8238567235385545,44.11906124102181,72.15048440377566,90.909094896021,89.96559063828845,-9.090905103979,33.415401379929925,0.012150042184173674,2775.373135280176,2556.1975434307615,8.221801981340578,0.8852797110246827,0.004623656394039643,0.020440969848473878,0.7865470899340616,0.8532625079659458,-0.1481904761904762,0.030937595722759115,-0.0010780351322001724,0.006334847051397752,0.9233837706068478,-0.007366218317211071,0.002904325428668697,0.9854703365162225,-0.010240801126757404,-0.0016310296610109187,0.8394877594488542,-0.007905147112120536,0.008584515599780351,1.0528333811147792,-0.0007590954353092311,0.015222082296125197,0.001838293981092653,-0.007253945893899263,-0.0029035809066160463,0.009064071932650077,0.003982779452399468,-0.0010959355304241431,0.12657295814007746,0.001446713370332863,0.0010791366906471203,0.006152732537095083,0.0,0.005030542579947845,0.15504857927039176,-0.004671216590153793,-0.007725474589786896,-0.0030685920577618875,-0.004946883319916248,-0.00800114131954935
2025-09-10,2737.3823315566724,2750.2292522462885,2723.053073864408,2728.982421875,421100,-0.007725474589786896,-0.006654613364946216,0.000906177335681102,-0.003068592057761842,0.00998003992015979,-0.004671216590153738,2735.70224609375,-0.002456343423098306,2673.444091796875,0.02077407575027146,2547.0089721679688,0.07144593980407832,2706.5386908718947,2656.082561597708,50.45612927418688,47.99809226174206,2.4580370124448194,44.24351552826932,66.10822839559381,76.9480647958331,87.66534844927428,-23.05193520416689,32.969742594354976,0.012081331975634492,2778.107487611222,2568.780695982528,7.8298548404654085,0.7653187852639496,0.004520373154390286,0.019674435698164294,0.8661383311976404,0.8138440457577099,-0.058363148479427585,0.09987084987084982,0.007785622216015975,0.001079198545783422,0.9198220415853355,0.006699193909907031,0.006334847051397752,1.0798447491777754,0.0003620533061901021,0.002904325428668697,1.1524514532653476,-0.0009053569221239011,-0.000724416708542508,1.7133536686954036,-0.0005744719564354634,0.015400954380567563,-0.007151002633351432,-0.014494777044886461,0.00217792752743739,0.01605416748751442,-0.009903402117224286,-0.015147990151833317,0.11749030675295163,-0.007981359963071212,-0.003068592057760721,0.0010791366906471203,0.0,0.012855330700401206,0.1484701067173954,-0.005975047114457288,-0.009958389366457654,-0.004007285974499175,-0.005729689029787891,-0.009713031281788258
2025-09-11,2712.6766233297712,2719.5941957754208,2684.0181089120797,2701.80615234375,451800,-0.009958389366457654,-0.01760693067223884,-0.0074423451221512504,-0.004007285974499202,0.013254786450662664,-0.005975047114457242,2731.650537109375,-0.010925403656572907,2680.0651977539064,0.008112099141116325,2551.431278483073,0.05893745801729833,2705.810608021411,2659.4694942455626,46.3411137758485,47.66669656456335,-1.3255827887148541,42.522320156092135,59.27096474445492,59.09086984975528,75.64934318053646,-40.90913015024472,33.826497620681074,0.012519957285360723,2773.7361771648216,2586.3942183429913,6.990201543560835,0.616049574406981,0.007142482981841538,0.017785213237968493,0.9391349897418522,0.865523873746159,0.07290429826644496,0.11233161327679286,0.01005855638705433,-0.007725474589786896,0.8753203722450066,0.017922490723511375,0.001079198545783422,0.929573190377504,0.016825134517024498,0.006334847051397752,1.0912923187571324,0.007498148933924753,-0.0016310296610109187,0.9921406166529129,-0.0015033267170544652,0.008662810498230606,-0.008455062649403189,-0.016105155620381856,-0.0020883261900516963,0.009412644597299846,-0.007870063176405958,-0.016854989719451097,0.24613933045837189,-0.009444370156259646,-0.004007285974497724,-0.003068592057760721,0.0,0.023043193156554644,0.13990494527023478,0.0025603775319364974,-0.0058522049865731285,-0.008391098139365227,0.002718737260368885,-0.005693845258140741
2025-09-12,2708.7237961118585,2714.653144078539,2684.018179584023,2685.99462890625,471400,-0.0058522049865731285,-0.01575231581712222,-0.01610853697460346,-0.008391098139365222,0.011413843888070709,0.0025603775319364176,2722.85537109375,-0.013537532172955502,2684.7345581054688,0.0004693465117349138,2555.6806477864584,0.05098993148130959,2702.761995849848,2661.4343190352433,41.32767681460473,46.39889261457163,-5.0712157999669,40.924067310499034,55.66378252831177,48.70131082314781,61.580081822912064,-51.29868917685219,33.59853096881212,0.012508785612308204,2769.376744973782,2600.0923712371555,6.305441751235366,0.5074435151512665,0.010504669745747985,0.016165529607809634,1.017481076017535,0.9097909642356038,0.043382027445772575,-0.057849569354186725,0.0058866548973453,-0.009958389366457654,0.9751759655170181,0.01600442253499179,-0.007725474589786896,0.9089123485595757,0.023914649139025856,0.001079198545783422,0.9652472150934274,0.016372270295646807,0.002904325428668697,1.2093649700734512,0.00393959885242787,0.012738638426181722,-0.009791803839000999,-0.028847175400785182,-0.0006433743365494776,0.0029440769269167754,-0.005208830650023651,-0.019052613901520236,0.2775434976724015,-0.005673640622894526,-0.008391098139362126,-0.004007285974497724,0.0,0.02906549538012632,0.13484186250380714,0.001471637432246764,0.007358318622149751,0.005878030859661987,-0.00021491147326903348,0.005671769716633954
2025-09-16,2689.947439144962,2721.0765149469703,2685.500428316104,2705.759033203125,346700,0.007358318622149751,0.0014630512466433654,-0.015107890972864912,0.005878030859662009,0.013247470101195943,0.0014716374322467358,2714.554296875,-0.003240039693807928,2689.5027465820312,0.006044346539800793,2560.0782470703125,0.05690481777206191,2703.223078519583,2664.7176311958274,38.50544732375556,44.820203556408416,-6.314756232652854,39.62563251783079,59.02101902645143,59.31030460136327,55.70082842475545,-40.68969539863673,33.73978494467315,0.012469619256789076,2767.3262448567048,2611.6792483073577,5.787203480165686,0.6044433042814276,0.00930657131867408,0.014754681317426778,0.8107267544505788,0.683326402179076,-0.26453118370810347,-0.07911228655206115,-0.007304569274400707,-0.0058522049865731285,1.1023264841303804,-0.0014609138551757717,-0.009958389366457654,1.0564936477091766,0.008582947847862954,-0.007725474589786896,0.984704460049434,0.015339640590093406,0.006334847051397752,1.2276652612822438,0.005211409099665663,0.006510434484013039,0.002146909522484088,-0.021618325456877953,0.006076701200568265,0.002047447286953045,0.0012816174215814864,-0.017155338259817958,0.26502848284238956,0.0057478197222766165,0.0058780308596598245,-0.008391098139362126,0.0,0.021548615181607035,0.14116147005213983,-0.005295825971108448,0.0001826255106003316,0.005507618872774067,-0.0037968722326599093,0.00168157924904887
2025-09-17,2691.4298042435266,2712.182521661964,2684.018119451228,2706.253173828125,266800,0.0001826255106003316,0.007542287949445559,-0.015989966745492357,0.005507618872774107,0.010493372606774593,-0.005295825971108438,2705.75908203125,0.00018260746093634594,2693.3815307617188,0.004778989875140693,2564.5829060872397,0.05524105592514261,2703.6892470285893,2667.794338057479,35.89490897111045,43.03514463934883,-7.140235668238375,38.349589211599046,59.10439701765746,51.85179822288592,53.287804549132325,-48.14820177711408,33.341543320820506,0.012320186316361885,2766.2683609678106,2620.494700555627,5.412291528224644,0.5882988259333745,0.005682080892220163,0.013816207342816427,0.681375315723476,0.5353978660341426,-0.23045860974906263,-0.09869807141699527,-0.00018259216498239805,0.007358318622149751,0.8854303671713986,-0.007485827681898205,-0.0058522049865731285,1.203899264737806,-0.001643239268365626,-0.009958389366457654,1.1538432070609688,0.016249800514978263,0.001079198545783422,1.1420953567898744,-0.005139662364815519,0.0021362532091688696,0.00532228787541585,-0.018126219954661228,-0.0056558213003088985,-0.00040758259396790045,0.00583844681090923,-0.015582384151524456,0.21120287569672622,0.0013771512336523684,0.005507618872772061,0.0058780308596598245,0.0,0.02136208840870371,0.14131828723837597,5.270604175322546e-09,-0.006207772742760742,-0.006207777980646312,-0.0005186420727124207,-0.006726420086077338
2025-09-18,2706.2531880917145,2710.2060866684415,2685.006358241807,2689.453369140625,335700,-0.006207772742760742,-0.006026280929827266,-0.014484905588807662,-0.0062077779806462615,0.009385351490614617,5.270604254505509e-09,2697.853271484375,-0.003113550478646032,2694.6415161132813,-0.0019253570252779628,2568.9310953776044,0.04691533921592339,2701.4991119689025,2669.3987107303046,32.1004012385979,40.84819595919864,-8.747794720600744,37.16469185581242,55.00666156919164,37.860043817309034,49.6740488805194,-62.139956182690966,32.759985114092935,0.012180908392008567,2766.3320964530008,2622.950935773562,5.320973488386318,0.4638156997190473,0.0035267858034386595,0.013674337008573798,0.8964406738926675,0.6941242393477672,0.2582458770614693,-0.09242048888061516,0.006246549904623144,0.0001826255106003316,0.7124527012051346,0.006062817168941637,0.007358318622149751,0.9258146608239136,-0.001286038373098486,-0.0058522049865731285,1.2588088581263135,0.014697801860751758,-0.007725474589786896,1.1244896269770697,-0.002633439137406784,-0.00046624306234474555,-0.0035743336053539582,-0.014018662526462916,0.002455683151120254,-0.00010403554392575901,-0.008663455893880996,-0.014380870044881902,0.31410500414640957,-0.0069791151091256375,-0.006207777980643968,0.005507618872772061,0.0,0.027742077665018555,0.13595448906710395,-0.004225641208492559,-0.008451251956131833,-0.004243542435424352,-0.0043063463832225275,-0.008531957130861802
2025-09-19,2678.0887041556653,2699.829645665416,2656.841874952954,2666.72412109375,895600,-0.008451251956131833,-0.014606561247357042,-0.012984658880714761,-0.00424354243542438,0.016180026036823572,-0.004225641208492548,2690.836865234375,-0.008961057600017641,2695.2097412109374,-0.010568980841312303,2572.6122314453123,0.036582228948871975,2696.1491133727254,2669.2005929794486,26.948520393276794,38.068260846014276,-11.119740452737481,34.757627776122945,49.95991670027063,15.81193737636478,35.17459313885324,-84.18806262363522,33.49054122826215,0.012558682378630727,2765.8178887109293,2624.6015937109455,5.239528962838209,0.2982837595534518,0.0061248918583017755,0.013582663133914244,1.9333349163826172,1.7578845715990548,1.6678582067322014,-0.16676108091556308,0.008523284379542195,-0.006207772742760742,0.7246767881081337,0.01482307540577077,0.0001826255106003316,0.5759421122050941,0.014637776663733115,0.007358318622149751,0.7484225273669645,0.013155478278194854,-0.009958389366457654,0.9753022724672471,-0.0013170657795378367,2.1476039585083047e-05,-0.007134186176593997,-0.013006134920299844,0.0002569369276662363,0.002017029218732823,-0.00870818888379807,-0.015001688099447585,0.3578091869562369,-0.008543186349319123,-0.004243542435422796,-0.006207777980643968,0.0,0.03650181566216434,0.1285899834602321,-0.003149896661087337,0.004817492640692089,0.007992565055761958,-0.00470789532843797,0.0032594939733414565
2025-09-22,2658.324215688676,2687.9709541536054,2654.865429534434,2679.571044921875,509400,0.004817492640692089,-0.003674473159543057,-0.0023915103609088995,0.007992565055761968,0.012469756188349182,-0.0031498966610872935,2689.5521484375,-0.0037110652501829433,2696.7167846679686,-0.006358005351013607,2576.812186686198,0.039878287896016884,2693.598641303364,2669.9687746048135,23.62986669855036,35.1805820165215,-11.55071531797114,32.43951896171077,52.60666185037438,22.624404588235393,25.432128593969733,-77.3755954117646,33.46304004189852,0.01248820780673187,2764.5856716162107,2628.8478977197265,5.033445657631297,0.3736848317612076,0.006361668244390939,0.01299312606787314,1.0818938877455446,0.982305390145321,-0.4312192943278249,-0.017887493605716065,-0.0047943956751834715,-0.008451251956131833,1.9021283193264817,0.0036880247069674965,-0.006207772742760742,0.7129795408641134,0.009957612042347685,0.0001826255106003316,0.5666456404603677,0.0023972433929475567,-0.0058522049865731285,1.0011872373051625,0.007223445482738255,0.0033574244317214575,-0.0024059528420461657,-0.005748934792630357,0.0043542724003371915,0.006957195534594417,0.00046322024035489774,-0.009348705895503316,0.4460019823886457,0.002875478518281535,0.007992565055758962,-0.004243542435422796,0.0,0.03153241584022069,0.1327678678745167,0.004241230684952413,0.002212833046771445,-0.002019831068674205,0.004297553960744269,0.0022691563225633016
2025-09-24,2690.935723860108,2711.688441524839,2674.135904798183,2685.50048828125,868700,0.002212833046771445,0.00704098599438141,-0.00748719478463411,-0.002019831068674157,0.01404286770140429,0.004241230684952477,2685.500439453125,1.818176009749095e-08,2698.5450073242187,-0.004833908275963195,2580.880379231771,0.04053659746895355,2692.352771607654,2671.119271914179,21.233499693475096,32.391165551912216,-11.15766585843712,31.171224272174417,53.82072334995981,28.054349296826643,22.163563753808933,-71.94565070317336,33.755146947952625,0.012569406371452095,2763.053745332466,2634.0362693159714,4.781001453239564,0.3988933945560914,0.005376879011878756,0.012322576183765395,1.5101496590124834,1.6206001089479065,0.7053396152336082,0.0645564088156334,-0.0022079472285508883,0.004817492640692089,0.885541885922596,-0.0069917571307202,-0.008451251956131833,1.5569126679078855,0.0014719345148597185,-0.006207772742760742,0.5835814901928061,0.007543675754024148,0.007358318622149751,0.6027039101872085,0.003460739915570992,-0.0029738296715049453,-0.0012479068687995466,-0.004513365113129165,-0.00012628481041767264,0.0009256256784816233,0.002339117857189118,-0.008412820463115733,0.5039757113617546,0.0022764775239358763,-0.0020198310686734065,0.007992565055758962,0.0,0.02925484670188993,0.13468267065683054,0.0031278839562374205,0.008095685289109644,0.0049523110785032465,0.0026792785243627843,0.007647079857235008
2025-09-25,2693.900422173013,2712.1825783763147,2690.935748194099,2707.241455078125,1346900,0.008095685289109644,0.010326432735825009,0.00036518432922583166,0.004952311078503295,0.007895703268454034,0.0031278839562374964,2685.698095703125,0.00802151195194245,2702.423791503906,0.0017827194936497204,2585.0803344726564,0.04725621829827653,2694.6433382954187,2673.7949891855824,20.848349109836363,30.082602263497048,-9.234253153660685,30.01079853818005,58.06274605192743,47.963848462831486,32.88086744929783,-52.036151537168514,33.24992860131778,0.01228184820343111,2758.7039232316984,2646.143659776114,4.165159580427772,0.5428007489172221,0.005465727098529602,0.010664397277325217,1.7022196215913585,2.3887728209475636,0.5504777253367101,0.22382222488611836,-0.00803067150035186,0.002212833046771445,1.0978678337489147,-0.01022088742965166,0.004817492640692089,0.6437825192951504,-0.014966280125978226,-0.008451251956131833,1.1318642015719214,-0.0003650510186838929,0.0001826255106003316,0.3371833061404518,0.006231558235558764,0.006270609132784335,0.00186412705355088,-0.005905424803558503,0.0008901330396706883,0.007278066991592938,0.007205552249438956,-0.006912882662367106,0.3706181875283569,0.007765785795287787,0.004952311078501457,-0.0020198310686734065,0.0,0.02098923913826224,0.14163174987202767,0.002737703583150175,0.007483094972513316,0.004732435384055211,0.0017247275356287147,0.006470118924991855
2025-09-26,2714.653079710145,2745.288043478261,2709.711956521739,2727.5,2549200,0.007483094972513316,0.015639361043508826,0.01414660365408471,0.0047324353840553085,0.013129102844639038,0.0027377035831501442,2693.307421875,0.012695386292064459,2706.080224609375,0.007915425121111985,2589.519112141927,0.053284367437199,2699.698209326893,2677.7731381347985,21.925071192094492,28.451096049216538,-6.526024857122046,29.96515817906224,61.60227475559874,66.51580555815794,47.51133443927202,-33.484194441842064,33.59254715837622,0.012316240937988599,2758.7863039734802,2653.3741452452696,3.895381880018986,0.7032002346698235,0.008829001517333459,0.009912978267797306,2.065867559833739,3.8151053748507153,0.8926423639468408,0.6908597484971364,-0.007427514178869887,0.008095685289109644,1.091525583061377,-0.01539853775242328,0.002212833046771445,0.7039930759562093,-0.017572485821854222,0.004817492640692089,0.4128169366779015,-0.013949268876392695,-0.006207772742760742,0.2720507374220093,0.002563675792270478,0.011958717774745501,0.0049194191802428375,0.0021878858793392096,0.002733206522531912,0.007134627431655792,0.0047498884499814036,0.007011976222428919,0.5290747801235275,0.006037024332572553,0.004732435384053565,0.004952311078501457,1.0,0.013405827088463565,0.1480072922202302,-0.0029330889092575863,-0.018148487626031162,-0.01526015811730097,-0.0004789157679518999,-0.015694314484725476
2025-09-29,2719.5,2732.5,2677.5,2678.0,1069600,-0.018148487626031162,-0.010801199510030779,0.004228363488018028,-0.015260158117300974,0.02054154995331466,-0.002933088909257562,2695.56259765625,-0.006515373700656801,2706.001672363281,-0.010347987826561655,2593.7175862630206,0.03249483065632419,2696.3600232766016,2677.789942717406,18.570080559195503,26.474892951212333,-7.904812392016829,28.526872865171367,50.40735484724603,21.185705111157752,45.22178637738239,-78.81429488884226,35.12165093277792,0.013114880856148172,2758.869986138128,2653.1333585884345,3.9074856689703554,0.23517528398452914,0.007969139909811868,0.010127286303998869,0.8430271737545527,1.5324309145300126,-0.58041738584654,0.7725777704279442,0.01848394324084457,0.007483094972513316,2.0092042551749305,0.010919139311842407,0.008095685289109644,1.0615868552075607,0.002800779790981034,0.002212833046771445,0.6846837189982984,-0.004210559711443573,-0.008451251956131833,0.7058855056232025,-0.005169961292167827,0.01395576771812007,-0.012978526333863335,-0.009727404230102042,-0.004638612977796239,0.0025433508043828336,-0.013509874648234922,0.001685012683635194,0.8947560049252399,-0.01399806080962383,-0.015260158117295364,0.004732435384053565,0.0,0.0321375628766862,0.1322591073676974,0.005414488424197117,-0.013816280806572045,-0.019127205199628627,0.009414793937968569,-0.009815975292800594
2025-09-30,2692.5,2694.5,2641.0,2641.0,488700,-0.013816280806572045,-0.03171402383134736,-0.01439448489151729,-0.0191272051996286,0.02025747822794396,0.005414488424197162,2687.848388671875,-0.017429699111863317,2705.6789794921874,-0.023904897803250336,2596.9699869791666,0.016954378849419305,2687.843096618663,2675.064761775376,12.778334843286757,23.73558132962722,-10.957246486340463,27.008168653752232,43.97446629833698,0.0,29.23383688977189,-100.0,36.43439015186521,0.013795679724290577,2760.03076174228,2651.327197242095,4.017607606966998,-0.09500329901396412,0.012335932097295416,0.010557317680011329,0.38643988989586603,0.6986608642693655,-0.5431002243829469,0.5387536334156628,0.014009844755390466,-0.018148487626031162,0.8457869986343735,0.032752745171892084,0.007483094972513316,2.0157818034019677,0.025081959514237084,0.008095685289109644,1.065062180684964,0.01460471220025017,0.004817492640692089,0.40280843035186037,-0.006755695365706236,-0.00041955992231139383,-0.0070605854408658094,-0.013974924969205896,-0.004470833938807363,-0.006069122077818359,-0.009345446867764683,-0.00832536281369893,1.0936400152710086,-0.008926797909460618,-0.019127205199621494,-0.015260158117295364,0.0,0.04659764989918636,0.12010219217368641,-0.004165088981446408,-0.0009466111321468906,0.0032319391634980654,0.019349934173407968,0.022568412022707485
2025-10-01,2630.0,2640.5,2606.0,2638.5,531300,-0.0009466111321468906,-0.014749813293502667,-0.017501575027205063,0.003231939163498099,0.013238679969301611,-0.0041650889814464215,2678.448291015625,-0.014914714295814258,2702.3407348632813,-0.02362423584881035,2600.1807210286456,0.014737159867557414,2680.2518509850224,2672.356260903126,7.895590081896444,20.567583080081064,-12.67199299818462,26.515167869687442,43.569870511323316,22.53357033599703,14.573091815718263,-77.46642966400297,36.331933712446265,0.013769919921331248,2764.0830176885825,2640.59845203798,4.569540919008115,-0.01699363824882992,0.014961698667225354,0.012004215574579096,0.44380737106155416,0.7593080621280633,0.08717004297114794,0.2648671632162336,0.0009475080534391278,-0.013816280806572045,0.4082225903214408,0.014970627249947022,-0.018148487626031162,0.893462006563972,0.03373128671554526,0.007483094972513316,2.129406644664246,0.01781333647156802,0.002212833046771445,0.7256455171111841,-0.014260393673064206,-0.017816648293177317,0.013313782540917316,0.0003150732659722537,-0.021501611889198524,-0.02726344168401756,0.020555000757051634,0.009761866656812498,0.42037666787237393,0.008092164827719404,0.00323193916349687,-0.019127205199621494,0.0,0.047589309601572934,0.11926848191423409,-0.0070115595982566115,-0.010991093424294052,-0.004007633587786219,-0.005788031020973702,-0.009767564847011141
2025-10-02,2620.0,2629.5,2585.5,2609.5,778000,-0.010991093424294052,-0.011927300265051066,-0.03610370803637997,-0.00400763358778626,0.017017984915877006,-0.0070115595982565854,2658.9,-0.01857911166308679,2696.391320800781,-0.032225040976598174,2602.8834147135417,0.0025420213783120538,2669.3669508334806,2667.7002415769684,1.6667092565121493,16.787408315367284,-15.120699058855134,26.515786174640947,39.0782917234026,15.01989728240535,12.51782253946746,-84.98010271759465,37.52250987584296,0.014379195200547453,2768.901106011555,2623.8815355900074,5.378283534100654,-0.09916961930174444,0.01740119729009939,0.014254353313004335,0.7181355060778448,1.0978063627615051,0.4643327686805947,-0.03898473179630968,0.011113240083919784,-0.0009466111321468906,0.4904182447032891,0.012071278022221854,-0.013816280806572045,0.4510961720054534,0.026250239509091333,-0.018148487626031162,0.9872978628545794,0.037456008843490096,0.008095685289109644,1.2432605567303974,-0.003295493569855086,-0.026985673669651662,-0.007695599854438966,-0.009118034366728305,-0.002910553013028716,-0.030668798529972435,-0.008080540411265335,-0.005434909506407532,0.40760844064187574,-0.009804727449247904,-0.00400763358778473,0.00323193916349687,0.0,0.05923142110892452,0.10948070110393425,-0.0036405441655489312,0.004406974516190765,0.008076923076923093,-0.006595171272662473,0.0014523474090772236
2025-10-03,2600.0,2631.0,2600.0,2621.0,308400,0.004406974516190765,-0.006632556376729215,-0.039046746104491326,0.008076923076923077,0.011923076923076923,-0.003640544165548956,2637.6,-0.006293600243021502,2691.1157348632814,-0.026054522277102143,2605.613073730469,0.005905299763673488,2661.9258814744835,2664.240964423119,-2.315082948635336,12.966910062566761,-15.281993011202097,26.459515627647487,41.64725881546398,22.216931396891244,19.923466338431208,-77.78306860310876,37.056616313282746,0.014138350367519498,2769.228885479998,2613.0025842465648,5.805261334900195,0.05119122510290694,0.00993032789759614,0.01528851612855548,0.4855156084452008,0.45189726517167406,-0.6035989717223651,-0.23880931274203332,-0.004387638306369901,-0.010991093424294052,1.2248091548974263,0.006676840900035508,-0.0009466111321468906,0.8364281542377925,0.007630675314380886,-0.013816280806572045,0.7693627686354398,0.040633346050728436,0.007483094972513316,4.013217863322003,0.004327326595894985,-0.025294631000120436,7.964792029578008e-05,-0.01375211510437089,0.007248689704415304,-0.0263077898242813,-0.002841715188224539,-0.012738956280210025,0.4570803394077718,0.0010937409658349963,0.00807692307691997,-0.00400763358778473,0.0,0.054583896750760474,0.11338797769199256,0.019076688286913335,0.010110644792064027,-0.008798202920254572,0.012654501892738961,0.0036884583978896547
2025-10-06,2671.0,2678.0,2638.0,2647.5,472300,0.010110644792064027,0.014562176662195725,-0.011389096340552629,-0.008798202920254586,0.015163002274450341,0.01907668828691339,2631.5,0.006080182405089785,2687.3875,-0.014842481778673533,2608.504402669271,0.01494940828538005,2659.7065150937938,2663.0008929843693,-3.2943778905755607,9.714652471938297,-13.009030362513858,24.834909586686003,47.17512663698263,38.801401312880486,25.346076664059026,-61.198598687119514,38.48114371947684,0.014534898477606159,2766.3492892987674,2608.425710701232,5.876472172231775,0.2474253030850305,0.005940759002840314,0.015299921900361512,0.9157697371355001,0.692312879101034,0.5314526588845656,-0.10545356539406436,-0.01000944287100658,0.004406974516190765,0.5979745647524629,-0.014353163362034183,-0.010991093424294052,1.50850911600978,-0.003399433428138421,-0.0009466111321468906,1.030168243362463,0.011520302171478258,-0.018148487626031162,2.0739091908535485,0.008080640088521045,-0.012416398791561093,0.0020300047035429827,0.001027302451008464,0.014050454242891846,-0.008397273655304181,-0.0039398094508278185,-0.002991822685248448,0.5442647827194625,0.0024634773664467466,-0.008798202920251292,0.00807692307691997,0.0,0.044028099483948535,0.1222624700776973,-0.0024551463644948424,-0.0035882908404154534,-0.0011359333585763132,-0.002599067645406563,-0.003732212121327174
2025-10-07,2641.0,2649.0,2624.0,2638.0,508500,-0.0035882908404154534,0.006486074017550525,-0.0011359333585763132,-0.001135933358576297,0.009527439024390244,-0.0024551463644948064,2630.9,0.0026986962632549183,2682.7889770507813,-0.016694931071694508,2610.767989095052,0.010430651447268735,2656.36705123321,2661.1489749855273,-4.781923752317198,6.815337227087198,-11.597260979404396,23.692076650514842,45.510671677625616,32.8560253052617,31.291452671677813,-67.1439746947383,37.51820488237134,0.014222215649111873,2762.0072948067254,2603.5706592948372,5.905668946279155,0.21730668916268026,0.005810183203664467,0.015404905061821654,0.9784472225375744,0.7482166399849327,0.07664619944950246,-0.11324277696490581,0.003601213039801543,0.010110644792064027,0.9087917860462074,-0.0064442759670180205,0.004406974516190765,0.5934181385065643,-0.01080363912092086,-0.010991093424294052,1.4970146295658464,0.0011372251702042036,-0.013816280806572045,0.9403483926334566,-0.0007601528543183341,-0.006697325465554151,-0.0028281379860971194,0.005561392106977838,0.0002644324701528663,-0.00362108035728383,-0.00385272331056832,0.002485146998707517,0.5360040035309475,-0.0037300277030809675,-0.0011359333585758667,-0.008798202920251292,0.0,0.04778786709012509,0.11910155023908521,-0.004927975739196344,-0.03316906747536008,-0.028380952380952396,-0.004865007853266205,-0.03310609958942994
2025-10-08,2625.0,2640.0,2550.5,2550.5,1101200,-0.03316906747536008,-0.03663833805476868,-0.03335228349440966,-0.02838095238095238,0.03509115859635366,-0.004927975739196361,2613.3,-0.0240309187620924,2672.9507568359377,-0.045811078458415366,2612.116768391927,-0.023588826172895816,2640.079812581947,2652.952754616229,-12.872942034282005,2.8776813748133576,-15.750623409095363,24.13612740581222,33.71241242071258,0.0,23.885808872714062,-100.0,41.231190247916246,0.016165924425759686,2765.455016771431,2580.4464969004443,6.921508725809357,-0.16186550176893016,0.014926485517880865,0.01860563971171084,1.737782890760493,1.5544319378453078,1.1655850540806294,-0.18627780546894013,0.03430699862731457,-0.0035882908404154534,0.8024542317033334,0.03803175847832274,0.010110644792064027,0.7453276964276978,0.027641638893931564,0.004406974516190765,0.48668020660237565,0.0345030386194729,-0.0009466111321468906,0.838434480440474,-0.0016822584768776629,0.006134235473320578,-0.03148680899848242,-0.03948651896773024,-0.00011747652165904579,0.017993758599598755,-0.033051590953701034,-0.05134604209400842,0.4966969826249655,-0.03311071724152276,-0.02838095238094157,-0.0011359333585758667,0.0,0.08373432400851365,0.08888056833198864,0.00019603999215833667,-0.00431287982748485,-0.004508036064288512,-0.000554281910176463,-0.00506320172981965
2025-10-09,2551.0,2560.0,2532.0,2539.5,819800,-0.00431287982748485,-0.037338893100833936,-0.02682506227246595,-0.004508036064288515,0.011058451816745656,0.00019603999215840032,2599.3,-0.023006193975676936,2662.4142944335936,-0.04616647930847151,2613.2492716471356,-0.02822129233833981,2624.6059952616474,2644.5488468668786,-19.942851605231226,-1.686425221195559,-18.256426384035667,24.843663702531178,32.569316563135914,3.516371512294558,12.124132272518752,-96.48362848770545,40.286105230207944,0.015863794144592273,2764.7881084957735,2560.0404803714137,7.6902993103828035,-0.10032096859719299,0.019932826647751513,0.020679920663151444,1.276865496128752,1.1275610131819283,-0.2555394115510352,-0.21006765279211104,0.004331561330575218,-0.03316906747536008,1.715155262670141,0.038787162826919186,-0.0035882908404154534,0.7920054949761776,0.042528056703664996,0.010110644792064027,0.7356228029051104,0.027564481196681312,-0.010991093424294052,1.211760619648901,-0.0030880125945364403,0.007786358358098434,-0.0012248672329484098,-0.03461142063056438,0.001510623032919319,0.022655531029233632,-0.005823502860404169,-0.049480593301699585,0.5141076909026218,-0.005089502746763316,-0.004508036064286747,-0.02838095238094157,0.0,0.08842858569943271,0.08493399863388107,-0.006103563693640512,-0.0041346721795628705,0.001980982567353351,0.00112787586189954,0.003096767375977182
2025-10-10,2524.0,2540.5,2510.0,2529.0,748600,-0.0041346721795628705,-0.008429719662811253,-0.03510110644792064,0.0019809825673534074,0.012151394422310757,-0.00610356369364048,2580.9,-0.020109264210538935,2652.415173339844,-0.04652935731226293,2614.066776529948,-0.032541929416140536,2609.8973806060094,2635.9896730248875,-26.09229241887806,-6.56759866073206,-19.524693758146,25.831448149863196,31.472325837541476,8.075208463261955,3.863859991852171,-91.92479153673804,39.58709771376452,0.01565326125494222,2765.3491354091834,2539.4812112705044,8.515556931242882,-0.04640415991103351,0.022566024200653245,0.02290782924047104,1.0253656786027852,1.006952898116974,-0.08685045132959257,-0.3317028918882473,0.0041518386710146515,-0.00431287982748485,1.122889104085711,0.008501383945825003,-0.03316906747536008,1.5083257885083985,0.04310003954090824,-0.0035882908404154534,0.6964980598043231,0.03637801502529214,0.004406974516190765,0.42241888228840363,-0.006038224142377054,-0.0075137043929845646,0.0019035519628141833,-0.027587402054936074,-0.014066001508057141,0.0005566547335578792,0.009931329328494271,-0.035657761181478516,0.4400453682137122,0.0020550066333447654,0.0019809825673526224,-0.004508036064286747,0.0,0.09294756559260768,0.08113479222251671,-0.011466982997232145,-0.005535784895215445,0.006000000000000005,-0.0035653334602746244,0.002365864641742075
2025-10-14,2500.0,2525.0,2489.0,2515.0,814900,-0.005535784895215445,-0.009647568418980068,-0.050047214353163394,0.006,0.01446364001607071,-0.011466982997232108,2554.4,-0.01542436580057338,2643.0748657226563,-0.04845676805624277,2615.021533203125,-0.03824883731705675,2595.2977835897004,2627.0274750230437,-31.729691433343305,-11.60001721525431,-20.129674218088994,27.043558159301817,30.0204326183499,10.1448353372776,7.245471770944704,-89.8551646627224,39.616590734209915,0.015752123552363485,2768.349789847777,2517.7999415975355,9.479483593126961,-0.011175187760397325,0.019299352608981253,0.025552556702074136,1.0204094410099662,1.0700039128870542,0.08856532193427724,-0.4627097432094187,0.005566600397214572,-0.0041346721795628705,0.9373892594674937,0.009741550695423484,-0.00431287982748485,1.0265451708675546,0.014115308150690176,-0.03316906747536008,1.3789113712604917,0.05268389661985973,0.010110644792064027,0.591409226885516,-0.010667263015690414,-0.026386234304657915,0.005131478120474969,-0.02366098004850548,-0.01795644292094903,-0.031025976565335657,0.012420658025733583,-0.019021237787827737,0.36765345412748207,0.0010659633685144382,0.0059999999999976,0.0019809825673526224,0.0,0.09903156794580467,0.07601983679155065,0.004174950298210689,-0.0007952286282306709,-0.00494951494753515,-0.0013997693214716986,-0.006369948247913058
2025-10-15,2525.5,2539.5,2502.0,2513.0,632500,-0.0007952286282306709,-0.006326611308817731,-0.047384382107657275,-0.004949514947535142,0.01498800959232614,0.004174950298210736,2529.4,-0.006483751087607126,2634.4251342773437,-0.04609170049981548,2616.0747192382814,-0.039400525711763335,2582.6365861143618,2618.5809953917073,-35.944409277345585,-16.468895627672566,-19.47551364967302,27.682854525861217,29.808870454143815,9.364463388256246,9.1948357295986,-90.63553661174376,39.46540568176635,0.01570449887853189,2770.1086193536653,2498.741649201022,10.300804020649563,0.05254269077389074,0.00636595944222341,0.02769763597766009,0.7681554916741661,0.8218117278055613,-0.22383114492575773,-0.5069510288015171,0.0007958615196972385,-0.005535784895215445,0.9896757472968821,0.006366892160363458,-0.0041346721795628705,0.9091560491182303,0.010545165140863233,-0.00431287982748485,0.9956266752165712,0.049741345005551274,-0.0035882908404154534,0.61756058105346,0.00961350683869568,-0.011430084710793237,-0.01040873546692635,-0.03595429739686404,0.01516297360217206,-0.016393814947150042,-0.01595820223040273,-0.030990567160507233,0.3336776108334959,-0.005854773432934811,-0.004949514947533182,0.0059999999999976,0.0,0.09990624488010262,0.07528447653432177,-0.00019896538002384112,0.002984480700358061,0.003184079601989964,-0.0008307899381857872,0.002352656142196115
2025-10-16,2512.5,2529.0,2508.0,2520.5,544300,0.002984480700358061,0.002186878727634234,-0.011762399529503975,0.0031840796019900496,0.008373205741626795,-0.00019896538002387584,2523.4,-0.0011492430851228752,2625.1621826171877,-0.03986884441318728,2616.9317301432293,-0.03684915774968056,2573.077111327537,2611.315736473803,-38.23862514626626,-20.822841531391305,-17.415783614874954,28.276486866237803,31.751239611326298,12.290858197086322,10.600052307540055,-87.70914180291368,38.14644813306875,0.015134476545547953,2765.3223811239454,2485.00198411043,10.678212526056072,0.12663372436597453,0.004335716959319969,0.0285263498297628,0.7644437453389717,0.6982493095118669,-0.13944664031620557,-0.35207054231541757,-0.0029756000797448445,-0.0007952286282306709,0.8883164962831153,-0.0021821067252520976,-0.005535784895215445,1.1444887159227046,0.003372346756197908,-0.0041346721795628705,1.0513734847708143,0.011902400316995854,-0.03316906747536008,1.5465835979556783,0.0057235698620120515,-0.0045941023935090934,-0.0027390891616539906,-0.007168297135994882,0.0018935179875680197,-0.014340168876822327,0.0010909627127900412,0.0025777693473183518,0.3058074901110388,0.0024054287170997796,0.0031840796019887824,-0.004949514947533182,0.0,0.09663336377056185,0.07803606011932071,0.002578853402102732,0.005554453481452004,0.002967946181242631,0.005218383145553084,0.008193983224902356
2025-10-17,2527.0,2534.5,2518.0,2534.5,432600,0.005554453481452004,0.008555511341026723,-0.001968891514077531,0.00296794618124258,0.0065528196981731535,0.002578853402102757,2522.4,0.0047970187119390495,2616.5745239257812,-0.031367164656028734,2617.775020345052,-0.03181137404811951,2567.1421711233006,2605.625681920188,-38.48351079688746,-24.354975384490537,-14.128535412396921,28.62819794732341,35.34777606178608,18.68583162217659,13.447051069173051,-81.3141683778234,36.60027326642098,0.014440825909018164,2756.8551933657327,2476.29385448583,10.72246696260584,0.2074631727469975,0.003619922452304789,0.028393160398766343,0.6817096635417701,0.5491164759060232,-0.2052177108212383,-0.19662586087321177,-0.0055237719475219604,0.002984480700358061,0.857731321927382,-0.008482935490625954,-0.0007952286282306709,0.9967206708048303,-0.0076938252124648665,-0.005535784895215445,1.284154426306492,0.001972775695008089,-0.00431287982748485,1.2918760567996836,0.0005714170210761071,-0.0008368177745195088,0.004983036460375897,-0.0011320737395580222,-0.00863134432218105,-0.02419515629654803,0.014185797803633054,0.0222262647824705,0.2670536402853696,0.00785948540324691,0.0029679461812414055,0.0031840796019887824,0.0,0.09057581115948203,0.0831287786666967,0.008877490629315421,0.0029591635431052143,-0.0058662495111458934,0.004851654719037718,-0.0010666723671724889
2025-10-20,2557.0,2559.0,2539.5,2542.0,350400,0.0029591635431052143,0.008530053560801498,0.0051403716884144135,-0.005866249511145874,0.00767867690490254,0.008877490629315447,2525.0,0.0067326732669279465,2609.20185546875,-0.025755713506363187,2618.9080159505206,-0.029366444137434833,2563.274144796639,2600.9126684446187,-37.63852364797958,-27.011685037188347,-10.626838610791236,28.101399862252656,37.255362491409805,25.790754257907544,18.922481359056817,-74.20924574209246,35.735968033105195,0.01405820929704608,2748.8845242777074,2469.519186659793,10.706926987361266,0.25944812609264517,0.004989634498017812,0.028188708567941333,0.6314184751171746,0.4443621551564525,-0.19001386962552014,-0.022030633770521835,-0.002950432730525976,0.005554453481452004,0.7795423297251419,-0.008457907160106859,0.002984480700358061,0.980824988602392,-0.011408339890239372,-0.0007952286282306709,1.1397608034007218,-0.0051140833992898704,-0.0041346721795628705,1.3489722330842377,0.011415363567746308,0.011007762301299006,-0.008456200024641094,-0.005867390612884592,0.015075008548753556,0.00440653673863771,-0.012115845005648341,0.0007338349497767035,0.2891202415603429,-0.0013993265700346473,-0.00586624951114358,0.0029679461812414055,0.0,0.08735814059154619,0.08583394552743512,0.0,0.0021636506687647827,0.0021636506687647827,-0.00013831923839741108,0.0020253314303673715
2025-10-21,2542.0,2564.0,2540.5,2547.5,505700,0.0021636506687647827,0.005129216808049009,0.012922465208747624,0.0021636506687647524,0.009250147608738437,0.0,2531.5,0.006320363420499131,2603.2406494140623,-0.02141202329011993,2619.646797688802,-0.02754065844045328,2560.847353289464,2596.956174485758,-36.108821196293775,-28.831112269009434,-7.2777089272843405,27.444796279995437,38.6841241954995,30.952380952380953,25.142988944155025,-69.04761904761905,34.86197031645482,0.013684777356797306,2742.7711680836974,2463.7101307444273,10.71975567844952,0.3002564243811102,0.005683388512488701,0.028097211307203687,1.025550546439776,0.6575636726302937,0.4432077625570776,0.25891817279903373,-0.002158979391952087,0.0029591635431052143,0.7106049267797064,-0.005103042198624119,0.005554453481452004,0.8773050551509731,-0.010598626104411979,0.002984480700358061,1.1038306553829742,-0.01275760549597138,-0.005535784895215445,1.6526026108241516,0.001237938824268075,0.021582930715709908,0.0009257118444967077,-0.008660465506962284,0.00047841423226170827,0.023514617848921993,0.0016852364365030745,-0.010592152640174369,0.2942299203294212,0.002022886887321959,0.002163650668763901,-0.00586624951114358,0.0,0.08501055677476459,0.08780761119950464,0.0009813542688910104,0.007262021589793832,0.006274509803921635,-0.0018597729401000408,0.0044208943808027815
2025-10-22,2550.0,2566.0,2550.0,2566.0,469900,0.007262021589793832,0.009441384736428082,0.021090330282530934,0.006274509803921568,0.006274509803921568,0.0009813542688910696,2542.1,0.009401675779469931,2597.5620971679687,-0.012150661269413998,2620.578621419271,-0.020826935308924654,2561.640068168008,2594.66312452385,-33.02305635584207,-29.669501086375963,-3.35355526946611,26.764946062728708,43.3563928911819,40.74074074074074,32.49462531700974,-59.25925925925926,33.69325815099376,0.013130653994926201,2733.3998281408135,2461.724366195124,10.45886303322211,0.38382426244193446,0.0065347909642142115,0.027156385692605537,1.0202331403162528,0.6125859758355104,-0.07079296025311455,0.5751354861267202,-0.007209664848399355,0.0021636506687647827,1.0979610535388997,-0.00935307872213198,0.0029591635431052143,0.760778234447361,-0.012275915822676398,0.005554453481452004,0.939248470952992,-0.02065471551090392,-0.0007952286282306709,1.3732655059587782,0.004748796778760671,0.018512260551647026,0.0025132248110331613,0.0025780697308839078,0.009656146478271522,0.01774123957359925,-0.00239412488847769,0.003349090708931683,0.31429261947414294,0.004227166019111855,0.006274509803919108,0.002163650668763901,0.0,0.07718799430386616,0.09438421259966154,0.004286827747466804,0.005650818394388191,0.001358168412883165,0.004125839382850083,0.00548983002977147
2025-10-23,2577.0,2593.0,2569.5,2580.5,512900,0.005650818394388191,0.012953876349362181,0.02380480063479462,0.0013581684128831976,0.009145748200038918,0.004286827747466875,2554.1,0.010336321991695652,2592.3120727539062,-0.004556578229546804,2621.908581542969,-0.015793297232195802,2564.5415961421604,2593.61400418875,-29.07240804658977,-29.550082478418727,0.4776744318289552,25.23067393910512,46.77945774197845,48.41269841269841,40.0352733686067,-51.58730158730159,33.21516828306564,0.012871601737280669,2722.132059797863,2462.4920857099496,10.015768426063318,0.45450595465740296,0.007282678087998416,0.02580749784441445,1.1289871692996494,0.6845183281150322,0.09150883166631196,0.49940638466273857,-0.005619066072851897,0.007262021589793832,1.0343362660438784,-0.012788219337720341,0.0021636506687647827,1.1131386459637993,-0.014919589227275765,0.0029591635431052143,0.7712948023447009,-0.023251307886447137,0.002984480700358061,1.1981043405143286,0.0032950396758246524,0.021118092949597014,0.0023557787185635383,0.002686707685197607,0.0005122244514875264,0.016271184448781704,0.005138593942900664,0.007533616186012917,0.3169833207801388,0.00548845178677089,0.0013581684128826704,0.006274509803919108,0.0,0.07113520379140734,0.09947292754533091,-0.00620034876961828,-0.005037783375314908,0.0011698186781048392,-0.006297348580994559,-0.005134783186691187
2025-10-24,2564.5,2572.5,2558.0,2567.5,370900,-0.005037783375314908,0.000584567420109039,0.013020319589662765,0.0011698186781048938,0.005668491008600469,-0.006200348769618291,2560.7,0.0026555238797976166,2585.325,-0.0068946844211048575,2622.939522298177,-0.021136408913683513,2564.9967351972127,2591.679633508102,-26.682898310889414,-28.976645644912864,2.2937473340234504,24.12306400154237,44.20045951779549,41.53439153439153,43.56261022927689,-58.46560846560847,32.44979911998952,0.012638675411870257,2704.2339042082335,2466.416095791766,9.198758702154175,0.4250476651908901,0.006128341265225718,0.023758122996644114,0.8392143198155493,0.5294895258434859,-0.2768570871514915,0.2947199357558723,0.005063291138849069,0.005650818394388191,1.1605096377282158,-0.0005842259010708784,0.007262021589793832,1.0632159851208591,-0.00778967867614111,0.0021636506687647827,1.1442186075241934,-0.012852969815379645,0.005554453481452004,0.9788193980916868,-0.00239450710661745,0.01785191083818433,-0.0026432762686974583,-0.004831591248521564,0.00030600919675379044,0.025585249785968798,-0.005343792572068699,-0.012564930196306032,0.31015483683899636,-0.005132693607805312,0.0011698186781044376,0.0013581684128826704,0.0,0.07655867317769084,0.09491329679872677,0.0,0.0021421616358325846,0.0021421616358325846,-0.0028570597986592315,-0.000714898162826647
2025-10-27,2567.5,2589.0,2560.5,2573.0,453800,0.0021421616358325846,-0.0029064134857585966,0.012195121951219523,0.002142161635832522,0.011130638547158758,0.0,2566.9,0.00237640733920208,2577.6,-0.0017846058352724015,2624.1362467447916,-0.019486887088734806,2566.228006705334,2590.295956951946,-24.067950246612327,-27.99490656525276,3.926956318640432,22.5653343985632,45.56773580008516,52.5,47.48236331569665,-47.5,32.16767061141884,0.01250200956525703,2677.0397304903954,2478.1602695096044,7.71568361967687,0.47687041197057445,0.0047587976948716615,0.019825691958858953,0.9808901502460872,0.7617723881849741,0.22351038015637648,0.2947443448249991,-0.0021375825888060307,-0.005037783375314908,0.80170153531572,0.002914885347453211,0.005650818394388191,1.1086349891168314,-0.0027205596583743663,0.007262021589793832,1.015690351698185,-0.012048192771468291,0.0029591635431052143,0.7573907198021792,0.010972987767439834,0.017853037746289026,-0.00883082613160725,-0.005657915795069503,0.009211720919065828,0.01994368516468773,-0.007069559283233244,-0.007748563213468208,0.30612444396295707,-0.0006777713084583819,0.0021421616358316877,0.0011698186781044376,0.0,0.0742574401024965,0.09684799437649788,-0.001554605518849561,-0.012436844150796711,-0.010899182561307952,0.0030409660179526498,-0.007841272613994501
2025-10-28,2569.0,2569.0,2535.0,2541.0,565800,-0.012436844150796711,-0.010321324245374908,-0.002551521099116827,-0.010899182561307902,0.013412228796844181,-0.001554605518849592,2565.6,-0.00958840037456743,2570.75,-0.011572498298546452,2624.478466796875,-0.03180764020507554,2562.3467749045135,2586.6444045851354,-24.297629680621867,-27.25545118832658,2.9578215077047147,21.82382357536763,39.50280845077153,34.437086092715234,42.823825875702255,-65.56291390728477,32.584265567746066,0.01282340242728581,2659.9265103600837,2481.5734896399163,6.937781609264514,0.3331959846832245,0.005856102392179235,0.018003378422650033,1.192008612462368,0.9917164160791971,0.24680475980608207,0.08564184269585917,0.012593467138523273,0.0021421616358325846,0.9560507393697818,0.010428964974021904,-0.005037783375314908,0.7813997779467873,0.015545060999206717,0.005650818394388191,1.0805606527606018,0.0025580480121989435,0.0021636506687647827,1.065391932347507,-0.010380767011839364,0.0063871603212267425,-0.0020560771389573473,-0.00893868142034357,-0.015012102520497523,0.003952781601026591,0.002575258369700812,-0.006504302700143418,0.31266873250144683,-0.007743029083530975,-0.01089918256130366,0.0021421616358316877,0.0,0.0877860658731641,0.08547417927223157,-0.003935458480913034,-0.018890200708382543,-0.015013828526274198,0.0003872703842664341,-0.014567471843203075
2025-10-29,2531.0,2531.5,2487.0,2493.0,939000,-0.018890200708382543,-0.03109211037699189,-0.02844894777864382,-0.0150138285262742,0.017893043827905106,-0.003935458480913027,2551.0,-0.02273618188983817,2563.35,-0.027444554977265057,2623.666573079427,-0.04980304068401975,2551.678040303819,2579.7077820232735,-28.02974171945425,-27.410309294552118,-0.6194324249021328,22.201560111355548,32.512524888098326,5.660377358490566,30.86582115040193,-94.33962264150944,34.11396088433563,0.01368389927168951,2652.543105114699,2474.156894885301,6.959104696174845,0.10563095146462001,0.014309614917407527,0.01835342860066189,1.651770243860393,1.5833643879596857,0.6595970307529162,-0.1441255747582052,0.019253910950252973,-0.012436844150796711,0.9952839232973485,0.032089851584022444,0.0021421616358325846,0.7982676641787501,0.02988367428759342,-0.005037783375314908,0.6524404509561446,0.029281989570385303,0.007262021589793832,0.8265887514270486,-0.016907905563318816,-0.015554377063910753,-0.001982295145063727,-0.012894570714733065,-0.0138252674982762,-0.01927289162615267,-0.005064933210106343,-0.009176056152491147,0.3640728852788934,-0.013856795680532618,-0.015013828526268268,-0.01089918256130366,0.0,0.1087302019188484,0.06786598055786523,-0.002406738868832692,-0.002206177296430023,0.00020104543626864313,-0.004324543588811451,-0.004123982016408782
2025-10-30,2487.0,2493.5,2475.0,2487.5,719700,-0.002206177296430023,-0.02105470287288469,-0.03603952722340631,0.0002010454362685967,0.007474747474747475,-0.0024067388688327317,2532.4,-0.017730216395902,2555.8,-0.026723530793087646,2622.268896484375,-0.05139400336327282,2541.8044956416934,2572.8775759474756,-31.07308030578224,-28.142863496798142,-2.930216808984099,22.780163063200337,31.817752648667735,10.59322033898305,16.896894596729616,-89.40677966101696,32.998677964025944,0.01326580018653776,2643.8257916749485,2467.774208325052,6.888316118236819,0.11204552267924674,0.01623381592152778,0.018153277725350376,1.180143676794443,1.1946001483913482,-0.23354632587859425,-0.31402219973899914,0.0022110552759790902,-0.018890200708382543,1.5397456058218453,0.021507537688031597,-0.012436844150796711,0.9277828155207669,0.034371859296066676,0.0021421616358325846,0.7441283875633157,0.037386934672949845,0.005650818394388191,0.8410388937444351,0.006877808689704773,-0.011962337880744097,-0.009083985986134796,-0.02407718934266221,0.005267639523634531,-0.01447123529660995,-0.007473816820064554,-0.021568291926796358,0.466026822808748,-0.004661038607331211,0.00020104543626851587,-0.015013828526268268,0.0,0.11118166568188406,0.06580498071588345,0.0026130653266331905,-0.0016080402010050232,-0.004210104250200519,0.0011940833197959708,-0.003027022207842243
2025-10-31,2494.0,2505.5,2483.5,2483.5,519800,-0.0016080402010050232,-0.0038106698756518176,-0.0327166504381694,-0.004210104250200481,0.008858465874773505,0.0026130653266331657,2515.6,-0.012760375258780043,2549.5,-0.02588742890801099,2621.31513671875,-0.052574806740790736,2532.834573235279,2566.2570147661813,-33.42244153090223,-29.198779103618964,-4.223662427283269,22.898523894214517,31.2939898100381,7.203389830508475,7.818995842660697,-92.79661016949153,32.21305810945266,0.012970830726571247,2639.269148375158,2459.730851624842,7.042098323213006,0.13239040809334182,0.015942772614878364,0.018542621888060173,0.8126687522767388,0.8816879286100778,-0.2777546199805474,-0.3551713443944797,0.0016106301586464866,-0.002206177296430023,1.1251975779406866,0.003825246627338963,-0.018890200708382543,1.4680568649246977,0.023152808535927827,-0.012436844150796711,0.8845863409737954,0.033823233339628,-0.005037783375314908,0.5798746445160493,0.003403094427388002,-0.006448583945522605,-0.0050111346283930255,-0.026268066492646798,0.0030448505051383135,-0.01193644509922809,-0.004652890706143336,-0.020780205338941315,0.45382473745236795,-0.0029898686820811282,-0.004210104250198793,0.00020104543626851587,0.0,0.1129713683848137,0.06430033804339103,0.0006039863096436449,0.005435876786792804,0.0048289738430582485,0.0005901983457934392,0.005422088822942598
2025-11-04,2485.0,2507.0,2466.0,2497.0,749400,0.005435876786792804,0.0038190954773869024,-0.029537504858142216,0.00482897384305835,0.01662611516626115,0.0006039863096436481,2500.4,-0.0013597824352098442,2543.3,-0.018204694688389922,2619.952266438802,-0.04692920096856534,2527.3215619683133,2561.126865524242,-33.80530355592873,-30.120083994080918,-3.6852195618478127,23.364766473057703,35.172651493147356,24.409448818897637,14.068686329463054,-75.59055118110236,32.84069681592033,0.013152061199802636,2629.5179795634344,2457.082020436566,6.780008615848248,0.23149451985281508,0.009320749873569276,0.017712811492304453,1.0725003971428613,1.2253086571146876,0.44170834936514036,-0.28899866720751,-0.00540648778574071,-0.0016080402010050232,0.743909402768694,-0.003804565478973232,-0.002206177296430023,1.0299953774002097,-0.0016019223071679356,-0.018890200708382543,1.3438455736818078,0.030436523828181627,0.0021421616358325846,0.6494538033405797,-0.0027483029360193833,-0.019725295158680625,0.008184179722812187,-0.009812209699461592,3.03816930024728e-05,-0.020953137195302934,0.005405495093790331,-0.008584367662839282,0.4383288703605446,0.005422559613619389,0.004828973843056407,-0.004210104250198793,0.0,0.10695410227620777,0.06935918683650642,0.005206247496996497,-0.0014016820184220569,-0.006573705179282907,0.008209411266004494,0.0016014817505859403
2025-11-05,2510.0,2523.5,2490.5,2493.5,646200,-0.0014016820184220569,0.004026575397624299,-0.018693427784336913,-0.006573705179282869,0.013250351335073279,0.005206247496996396,2490.9,0.0010437994295229291,2535.6,-0.016603565231496753,2619.85693359375,-0.04823047089879584,2522.118244742419,2556.117468078002,-33.99922333558288,-30.895911862381315,-3.1033114732015683,23.21690886396283,34.62686930598501,21.653543307086615,17.755460652164242,-78.34645669291339,32.85207561478317,0.013175085468125122,2609.9024898640714,2461.2975101359284,5.860742219914143,0.21669859195151214,0.0021475453355505668,0.015286293584626682,0.9040025404961521,1.041760707791119,-0.13771016813450765,-0.327489348272053,0.0014036494882689876,0.005435876786792804,1.0483743482634114,-0.004010427110886727,-0.0016080402010050232,0.7271750550137727,-0.0024062562666924414,-0.002206177296430023,1.0068254849815548,0.01904952877440591,-0.012436844150796711,0.7915268297937526,-0.004009595645918191,-0.013529674218920259,0.002607913627496134,-0.0051637535654166546,-0.00685139394659942,-0.01306509884516452,0.005449711928177363,-0.005628328939172393,0.3683422636734496,0.001121975937186943,-0.0065737051792802495,0.004828973843056407,0.0,0.10850787783584892,0.06805289333497407,-0.005414076599157824,-0.0006015640665730793,0.004838709677419395,-0.00691857493675796,-0.0021060624041732146
2025-11-06,2480.0,2516.0,2462.5,2492.0,743900,-0.0006015640665730793,-0.002002402883460097,-0.00040112314480544864,0.004838709677419355,0.021725888324873096,-0.0054140765991578105,2490.7,0.0005219416224353512,2528.3,-0.014357473401489518,2619.349544270833,-0.04861876665156417,2517.484668628201,2551.3680259981497,-33.88335736994895,-31.493400963894842,-2.389956406054111,23.658592716575203,34.38064204768261,22.60536398467433,22.889452036886194,-77.39463601532567,34.32692735658437,0.0137748504641134,2588.222783646958,2468.3772163530425,4.740164034881752,0.19711019923685436,0.002116749902873379,0.01233536894430905,1.100767829582969,1.1769340543550832,0.1511915815536986,-0.34831419044090406,0.0006019261633223305,-0.0014016820184220569,0.9561986442754598,0.0020064205453442785,0.005435876786792804,1.108906320055756,-0.0034109149281688067,-0.0016080402010050232,0.769161335955407,0.0004012841087477348,-0.018890200708382543,1.3894622825358351,-0.002346260569316333,0.0006386741907222087,0.0017446965027432537,-0.0010397973355276574,0.00408451184123127,0.004936082232047024,-0.0046860759078043495,-0.005337205376852472,0.3703178322860609,-0.0021141316375645905,0.0048387096774174035,-0.0065737051792802495,0.0,0.10917511773021212,0.06749192998826581,0.0032102728731941976,0.008025682182985605,0.0047999999999999154,0.003831943904636156,0.008647353214427562
2025-11-07,2500.0,2517.0,2487.0,2512.0,458400,0.008025682182985605,0.007419290154401459,0.009849246231155684,0.0048,0.012062726176115802,0.0032102728731942215,2495.6,0.006571565955679315,2526.375,-0.005689970808369416,2618.6072591145835,-0.04071143496012053,2516.6408734546317,2548.451875924213,-31.811002469581126,-31.556921265032102,-0.25408120454902416,24.03226024419061,40.45996743968154,37.93103448275862,27.39664725817319,-62.06896551724138,34.01786111682834,0.013542142164337101,2585.792905550432,2466.957094449568,4.703807277259465,0.3790347802835377,0.004149972218285439,0.012134053507356498,0.735156148513089,0.764094238289389,-0.38378814356768387,-0.1500758822649253,-0.007961783439885406,-0.0006015640665730793,1.1930249975542908,-0.007364649681923852,-0.0014016820184220569,1.0363392302992105,-0.005971337580013558,0.005435876786792804,1.2018455883414243,-0.009753184713769958,-0.002206177296430023,1.1542143980909034,0.002368388111367931,-0.0033471064852892674,0.005657294071617674,0.013196352716444952,-0.0016787499203163771,-0.002190519680669221,0.009704432103301982,0.012039765911824905,0.37153932749427354,0.008649403799411017,0.00479999999999808,0.0048387096774174035,0.0,0.10034410564637637,0.07491635729727347,0.009156050955414052,0.009355095541401237,0.00019723865877718794,0.005742664440137669,0.005941709026124854
2025-11-10,2535.0,2537.5,2514.5,2535.5,440900,0.009355095541401237,0.017455858747993602,0.020938192067646577,0.0001972386587771203,0.00914694770332074,0.009156050955414012,2506.0,0.011771747804863564,2526.175,0.0036913515488816717,2618.1248779296875,-0.03155879943969386,2519.5422775385346,2547.4924777076044,-27.95020016906983,-30.83557704583965,2.8853768767698185,23.641576888007478,46.7075454295471,55.93869731800766,38.8250319284802,-44.06130268199234,33.40944246562632,0.013176668296435868,2585.4415799586923,2466.908420041308,4.692199072407263,0.5786699688635585,0.007217349698023393,0.011990973780263809,0.7254496422113298,0.7588888449019847,-0.038176265270506105,0.062185884333293195,-0.009268388878324041,0.008025682182985605,0.7542438557261818,-0.017156379412732292,-0.0006015640665730793,1.2240008819256254,-0.016564780122651723,-0.0014016820184220569,1.06324690133128,-0.02050877538985585,-0.0016080402010050232,0.855270410572577,0.005458351855680317,-0.0013643269824973113,0.0038967436857209204,0.02230251905014389,0.009187147261897849,0.0040487113966559555,0.00016794827950338855,0.016889480670990623,0.40863128477817,0.005600939752325672,0.00019723865877704252,0.00479999999999808,0.0,0.090145688575708,0.08349039224245411,-0.00788799053441136,-0.004929994084007072,0.0029815146094216427,-0.007617106881963726,-0.0046591104315594385
2025-11-11,2515.5,2537.0,2515.0,2523.0,367800,-0.004929994084007072,0.004378980891719841,0.010412494993992771,0.0029815146094215863,0.00874751491053678,-0.007887990534411358,2511.2,0.004698948709380257,2525.875,-0.001138219429306253,2617.244755045573,-0.03600914850047954,2520.0742348402987,2545.6782200996336,-25.603985259334877,-29.7892586885387,4.185273429203821,23.278799485837425,44.059249300604954,46.36015325670498,46.743295019157095,-53.63984674329502,32.594482289510154,0.012918938679943415,2585.1420861439974,2466.6079138560026,4.6927964482800935,0.47574539101673735,0.007447598115597389,0.01205048501285835,0.692080588437851,0.6545171112269793,-0.16579723293263782,-0.174942439740011,0.004954419341654859,0.009355095541401237,0.8296311349707681,-0.004359889021401386,0.008025682182985605,0.8625604723760493,-0.012286959968683231,-0.0006015640665730793,1.399779091187921,-0.01030519223186277,0.005435876786792804,1.4101283115152952,-0.0026086324551178415,-0.001333428250550217,-0.0023213616288892307,0.011745923244542988,-0.000662904830193523,0.0035983224028683773,-0.004267089253813549,0.0068141725911243945,0.42592901059862137,-0.004647643685561698,0.002981514609420401,0.00019723865877704252,0.0,0.09554672746084115,0.07894961931460442,0.0047562425683709275,-0.0023781212841854638,-0.007100591715976323,0.0003025706301954976,-0.006831793222360894
2025-11-12,2535.0,2556.0,2514.0,2517.0,657600,-0.0023781212841854638,-0.007296391244330458,0.009424503709644982,-0.007100591715976331,0.016706443914081145,0.0047562425683709865,2515.9,0.00043721928494755424,2525.975,-0.0035530834632157005,2616.371687825521,-0.03798072280359799,2519.601275634099,2543.553907499661,-23.952631865562125,-28.621933323943384,4.669301458381259,22.270390941466278,42.8046743304426,41.76245210727969,48.02043422733078,-58.23754789272031,33.26630498311657,0.013216648781526957,2585.175063344561,2466.774936655439,4.687303979220771,0.42419771624429775,0.006351184471492721,0.012065550940318857,1.232104414103998,1.1868407944036559,0.7879282218597063,-0.2041438862425793,0.0023837902260617216,-0.004929994084007072,0.6891240929249551,0.007350019864518442,0.009355095541401237,0.8260870379842652,-0.001986491855779926,0.008025682182985605,0.8588757047221302,-0.009336511720695495,-0.0014016820184220569,1.2107449397719032,0.00573456135661257,0.008477435661120022,-0.008112682640798034,0.0009470680485249607,0.01045637143127683,0.02091022371712182,-0.012834492715462293,-0.011485720007476836,0.4198076675996892,-0.006767786186305813,-0.00710059171597353,0.002981514609420401,0.0,0.09815828104239159,0.07675402841905012,0.007350019864918567,0.002185141040921712,-0.005127193847367373,0.00687991388400294,0.0017150350600060853
2025-11-13,2535.5,2536.0,2513.0,2522.5,333100,0.002185141040921712,-0.00019817677368216824,0.012239165329053003,-0.005127193847367383,0.00915240748109829,0.007350019864918554,2522.0,0.00019825535249795578,2526.45,-0.0015634586083231872,2615.203230794271,-0.03544781136075614,2520.0472332288527,2541.9943587959824,-21.94712556712966,-27.286971772580642,5.339846205450982,21.363043900078157,44.3684582536787,47.430830039525695,45.18447846783679,-52.569169960474305,32.53299748432253,0.0128971248698948,2585.3778372248635,2467.522162775136,4.664872625610137,0.4664844309071878,0.003481500113031763,0.011983882126438833,0.7376633500235849,0.6178747778729972,-0.49346107055961075,0.058843595428961226,-0.0021803766109009803,-0.0023781212841854638,1.4562816540843873,0.00019821605510395024,-0.004929994084007072,0.8145078959431837,0.005153617442614333,0.009355095541401237,0.9763907866268344,-0.012091179385921857,-0.0006015640665730793,1.6473964757806807,0.002236157564712695,0.00866301219657861,-5.101652379098289e-05,0.003576153132474393,0.0011198127552160383,0.017826950927924107,0.0010653282857056737,-0.005587785598871103,0.49643076020061244,0.001629231543567472,-0.005127193847365361,-0.00710059171597353,0.0,0.09576388241177483,0.0787670523412278,0.0049554013875123815,0.009712586719524241,0.004733727810650956,0.007172469514752075,0.011929654846763935
2025-11-14,2535.0,2549.0,2525.0,2547.0,524100,0.009712586719524241,0.011918951132300348,0.013933121019108263,0.004733727810650888,0.009504950495049505,0.004955401387512388,2529.0,0.00711743772202178,2527.775,0.007605502862791269,2614.1466430664063,-0.02568587467940109,2524.1938127321064,2542.365147033317,-18.171334301210663,-25.46384427830665,7.292509977095985,20.05915502741416,50.81907156022888,66.79841897233202,51.99723370637914,-33.201581027667984,32.102069092585204,0.012603874790959011,2587.2968237287814,2468.2531762712188,4.709424195490605,0.6614953877051973,0.0047622730548504645,0.011988241582711797,1.1278219758511387,0.9739897713419167,0.5734013809666767,0.06858306926210944,-0.009619159796227073,0.002185141040921712,0.716804999343664,-0.011778563015700128,-0.0023781212841854638,1.4151034751377767,-0.009422850412638573,-0.004929994084007072,0.7914766699447602,-0.013741656851584683,0.008025682182985605,0.9864407436179393,0.0010028042652573943,0.007418356599202323,0.008709782454266847,0.00651476441990594,-0.004466016824468644,0.01507740624845192,0.014178603543992885,-0.001144285229343657,0.43972678304810703,0.01167641393078656,0.00473372781064902,-0.005127193847365361,0.0,0.08522355452835201,0.08762853927394514,-0.005889281507656108,-0.013545347467608937,-0.007701421800947905,-0.0030546672061821604,-0.01071073316613499
2025-11-17,2532.0,2540.0,2502.5,2512.5,520300,-0.013545347467608937,-0.003964321110009883,-0.009071189114573053,-0.007701421800947867,0.014985014985014986,-0.005889281507656066,2524.4,-0.004713991443905607,2526.675,-0.005610139808639669,2612.2103515625,-0.03817087375977202,2522.3947646194747,2540.1529139197382,-17.75814930026354,-23.92270528269803,6.164555982434489,19.53355077800861,43.21937743610108,46.948356807511736,53.72586860645648,-53.051643192488264,32.98763558597197,0.01312940719839158,2586.471550903878,2466.8784490961225,4.7332206084183905,0.3814730968113333,0.005312724718497686,0.012208948608300919,1.082647878297311,0.9591119320307993,-0.007250524709024986,-0.15587149940005884,0.01373134328317871,0.009712586719524241,1.0905549740834533,0.003980099502087997,0.002185141040921712,0.69311937009578,0.0017910447757207848,-0.0023781212841854638,1.3683437339387117,0.00915422885531969,0.009355095541401237,0.9174311926605505,-0.0012260784684232212,0.0009992024341053363,-0.012319268999185716,-0.010070391548678389,-0.00644630805025091,-0.0008180369299594411,-0.007099039417358027,-0.008253152184613612,0.5848702803423743,-0.009775093471085383,-0.007701421800944826,0.00473372781064902,0.0,0.10012513169500405,0.07510045354457744,0.0,-0.0045771144278606846,-0.0045771144278606846,0.00854797167795327,0.003970857250092585
2025-11-18,2512.5,2526.0,2498.0,2501.0,574700,-0.0045771144278606846,-0.018060463290145323,-0.008719778042013515,-0.004577114427860697,0.01120896717373899,0.0,2520.0,-0.00753968254007642,2524.625,-0.00935782542000918,2609.4894571940104,-0.041574974329127046,2519.103262370325,2537.2526980738317,-18.149435703506697,-22.768051366859765,4.618615663353069,19.175675215774607,41.01745736343706,41.1764705882353,51.641082122693014,-58.8235294117647,32.63137590125969,0.013047331427927486,2584.9879646389236,2464.2620353610764,4.781935110277652,0.30430881633035306,0.006813431902417298,0.012381266490842197,1.1010401160239942,1.0379341732647518,0.1045550643859312,-0.22112463882646383,0.004598160735304058,-0.013545347467608937,0.9968177699100125,0.018392642942415716,0.009712586719524241,1.0040980073223862,0.008596561375046496,0.002185141040921712,0.6381702847530755,0.008796481407033596,-0.004929994084007072,0.7046503474397513,-0.008032569578786003,-0.0041994455234426594,0.0034554551509253188,-0.004520332518570856,-0.014615158207302678,-0.014463039100231018,0.010038043779441994,0.005743261058217503,0.5902619667607701,0.0040496576001016055,-0.004577114427858874,-0.007701421800944826,0.0,0.10518368387992506,0.07084761676559578,0.005197920831667258,0.003998400639743993,-0.0011933174224343368,0.006519005208540503,0.0053194850166172385
2025-11-19,2514.0,2528.5,2509.5,2511.0,673200,0.003998400639743993,-0.0005970149253731183,-0.0023837902264600697,-0.0011933174224343676,0.007571229328551504,0.005197920831667333,2518.8,-0.003096712720738859,2522.8,-0.004677342635561854,2607.083463541667,-0.036854770814319315,2517.856606621044,2535.308053772066,-17.451447151021966,-21.704730523692206,4.253283372670239,18.742444616283027,43.703372375757475,51.8716577540107,46.66549504991925,-48.1283422459893,32.26484905116971,0.01284940225056028,2582.4895300701883,2463.110469929812,4.732006506277793,0.4011551943353824,0.006973031960186666,0.012194377876966237,1.2820879064372925,1.1977134561292078,0.1713937706629547,0.12837220273019434,-0.003982477101153292,-0.0045771144278606846,1.0944978012916102,0.0005973715647149547,-0.013545347467608937,0.9908947381451624,0.014336917562320028,0.009712586719524241,0.9981317168208333,0.0023894862600548628,-0.0023781212841854638,1.2523782045055907,0.0019049497694540933,-0.0037055023224989627,0.0020934508702898998,0.001321712096038893,-0.0022381323061065085,-0.02640841645644745,0.006236532945850502,0.02402462622998738,0.5800559178925574,0.00529664252892759,-0.001193317422433893,-0.004577114427858874,0.0,0.10078231516674512,0.0745479448549388,0.001991238550378416,0.011748307447232209,0.009737678855325838,-0.0018833936739813986,0.007873675222872394
2025-11-20,2516.0,2549.0,2516.0,2540.5,620300,0.011748307447232209,0.015793682526989095,0.0071357779980179,0.009737678855325914,0.013116057233704292,0.001991238550378335,2522.4,0.007175705676733646,2521.525,0.007525207959069302,2605.267960611979,-0.024860383496882243,2521.340205602422,2535.6926423815426,-14.35243677912058,-20.23427177477788,5.8818349956573,17.546443312181882,50.818422017973255,83.42245989304813,58.8235294117647,-16.577540106951872,32.674502690371874,0.012861445656508173,2578.496462154309,2464.553537845691,4.518810018088969,0.6665307443629017,0.007918337133241178,0.011503933646316957,1.064854314265065,1.0890270386996985,-0.07857991681521093,0.1939969931271477,-0.011611887424124556,0.003998400639743993,1.1556664909934578,-0.01554812044911802,-0.0045771144278606846,0.986573874589929,-0.011021452470375559,-0.013545347467608937,0.8931866833985385,-0.007085219445381985,0.002185141040921712,0.5718248784164004,0.00299583409826327,-0.003178801806729644,0.008752473348968939,0.010314579804747544,0.006679756390447696,-0.021716164562954835,0.005068551056784513,0.028851942560972735,0.6164968533232125,0.007630258651555585,0.009737678855322044,-0.001193317422433893,0.0,0.08800015484499499,0.08529418993534367,0.0035426097224955377,0.02223971659122226,0.018631104138066235,-0.0003415027074976755,0.018355604161229045
2025-11-21,2549.5,2599.0,2548.5,2597.0,909900,0.02223971659122226,0.03424930306650742,0.019630938358853545,0.018631104138066287,0.019815577790857367,0.0035426097224955716,2532.4,0.02550939819893161,2522.35,0.029595416971859745,2604.4023600260416,-0.002842249009083475,2532.9801739712802,2540.233928131058,-7.2537541597776,-17.638168251777824,10.384414092000224,17.64476201142177,60.9880363054239,98.53479853479854,77.94297206061913,-1.465201465201465,34.519181069631024,0.013291944963272134,2583.068283901967,2461.631716098033,4.814421781431362,1.1147242247535079,0.015010785182650694,0.011993770669841114,1.3793030267659672,1.543665947906576,0.46687086893438656,0.2608675186518863,-0.021755872160561518,0.011748307447232209,0.9403029646147153,-0.033115132845963346,0.003998400639743993,1.0204932383985592,-0.03696572968847245,-0.0045771144278606846,0.8711786454362033,-0.019252984212930535,0.009712586719524241,0.7944749052951351,0.009123728655507783,0.004559694080172295,0.013115987935714475,0.01507124427868125,0.0063002956285275295,-0.011169708181942156,0.01593942096269473,0.0308006465407957,0.7194265023856315,0.017707116943195215,0.01863110413805898,0.009737678855322044,0.0,0.0643297625659351,0.10519441260328098,0.0015402387370042625,0.006738544474393482,0.00519031141868509,0.001847507882018728,0.007045813619407947
2025-11-25,2601.0,2614.5,2587.0,2614.5,472300,0.006738544474393482,0.029128124384963483,0.040597014925373154,0.005190311418685121,0.010630073444143797,0.0015402387370042356,2552.8,0.024169539328962486,2524.7,0.03556858240542038,2604.1495971679688,0.003974580739249056,2545.5216856680063,2545.7351186398682,-0.21343297186194832,-14.15322119579465,13.939788223932702,18.107206140179013,63.50517741971032,100.0,93.98575280928223,-0.0,34.01781099322881,0.013011210936399233,2595.0934656058357,2454.306534394164,5.5763825884925655,1.1378432943110803,0.019448670734422357,0.013811851566228854,0.7265248484419634,0.7944344175297009,-0.48093197054621384,0.5634822721664967,-0.006693440428760078,0.02223971659122226,1.399671733214784,-0.028303690954665006,0.011748307447232209,0.954188785705166,-0.03958691910535872,0.003998400639743993,1.0355632605782972,-0.03901319564006922,-0.013545347467608937,0.8003618010678669,0.00466281255438119,0.010634963351276847,0.002075731920012292,0.02996205157409631,-0.0004271028993171024,-0.005209819852962823,0.007165647373710584,0.04580683477833598,0.7244310508319624,0.007047951076559148,0.005190311418683126,0.01863110413805898,0.0,0.05720573470405071,0.11118374049750036,0.0021036527060622756,0.012621916236374098,0.01049618320610679,-0.006068469651683067,0.004449793878628755
2025-11-26,2620.0,2647.5,2620.0,2647.5,449900,0.012621916236374098,0.019445514054678537,0.058576569372251086,0.01049618320610687,0.01049618320610687,0.0021036527060623446,2582.1,0.025328221214892865,2528.425,0.047094535135095095,2604.0350748697915,0.01669137468563675,2561.2106571036975,2553.273257999878,7.937399103819644,-9.735097135871792,17.672496239691434,19.231015862922302,67.7331046786449,100.0,99.51159951159951,-0.0,33.94511020799818,0.01282157137223243,2614.733328103377,2442.1166718966233,6.827042771953044,1.1898233497083632,0.020974824280743508,0.016723413831670222,0.7197006659510718,0.7570046911070878,-0.04742748253228879,0.9910269824661531,-0.012464589235500534,0.006738544474393482,0.7555337286701295,-0.01907459867836858,0.02223971659122226,1.4555582039317188,-0.04041548630820002,0.011748307447232209,0.9922878930639029,-0.0553352219078167,-0.0045771144278606846,0.9193420153858213,0.007989217465818934,0.02690697874626149,0.004632698770555164,0.03166959062598959,0.011280745556613273,0.020985064126817044,0.001341170679760825,0.037591505245434045,0.801790106429378,0.00357712605593441,0.010496183206102865,0.005190311418683126,0.0,0.044028099483948535,0.1222624700776973,-0.0016997167138810276,-0.009254013220018842,-0.007567158531971208,-0.006887994401988489,-0.014442290908126303
2025-11-27,2643.0,2647.5,2609.5,2623.0,423700,-0.009254013220018842,0.003251099636641719,0.04460374352847474,-0.007567158531971245,0.014562176662195824,-0.0016997167138810198,2604.5,0.007103090803990408,2532.525,0.03572521495304648,2603.0922241210938,0.007647741287621912,2570.716709856975,2558.4382018517385,12.27850800523629,-5.332376107650176,17.610884112886467,19.87251854721281,61.99111356938092,84.73520249221184,94.91173416407061,-15.264797507788161,34.234745193141165,0.013051751884532259,2628.123888591868,2436.9261114081323,7.549689625323956,0.9732011079451831,0.015301451503665218,0.018696605066454278,0.7365864598128371,0.7215464287964632,-0.058235163369637744,0.5300880562305663,0.009340449866180212,0.012621916236374098,0.782134171040348,-0.0032405642398005696,0.006738544474393482,0.8210757256776091,-0.009912314144487233,0.02223971659122226,1.5818268109126754,-0.04269919939037636,0.003998400639743993,1.1703327938305452,0.004897987724767948,0.03005275866248784,-0.01415200094478679,0.014550984865986896,0.0064708676828309645,0.029750262944725082,-0.015724880902849805,0.014853480583749655,0.6740313386121759,-0.013615580826259667,-0.007567158531968382,0.010496183206102865,0.0,0.05377979160645978,0.11406400668345858,-0.007434235608082318,0.0013343499809379544,0.008834261570962232,-0.012834839176769523,-0.004066253587749251
2025-11-28,2603.5,2629.0,2603.5,2626.5,363500,0.0013343499809379544,-0.007932011331444722,0.03385160401495768,0.008834261570962166,0.009794507393892836,-0.007434235608082348,2621.7,0.0018308730972262932,2539.2,0.0343809073719934,2602.7429931640627,0.009127680642047498,2579.2987544943635,2563.4798165293873,15.818937964976158,-1.1021132931249091,16.921051258101066,20.23717654017234,62.48044805073831,85.95317725752508,90.22945991657896,-14.046822742474916,33.61083482220251,0.012796815085547197,2641.2526334790073,2437.1473665209924,8.038172139178283,0.9277204665078931,0.007000501019914322,0.019932189743518413,0.6938863553499879,0.6509250836264138,-0.14208166155298563,0.3984125556504925,-0.0013325718640772033,-0.009254013220018842,0.8088023349705361,0.007995431181797796,0.012621916236374098,0.858815601848582,-0.0045688178187685,0.006738544474393482,0.9015750361259952,-0.032743194365493,0.011748307447232209,1.184092726887476,0.0040476383400412,0.030979432277904298,-0.0027132883591032457,0.0028721717370533834,0.008012392390844907,0.03088289560659657,-0.0066780424099069525,0.0029687084083611127,0.43425200582730633,-0.002145047486261893,0.008834261570958773,-0.007567158531968382,0.0,0.05237555430563313,0.11524458006118814,-0.005330287454787697,-0.0066628593184846485,-0.0013397129186603074,-0.0020177996448469673,-0.003350371508543919
2025-12-01,2612.5,2633.0,2607.0,2609.0,435700,-0.0066628593184846485,-0.005337399923751485,0.0046207162110127875,-0.001339712918660287,0.009973149213655544,-0.00533028745478774,2624.1,-0.0057543538740879585,2545.275,0.025036587401744415,2601.1385782877605,0.0030223002253157993,2583.868176879846,2566.851681971655,17.016494908190907,2.521608347138254,14.494886561052652,20.671114306568768,58.42992864303718,74.24749163879599,81.6452904628443,-25.752508361204015,33.06720376347376,0.012674282776336178,2648.7493808872555,2441.8006191127447,8.130703431829991,0.8079264618622556,0.005667943188047923,0.020345434033288118,1.0155680024987122,0.800571810758568,0.19862448418156808,0.07957366583913528,0.006707550785355787,0.0013343499809379544,0.8472778721787512,0.005366040628207891,-0.009254013220018842,0.9875973437197713,0.014756611728242719,0.012621916236374098,1.0486666153871256,-0.00459946339631867,0.02223971659122226,2.120875201913193,-0.005485773619917099,0.016213427178700415,-0.0011770856985675497,-0.011592710967687627,-0.007628031109793059,0.016015327679714805,0.0009651717913084102,-0.011394611468702017,0.5143777450497303,-0.002739169877060103,-0.0013397129186597742,0.008834261570958773,0.0,0.05943441678180849,0.10931003814899064,0.0,0.007474128018397863,0.007474128018397863,0.0040142463543740205,0.011488374372771884
2025-12-02,2609.0,2634.0,2602.5,2628.5,344200,0.007474128018397863,0.0007614696363982265,0.0053547523427042165,0.007474128018397854,0.012103746397694525,0.0,2626.9,0.0006090829491032235,2552.525,0.029764644812086072,2599.4721069335938,0.011166841524465232,2590.7346112060236,2571.418224047829,19.31638715819463,5.880564109349529,13.435823048845101,20.88370908181807,61.430422293531265,87.29096989966555,82.49721293199555,-12.709030100334449,32.95526063751135,0.012537668113942862,2657.970471690354,2447.0795283096463,8.262052022241019,0.8602572911955125,0.005253380965448115,0.020579184188637932,0.853245281989881,0.6428165899719118,-0.2100068854716548,0.05115273775216145,-0.007418679855808463,-0.0066628593184846485,1.0800667326060174,-0.0007608902419627972,0.0013343499809379544,0.9010884950706617,-0.002092448164731975,-0.009254013220018842,1.0503196571153766,-0.005326231691456962,0.006738544474393482,1.170795312852472,-0.001999469012648777,0.009319810095767751,0.00947359703104664,-0.003965057753063534,-0.007804082491916366,0.009013358885047066,0.015278210510314229,-0.0036586065423428495,0.44482610943989986,0.010945587671025058,0.007474128018394989,-0.0013397129186597742,0.0,0.05157481201588214,0.11591778182640669,-0.0032337835267263193,-0.011032908502948469,-0.007824427480916052,-0.0018559838934131807,-0.00965510886963533
2025-12-03,2620.0,2620.5,2590.0,2599.5,499600,-0.011032908502948469,-0.003641241855116939,-0.018130311614730887,-0.007824427480916031,0.011776061776061776,-0.00323378352672627,2617.3,-0.006800901692963546,2557.65,0.016362676675457433,2597.3552449544272,0.0008257457460769668,2592.083132558943,2573.4983555998415,18.58477695910142,8.421406679299908,10.16337027980151,20.556806649116034,55.06488918227908,67.89297658862876,76.47714604236343,-32.10702341137124,33.35131344911768,0.012829895537259032,2661.7576846347156,2453.5423153652846,8.140885940978281,0.700993808222898,0.004821295077751926,0.020544764516423404,1.2086872582202104,0.9553202311431336,0.451481696687972,-0.1037184489210925,0.011155991536444976,0.007474128018397863,0.8327264897505934,0.0036545489513353235,-0.0066628593184846485,1.0540933514942867,0.01038661280976716,0.0013343499809379544,0.879419172063744,0.01846508943988523,0.012621916236374098,1.0884475529889366,-0.0074708886618320685,-0.00613762369819689,-0.0035620198411164,-0.011992687916533996,-0.003097389303537031,-0.004863374835108146,-0.007935519199411437,-0.013266936779622741,0.489238967445045,-0.009517544958310684,-0.007824427480913044,0.007474128018394989,0.0,0.06330617171907461,0.10605496808260044,-0.0017311021350259193,0.007309097903442918,0.00905587668593455,-0.004626925958298554,0.004413274080170284
2025-12-04,2595.0,2622.0,2588.0,2618.5,497000,0.007309097903442918,-0.003804451207913284,-0.0017155928326343384,0.009055876685934489,0.01313755795981453,-0.0017311021350259665,2616.4,0.0008026295669618655,2563.9,0.021295682358507984,2595.6291666666666,0.008811286922659978,2596.147266011413,2576.831810740594,19.315455270819257,10.600216397603779,8.715238873215478,20.169135122849703,58.12637417635547,80.60200668896321,78.59531772575251,-19.39799331103679,33.39764820275214,0.01275449616297093,2666.8546502106715,2460.9453497893287,8.031097173109043,0.7651652931085406,0.0046506964837474685,0.020169799954670144,1.1612122401583174,0.9641012907706215,-0.005204163330664535,0.04600566959254082,-0.007256062631656568,-0.011032908502948469,1.1672869923201115,0.003818980331868005,0.007474128018397863,0.8042037284959614,-0.003628031316019187,-0.0066628593184846485,1.0179882757283278,0.0017185411491305036,-0.009254013220018842,0.9899509580585092,0.00598544802414711,-0.005128144252725301,0.0013236498792958086,0.0034125514200909627,0.00591903755826219,-0.005732173483735357,0.001390060345180728,0.004016580651101018,0.5030017287509668,0.004331811779095135,0.009055876685931,-0.007824427480913044,0.0,0.055590755540860105,0.11254148922310993,-0.005155623448539259,-0.028642352491884626,-0.023608445297504832,-0.002706464947885556,-0.026193193991230924
2025-12-05,2605.0,2613.5,2543.5,2543.5,715900,-0.028642352491884626,-0.021542604346989846,-0.03160098991052729,-0.023608445297504797,0.027521132298014547,-0.00515562344853924,2599.8,-0.021655511962834995,2566.475,-0.008951967192741384,2592.5213256835937,-0.018908745397358984,2588.047686625042,2574.3627877227723,13.684898902269651,11.217152898536954,2.4677460037326977,19.25346085932171,45.07224620626505,30.434782608695652,59.643255295429206,-69.56521739130434,36.36924475969841,0.014298897094430553,2664.5690747446133,2468.3809252553865,7.644264973912733,0.3828930286573628,0.013080738399594461,0.019784233763663582,1.4361630633865683,1.392514384193143,0.4404426559356136,-0.13023973759104723,0.029486927461753742,0.007309097903442918,0.9970289740230821,0.022016905838009748,-0.011032908502948469,1.0022448197624383,0.0334185177900399,0.007474128018397863,0.6904977321101506,0.03263219972438258,0.0013343499809379544,0.7292153562522945,-0.006249411122028466,-0.01526364753374494,-0.02239294136985616,-0.016337342376782346,-0.004869085652519233,-0.01793484641789142,-0.023773266839365394,-0.013666143492635868,0.6765739397247219,-0.025348056029102572,-0.023608445297495735,0.009055876685931,0.0,0.08671688357920623,0.0863730644901669,0.007273442107332384,0.011008452919205824,0.0037080405932865546,0.0030468488188233776,0.006781859630696818
2025-12-08,2562.0,2574.5,2543.0,2571.5,604000,0.011008452919205824,-0.017949207561581026,-0.014373323112303549,0.003708040593286495,0.01238694455367676,0.007273442107332416,2592.3,-0.008023762682171087,2569.45,0.0007978361123972544,2589.5919189453125,-0.006986397669048183,2585.501888682728,2574.1507293729373,11.351159309790546,11.243954180787673,0.10720512900287282,18.418790345727807,49.62112676676904,49.163879598662206,53.400222965440356,-50.836120401337794,36.021441562577095,0.014007949275739097,2664.3108981614755,2474.589101838524,7.383751243377041,0.51080529512018,0.013558969371168668,0.018923824221853163,1.1350375182517416,1.1584507447457355,-0.1563067467523397,0.039715747977038474,-0.010888586428539404,-0.028642352491884626,1.3453201313185792,0.018277270075435226,0.007309097903442918,0.9339629910117807,0.010888586427761693,-0.011032908502948469,0.9388489141035928,0.014582928251598348,-0.0066628593184846485,0.8187679581163639,0.007109045399676757,-0.002770314032980594,0.003899407519529068,-0.011603009079322955,0.006247053042315941,-0.004346760128369677,0.004761399876889883,-0.010026562983933871,0.7310514951308358,0.00644153545245912,0.0037080405932850475,-0.023608445297495735,0.0,0.07488407286942364,0.09632117034055204,-0.00447209799727788,-0.0048609760839977145,-0.0003906249999999778,-0.0021774310414154736,-0.0025663091281353085
2025-12-09,2560.0,2570.0,2543.0,2559.0,596300,-0.0048609760839977145,0.0060939650088460695,-0.026440935894997186,-0.000390625,0.01061738104600865,-0.004472097997277854,2578.4,-0.007524045920335287,2570.625,-0.0045222465357628305,2586.4047648111978,-0.010595698393784714,2581.4246750392313,2573.02845312309,8.396221916141258,10.67440772785839,-2.278185811717133,17.64373915453347,47.72109963781607,35.869565217391305,38.48940914158305,-64.1304347826087,35.48419573667873,0.01386643053406208,2664.350063350216,2476.899936649784,7.292005901305387,0.4379835041745361,0.011877326444165122,0.0187885670271773,1.0235837963749719,1.126888856972235,-0.01274834437086092,-0.11599595287052444,0.004884720593589353,0.011008452919205824,1.036801296344932,-0.006057053536926094,-0.028642352491884626,1.2288841855187698,0.023251270026954485,0.007309097903442918,0.8531295435156147,0.02715904650213874,0.007474128018397863,0.5908394142415987,-0.0004002313551365813,-0.0011827504329796356,-0.004460744728861133,-0.02525818546201755,-0.003138858166826854,0.000255781263483663,-0.0017221179171708605,-0.026696717158480848,0.7227072904645648,-0.0025925004030977077,-0.0003906249999998474,0.0037080405932850475,0.0,0.08013458123631013,0.09190695175097069,0.0021492770613520396,0.003907776475185587,0.0017547280171572588,7.943849229507692e-05,0.0018379379061286244
2025-12-10,2564.5,2580.0,2557.5,2569.0,390100,0.003907776475185587,-0.0009721952167995873,-0.011733025581842638,0.0017547280171573405,0.008797653958944282,0.0021492770613520907,2572.3,-0.0012828985736496046,2572.925,-0.0015255011323682677,2583.738391113281,-0.005704289244208183,2579.513186571657,2572.7300491880465,6.783137383610665,9.896153659008846,-3.1130162753981807,16.52575824807465,49.39064659822522,40.3041825095057,41.77920910851974,-59.6958174904943,34.55675318405882,0.013451441488534593,2664.084900723959,2481.7650992760414,7.0860907895845235,0.4784718940629089,0.010927471212778577,0.01820320839256077,0.6957858670390842,0.7356615768163826,-0.34579909441556267,0.031786361536548124,-0.0038925652008547917,-0.0048609760839977145,1.063566040798272,0.0009731412997271427,0.011008452919205824,1.0772998300220633,-0.00992604126157648,-0.028642352491884626,1.2768856760145615,0.011872323861030765,-0.011032908502948469,0.8910910514553357,0.002118903988458389,0.008528454499034919,0.001788872486727198,-0.020261480080877557,0.002864006765071438,0.0062164062412976995,0.0010437697101141489,-0.017949431823140335,0.7206264480731172,0.001843897452814778,0.0017547280171566564,-0.0003906249999998474,0.0,0.0759300869535702,0.09544176314936959,0.004865706500583933,-0.009342156481121022,-0.014139066434243674,0.011292799022078859,-0.0029150639596260955
2025-12-11,2581.5,2583.0,2545.0,2545.0,369100,-0.009342156481121022,-0.0054708870652598884,-0.028069505442047005,-0.014139066434243657,0.01493123772102161,0.004865706500583885,2557.6,-0.004926493588127578,2574.325,-0.011391335593209262,2581.1249552408854,-0.013995818051551812,2574.203465560633,2570.6759714704135,3.527494090219534,8.622421745250984,-5.09492765503145,15.944277113309827,45.62474818316682,1.9138755980861244,26.029207774994376,-98.08612440191388,34.80269938519748,0.013674930996142948,2662.8276976990082,2485.8223023009914,6.875798331524452,0.33432708401877126,0.005133306182681016,0.0178392636424919,0.6898021047280692,0.7155236252680064,-0.053832350679313024,-0.1121922549467772,0.00943025540235376,0.003907776475185587,0.7290484991991867,0.005500982317875991,-0.0048609760839977145,1.1144107153870162,0.010412573673473258,0.011008452919205824,1.128801060026426,0.02888015717051906,0.007309097903442918,0.9288313358164465,-0.006138238490524763,-0.003628722779058623,-0.0032039179905962592,-0.02444078266298838,-0.0089187574764711,-0.008729986248625586,-0.00042339900464992246,-0.019339519193421417,0.8772739425174909,-0.001517962947379872,-0.01413906643423818,0.0017547280171566564,0.0,0.08607638246904192,0.08691154794920981,0.003143418467583592,0.005893909626718985,0.0027418723070897766,-0.003988908619350489,-0.0012384174602150955
2025-12-12,2553.0,2567.0,2548.0,2560.0,543600,0.005893909626718985,-0.0035033086804203695,0.006487124041674841,0.0027418723070896985,0.007456828885400314,0.003143418467583497,2560.9,-0.0003514389476354518,2576.2,-0.006288331651654988,2579.0250447591147,-0.007376835986439345,2572.0183170128435,2569.8851587689014,2.1331582439420345,7.324569044989194,-5.19141080104716,15.404330345313923,48.27907778063454,16.267942583732058,19.495333563774626,-83.73205741626795,33.88822085768337,0.013237586272527396,2661.7718411628625,2490.628158837137,6.643260706689133,0.4053426934616989,0.004074501503250581,0.017147432926002352,1.0858513725952368,1.0327316664481896,0.47277160661067463,0.10579927162479441,-0.005859375000388356,-0.009342156481121022,0.737284292908208,0.0035156249996080025,0.003907776475185587,0.7792321936155295,-0.00039062500039044323,-0.0048609760839977145,1.1911206281798006,-0.006445312500388156,-0.028642352491884626,1.4300239103034031,0.00963953629143727,0.012379158830180155,-0.003745626664718286,-0.005892034788505314,0.00813010251560262,0.004592111357631927,-0.002236192888883635,0.001895012684042914,0.8583934487147133,-0.001084917110053314,0.0027418723070886243,-0.01413906643423818,0.0,0.07971265366551487,0.09226167559794282,0.005859375,0.010546874999999956,0.004660194174757271,-0.00028045651255588066,0.004407043487444075
2025-12-15,2575.0,2589.5,2569.0,2587.0,470500,0.010546874999999956,0.01650294695481347,0.006027610344156997,0.004660194174757282,0.007979758660957572,0.005859375,2564.0,0.008970358813959134,2578.2,0.0034132340388630666,2577.0457275390627,0.0038626681527453854,2574.32319131856,2571.15292478602,3.170266532540154,6.493708542499387,-3.3234420099592326,14.632953125894549,52.750145356083316,42.10526315789474,20.095693779904305,-57.89473684210526,33.57477651070599,0.012978266915613842,2662.812883179822,2493.5871168201775,6.563717568832701,0.5520015372913017,0.005975888996418722,0.016778312031305424,0.992781497338164,0.8984305630610417,-0.13447387785136133,0.07297157966507584,-0.01043679938190556,0.005893909626718985,1.1470266141403314,-0.016235021260527116,-0.009342156481121022,0.7788217867534885,-0.006957866254732492,0.003907776475185587,0.8231329694189538,-0.005991495941628955,0.011008452919205824,1.2744740157114793,0.007864131337904085,0.013041809857934185,0.0026827436620958708,-0.007014199513777188,0.007152700806080418,0.005606490127424102,0.0033941741939195373,0.0004211202167328952,0.9434907293153953,0.0037983680998963255,0.004660194174755472,0.0027418723070886243,0.0,0.06844390930952042,0.10173555838064328,0.0011596443757246888,0.00019327406262070745,-0.0009652509652510188,0.010390451499877483,0.009424081186773502
2025-12-16,2590.0,2608.5,2574.0,2587.5,511200,0.00019327406262070745,0.0107421875,0.011137162954278912,-0.0009652509652509653,0.013403263403263404,0.0011596443757247777,2569.7,0.006926878623572108,2581.95,0.002149538139390117,2575.0665079752603,0.004828415881775072,2576.350392654166,2572.3638192463145,3.9865734078516653,5.992281515569843,-2.0057081077181778,14.586353222807208,52.83146365730806,42.58373205741627,33.65231259968102,-57.41626794258373,33.640863902798415,0.013001300059047503,2661.051769891719,2502.848230108281,6.127289056079239,0.5350813895036576,0.007022765646219729,0.015682454786568756,1.1188419373124594,0.9769969956195674,0.08650371944739632,0.2854532028798227,-0.00019323671536219944,0.010546874999999956,1.0297635592830832,-0.010628019324053883,0.005893909626718985,1.1897544544660659,-0.01642512077332703,-0.009342156481121022,0.8078336444875367,-0.011014492754005456,-0.0048609760839977145,1.3050967277375187,-0.005340835399192048,0.007965284011272786,0.005534109461812755,0.003171878943006126,-0.009783675490749913,-0.001707322818928477,0.00997694955337062,0.01284448577320739,0.808552108630629,0.008103885510824353,-0.0009652509652505925,0.004660194174755472,0.0,0.06823744671834958,0.10190913605052135,0.00019323671497595285,-0.0073429951690821005,-0.0075347758887172045,0.0009650288643697112,-0.006571203019688342
2025-12-17,2588.0,2592.5,2550.5,2568.5,514800,-0.0073429951690821005,-0.0071511403169695065,-0.0001946282600233662,-0.007534775888717156,0.016467359341305627,0.0001932367149758454,2569.6,-0.0004280821921698319,2585.325,-0.006507885856127715,2573.0506184895835,-0.0017685693619401421,2575.1426399381407,2572.077610413254,3.0650295248865405,5.406831117433183,-2.341801592546642,13.60066414466621,49.3553771528757,28.021978021978022,37.57032441242968,-71.97802197802197,34.237945052598526,0.013329937727305898,2655.5896959717506,2515.060304028249,5.435656714088235,0.38027415640733625,0.007077125209534228,0.01403349367000839,1.0684022322716415,0.989541385627046,0.007042253521126751,0.11045099963837379,0.007397313606771538,0.00019327406262070745,1.0609308879900217,0.007202647459214617,0.010546874999999956,0.9764631901394858,-0.0033093245088560153,0.005893909626718985,1.1281729865246004,0.0001946661471674549,0.003907776475185587,0.8096031678499754,0.0005162580412555473,0.0063442847045685575,-0.007859253210337648,-0.006538912964591924,-0.0009545360665756871,-0.0055758871224152705,-0.006388459102506413,0.005381258862391904,0.937912520583577,-0.006447723840892165,-0.007534775888714245,-0.0009652509652505925,0.0,0.07613953411863797,0.09526567628216104,0.0064239828693790635,0.01927194860813697,0.012765957446808418,0.0051838924999579716,0.018031858238715875
2025-12-18,2585.0,2623.5,2580.0,2618.0,613200,0.01927194860813697,0.011787439613526463,0.028683693516699416,0.01276595744680851,0.01686046511627907,0.006423982869379015,2584.2,0.013079483011758875,2590.675,0.01054744419851561,2572.2385498046874,0.017790515657177153,2581.7360799476573,2575.4792689011615,6.256811046495841,5.576827103245715,0.679983943250126,13.686169898067254,57.24752904190547,82.41758241758242,51.0077641656589,-17.582417582417584,35.72094897741292,0.013644365537585666,2653.3752990423714,2527.974700957629,4.840460423817821,0.7179016720600832,0.008526812152740435,0.012285933820991947,1.1555399774997597,1.185520869381971,0.1911421911421911,0.2985840382493563,-0.018907563025584828,-0.0073429951690821005,0.9701108617365889,-0.011650114591668537,0.00019327406262070745,0.9633268696964729,-0.011841100076771638,0.010546874999999956,0.8866300707984948,-0.027883880825428586,-0.009342156481121022,0.6955476283352272,0.005367496093387901,0.018053957017095532,0.013904452514749067,0.010629736499603883,0.001322181271926616,0.004658006448445051,0.017949767336210353,0.024025687068254364,0.9641051292272732,0.01799722686210428,0.012765957446803573,-0.007534775888714245,0.0,0.05579235805337738,0.11237199752892037,-0.003437738731856377,-0.008594346829640997,-0.005174396320429264,-0.010471186012564766,-0.015627794110349386
2025-12-19,2609.0,2614.5,2590.5,2595.5,697500,-0.008594346829640997,0.010511971968074851,0.013867187500000044,-0.005174396320429283,0.009264620729588882,-0.003437738731856379,2591.3,0.001620808088217629,2593.425,0.0008001002531397017,2570.837365722656,0.00959323005226409,2583.853606109556,2576.962286019594,6.891320089961937,5.83972570058896,1.0515943893729771,13.765568097653938,53.19006554231794,57.69230769230769,56.04395604395605,-42.30769230769231,35.13373833616914,0.013536404675844963,2651.753616475988,2535.0963835240123,4.498191887252411,0.5177871525621908,0.006901016539241544,0.01152839487794605,1.242338910054663,1.3385121118554753,0.13747553816046976,0.06396281931255854,0.008668849932186973,0.01927194860813697,1.0921895622157982,-0.010402619919472,-0.0073429951690821005,0.9169262665177641,-0.0030822577541887997,0.00019327406262070745,0.9105141947239336,-0.013677518782888143,0.005893909626718985,0.9682228408684083,0.002575030689273966,0.010949064484020755,-0.011169377518914964,0.002918123015979289,0.0072953115458950744,0.003989369097734422,-0.015889658375536072,0.009877818402265624,0.8151664077341598,-0.014541239735809825,-0.0051743963204273,0.012765957446803573,0.0,0.06494486356529872,0.1046772835795497,-0.00019264110961281222,-0.006935079946060463,-0.00674373795761074,-0.001075947827202444,-0.007818386663650095
2025-12-22,2595.0,2599.0,2576.0,2577.5,439400,-0.006935079946060463,-0.015469824293353751,-0.003672207189795107,-0.00674373795761079,0.008928571428571428,-0.00019264110961279138,2589.4,-0.004595659226459992,2592.45,-0.005766745742827872,2569.0373575846356,0.003294090834987884,2582.8761282465475,2577.002116684809,5.874011561738371,5.846582872818843,0.0274286889195281,13.255818039628025,50.12907334522242,42.857142857142854,60.989010989010985,-57.142857142857146,34.267042740728485,0.013294681955660598,2651.1576655983085,2533.742334401691,4.52912616237989,0.3726742083198203,0.0073541068343294085,0.011684344132938066,0.7913965790198858,0.8830811775487564,-0.37003584229390685,-0.08172532973760482,0.006983511153828559,-0.008594346829640997,1.2562565176749438,0.015712900096599203,0.01927194860813697,1.1044250847860582,-0.0034917555774962583,-0.0073429951690821005,0.9271983588517005,0.0036857419976707995,0.010546874999999956,0.8474103104889764,-0.0038151255777918425,-0.0007122675820614115,-0.0031199543682686203,-0.0029599396077336954,0.0010835906745039643,-0.001991629543166713,-0.008018670620564427,-0.001680577646628394,0.7019849464747556,-0.0076957442877026725,-0.006743737957608191,-0.0051743963204273,0.0,0.07238191789863255,0.09842478740280407,-0.0005819592628516501,0.012609117361784605,0.013198757763975166,-0.0052333552621738185,0.007957721362462436
2025-12-23,2576.0,2613.0,2576.0,2610.0,459300,0.012609117361784605,0.005586592178770999,0.008695652173912993,0.013198757763975156,0.01436335403726708,-0.0005819592628516004,2593.9,0.006206869963758743,2592.225,0.006857043659016293,2567.4166666666665,0.016586062513804567,2587.0490315932325,2579.446404337786,7.60262725544635,6.197791749344344,1.404835506102006,13.241938176697847,55.147981299140696,83.22981366459628,61.25975473801561,-16.770186335403725,34.46225397353359,0.013203928725486739,2650.6266052861806,2533.823394713819,4.505905566544626,0.652179036114664,0.008029311329806131,0.011478694013528776,0.8429982325118704,0.9242824887407783,0.04528903049613109,-0.08317895250814988,-0.012452107280071845,-0.006935079946060463,0.8064738152965728,-0.005555555555936564,-0.008594346829640997,1.2801900003854336,0.0030651340992324805,0.01927194860813697,1.1254659616291725,-0.008620689655552294,0.00019327406262070745,0.9382553809276468,0.005535621845526838,0.010173053704152512,0.007073495516257767,-0.0014774015302395187,0.006626062314698709,0.014867426125737168,0.005983055047085896,-0.006171773951824175,0.7754835662988449,0.007470714927463672,0.013198757763970032,-0.006743737957608191,0.0,0.05902850321216044,0.1096512986707725,0.0,0.006130268199233679,0.006130268199233679,0.0003576957186026362,0.006487963917836316
2025-12-24,2610.0,2627.5,2600.5,2626.0,436100,0.006130268199233679,0.018816682832201836,0.02238660696904815,0.006130268199233717,0.010382618727167852,0.0,2605.4,0.007906655407611929,2591.15,0.013449626613274646,2565.725,0.023492385192870113,2593.0414882711966,2582.8948188312834,10.14666943991324,6.987567287458124,3.159102152455115,13.672169444299318,57.41988504470753,98.22485207100591,74.77060286424835,-1.7751479289940828,33.92923583256691,0.012920501078657269,2646.1337248647524,2536.166275135248,4.2439630947457525,0.8169119597273844,0.007326706942995913,0.010741072244520316,0.8242282664368429,0.8788157247761146,-0.050511648160243894,0.0576413119330077,-0.006092916984384522,0.012609117361784605,0.8680762274121576,-0.018469154608142246,-0.006935079946060463,0.8304652608859178,-0.011614623001138025,-0.008594346829640997,1.3182738267362941,-0.021896420411644413,-0.0073429951690821005,0.9729711340556907,-0.0010325627651076373,0.00856461831223107,0.007162830964341317,0.01382198865681708,-0.000461255059613723,0.014932972549351376,0.006591523258847402,0.0074536344196967745,0.692618906048043,0.006449742174032461,0.006130268199231368,0.013198757763970032,0.0,0.052575930458394975,0.11507611939478705,0.0019040365575018203,0.005712109672505683,0.003800836183960543,-0.002259806802622784,0.0015482663123810789
2025-12-25,2631.0,2658.0,2629.5,2641.0,296700,0.005712109672505683,0.011877394636015337,0.008785332314743988,0.003800836183960471,0.010838562464346835,0.001904036557501904,2610.0,0.011877394635627647,2592.05,0.01888466657625476,2565.108333333333,0.029586144834287342,2600.4197208448586,2587.198906325262,13.220814519596388,8.234216733885777,4.986597785710611,14.874112821269529,59.491504615325184,85.21739130434783,88.89068567998333,-14.782608695652174,33.791433273097844,0.012794938763000776,2649.6181335462843,2534.481866453716,4.441899928341206,0.9251484022896502,0.009434821440332105,0.011182063382887642,0.6369672886060785,0.6056511106665632,-0.31965145608805323,0.007816814648030856,-0.0056796667932579314,0.006130268199233679,0.9362367191139563,-0.0117379780389959,0.012609117361784605,0.9860433962142632,-0.024043922756901148,-0.006935079946060463,0.943321289563569,-0.008708822416126916,0.01927194860813697,1.3164419999098327,0.005678910154976063,0.008784235628976046,3.31995175296201e-05,1.0966857679414743e-06,0.006011737946748716,0.02019522866699102,-0.00029962827424303336,-0.011409896352247033,0.8121313408063269,0.0008297888732363735,0.0038008361839590265,0.006130268199231368,0.0,0.04659764989918636,0.12010219217368641,0.0034078000757289395,0.005111700113593409,0.0016981132075470917,0.0029257403675715665,0.004629640405436036
2025-12-26,2650.0,2663.0,2644.5,2654.5,346600,0.005111700113593409,0.010853008377760931,0.0227316509343094,0.0016981132075471698,0.0069956513518623555,0.0034078000757288905,2621.8,0.01247234724196633,2593.45,0.023540072104330845,2565.3333333333335,0.03475831600791257,2608.7397637918034,2592.1841725233908,16.555591268412627,9.898491640791148,6.657099627621479,16.109233203266474,61.315674963760266,92.91666666666667,92.11963668067347,-7.083333333333333,32.94918803930514,0.012412577901409956,2655.489422950273,2531.4105770497267,4.784316100196503,0.9920258530526148,0.01123433889952868,0.011989283277982913,0.8760910062913748,0.7087340325248803,0.16818335018537245,0.17273184375098216,-0.0050857035226954395,0.005712109672505683,0.749960189170949,-0.010736485214160596,0.006130268199233679,1.1023176221686917,-0.01676398568505677,0.012609117361784605,1.1609596052787896,-0.022226407986806418,-0.008594346829640997,1.763051000831604,0.0016086362950441726,0.007885036468154158,0.003503063818549237,0.014846614466155242,0.0005935735809416721,0.01310433848278833,0.004518126532651737,0.00962731245152107,0.8711661910971806,0.004594598877948539,0.001698113207546529,0.0038008361839590265,0.0,0.041274964544643626,0.12457709155422916,0.0,0.002260312676586995,0.002260312676586995,-0.007184632525883235,-0.00492431984929624
2025-12-29,2654.5,2663.5,2640.5,2660.5,619600,0.002260312676586995,0.007383566830746036,0.03220174587778857,0.002260312676586928,0.008710471501609543,0.0,2638.4,0.008376288659411646,2596.025,0.02483604741825496,2565.7,0.036948980784566876,2616.702877054603,2597.244604188325,19.458272866278094,11.810447885888538,7.647824980389556,17.065065333226354,62.13187249290526,97.46835443037975,91.86747080046477,-2.5316455696202533,32.238531750783345,0.01211747105836167,2664.3854234919813,2527.664576508019,5.266545853139414,0.9715813383423737,0.007782171816125843,0.013181040150746054,1.435385638267066,1.2435873762634575,0.7876514714368148,0.36428233864434234,-0.0022552151854905444,0.005111700113593409,0.8029449035238301,-0.007329449351998751,0.005712109672505683,0.6873449303967697,-0.012967487314785586,0.006130268199233679,1.0102835326795796,-0.031197143394463,-0.006935079946060463,1.0179284206819703,0.005512402160804136,0.017366969074834447,-0.003252089484217141,0.01483477680295412,0.008247143426026013,0.020702127098999688,-0.005986830749439018,0.01149961877878888,0.8104846706878482,-0.004423870647171151,0.0022603126765860762,0.001698113207546529,0.0,0.03892666543272274,0.12655135859075337,0.00018793459875965368,-0.007517383950385259,-0.0077038707252912175,0.0029687824184355402,-0.0047365361307093725
2025-12-30,2661.0,2675.0,2640.5,2640.5,381200,-0.007517383950385259,-0.005274062912036137,0.011685823754789215,-0.0077038707252912435,0.013065707252414316,0.00018793459875963165,2644.5,-0.001512573265645134,2596.625,0.016896933519080726,2566.2166666666667,0.028946633500277708,2620.3639728923563,2600.4487075817824,19.915265310573886,13.431411370825607,6.483853939748279,18.249609075345607,57.757347325477596,73.46153846153847,87.94885318619497,-26.53846153846154,32.40006519715596,0.012270428023913536,2666.312785873875,2526.937214126125,5.367566427487595,0.8147969149099356,0.005103893948850366,0.013538753969194123,0.9162558497840357,0.7622688897509629,-0.3847643641058748,0.20641907238295132,0.007574323044496234,0.002260312676586995,1.4892762972880076,0.005302026131033699,0.005111700113593409,0.8330909693996505,0.00018935807574327335,0.005712109672505683,0.7131508673424013,-0.01155084264381312,0.012609117361784605,1.1039777329638185,-0.0017110977557406727,0.010059802309004471,-0.005806286194644586,0.0016260214457847443,-0.0034310924317862987,0.009793561054519742,-0.00408629151859896,0.001892262700269473,1.0578558722114573,-0.003887782673319834,-0.007703870725288349,0.0022603126765860762,0.0,0.046795831616644946,0.11993557641761256,0.0,0.004733951903048705,0.004733951903048705,-0.006629918885346613,-0.0018959669822979077
2026-01-05,2640.5,2660.0,2640.0,2653.0,410000,0.004733951903048705,-0.002819018981394472,0.010281797410510274,0.004733951903048665,0.007575757575757576,0.0,2649.9,0.0011698554658661209,2599.3,0.02065940830184254,2566.75,0.03360280510332769,2625.384900139686,2604.3413959090576,21.043504230628514,14.95382994278619,6.089674287842325,19.323257198840707,59.66862676241859,82.67716535433071,84.53568608208298,-17.322834645669293,31.514346254501962,0.0118787584826574,2673.203585839952,2525.396414160048,5.686422178275076,0.8633111938322875,0.0033220287064981667,0.014290139316477398,0.9980015627243982,0.827270049192302,0.07555089192025188,0.18939327292454777,-0.004711647192233381,-0.007517383950385259,0.9278980383183917,0.0028269883147369335,0.002260312676586995,1.5081994347903345,0.0005653976626458501,0.005111700113593409,0.8436764430250644,-0.010177157934787018,0.006130268199233679,1.0615328817173417,0.007318103928721776,0.018458548733778682,-0.0025841520256730706,-0.008176751323268408,0.006267317750466996,0.016588921705410875,-0.001533365847418291,-0.006307124294900601,0.9980058961704877,-0.0015208681650913146,0.004733951903046872,-0.007703870725288349,0.0,0.041863698976161295,0.12408212948763732,0.004900113079532531,0.01620806633999239,0.011252813203300738,-0.005514690436797722,0.0057932628236621354
2026-01-06,2666.0,2696.0,2664.0,2696.0,576800,0.01620806633999239,0.021018746449536163,0.020825444907232038,0.011252813203300824,0.012012012012012012,0.004900113079532605,2660.9,0.013191025592463657,2603.175,0.035658378710215155,2567.5583333333334,0.050024829036256824,2636.2487616566573,2611.130922138016,25.117839518641176,16.98663185795719,8.131207660683987,21.158669194989482,65.45836605609398,100.0,85.37956793862305,-0.0,32.334750093466106,0.011993601666711465,2688.016779212858,2518.333220787142,6.518330823925245,1.0470476978512724,0.007762113368111414,0.01614351424791322,1.235538438140609,1.1545328625529427,0.40682926829268284,0.22085458556393944,-0.0159495548965074,0.004733951903048705,0.8782433419515424,-0.020586053412826155,-0.007517383950385259,0.8165521023217756,-0.013167655786716193,0.002260312676586995,1.3272184748126237,-0.02040059347217349,0.005712109672505683,0.6355482916024943,0.011055050746282073,0.023782478049018684,0.005153015593710316,-0.002957033141786646,0.010435613212600808,0.02117909368311742,0.00577245312739158,-0.0003536487758853818,1.0689323621361735,0.005053101658307545,0.011252813203296604,0.004733951903046872,0.0,0.02524643671504916,0.13805262964788126,-0.007418397626112738,0.003152818991097872,0.01065022421524664,-0.012600808037845076,-0.0020295914206344646
2026-01-07,2676.0,2715.5,2663.0,2704.5,557000,0.003152818991097872,0.019411986430456052,0.018835938971557775,0.010650224215246636,0.019714607585429967,-0.00741839762611276,2670.9,0.012580029203260068,2611.225,0.03572078239100973,2568.6666666666665,0.05288087204734526,2646.7489521710177,2618.0471501277925,28.701802043225143,19.32966589501078,9.372136148214363,23.228513499687317,66.48265105678055,93.33333333333333,92.00349956255468,-6.666666666666667,33.775125086789956,0.012488491435303187,2702.219766333035,2520.230233666965,6.969507900164477,1.0125294770175004,0.01031292545365633,0.0172598743595316,1.0944724230283285,1.1329174556748587,-0.0343273231622746,0.2387887720238493,-0.0031429099652419135,0.01620806633999239,1.1333782649959423,-0.01904233684636014,0.004733951903048705,0.8056260205414986,-0.02366426326528981,-0.007517383950385259,0.7490357049522421,-0.018487705676088595,0.005111700113593409,0.6810487285845936,0.00048002103138599994,0.022535781268507245,0.0026727979597118722,-0.0036998422969494703,0.004848211725366529,0.025924139605461475,-0.0016953927342686567,-0.0070882006339037,0.7884317101500702,-0.0006696648707024827,0.010650224215242657,0.011252813203296604,0.0,0.022024179472647717,0.14076165262735632,-0.003697541135145088,-0.011462377518949851,-0.0077936537390981275,-0.0043692513104810204,-0.012134087694285783
2026-01-08,2694.5,2702.5,2661.0,2673.5,516600,-0.011462377518949851,-0.008345697329376844,0.00488629956775033,-0.007793653739098163,0.0155956407365652,-0.0036975411351451285,2673.5,-3.7403413699621524e-13,2616.325,0.02185317191059144,2570.7166666666667,0.03998236548781864,2650.8644979908613,2622.154768636845,28.709729354016417,21.20567858681191,7.504050767204507,25.041383173062254,59.54731412707853,74.54545454545455,89.29292929292929,-25.454545454545453,34.469759009162104,0.012893121005853455,2709.2552292045157,2523.394770795484,7.103875031161332,0.8076232593496165,0.01020334941421316,0.01783138272266864,1.0579106776075573,1.0601685680336397,-0.07253141831238774,0.07991983273743974,0.011595287076487049,0.003152818991097872,1.1406431425230534,0.008415934168315431,0.01620806633999239,1.1811902416648066,-0.007667851131846759,0.004733951903048705,0.8396116488948868,-0.004862539742283567,0.002260312676586995,1.2688375064762727,-0.0012105070981517818,0.015764346470743706,-0.01025187042079807,-0.010878046902993377,0.0008519573308487034,0.018674947042060838,-0.012314334849798554,-0.013788647474310509,0.7863030594178807,-0.012132274174689678,-0.0077936537390952704,0.010650224215242657,0.0,0.033874843233126575,0.1307985373221227,0.006171685057041243,0.00542360201982417,-0.0007434944237918462,0.0019557055390186755,0.0012076225018016022
2026-01-09,2690.0,2704.0,2680.0,2688.0,437000,0.00542360201982417,-0.006100942872989457,0.01798901723158486,-0.0007434944237918215,0.008955223880597015,0.006171685057041331,2683.0,0.001863585538202761,2622.775,0.02486869822953741,2573.1916666666666,0.04461709355720567,2656.5776521461135,2627.0321931822637,29.545458963849796,22.873634662219487,6.671824301630309,26.75468708054128,61.56687048365429,80.28673835125448,82.72184207668079,-19.71326164874552,34.18620479422195,0.012718082140702839,2716.7954631982,2528.7545368018,7.169540902151356,0.846865978858784,0.007547821266840213,0.017943258908916758,0.8749081546645417,0.9117158617696884,-0.15408439798683704,0.19010893415910357,-0.00539434523846527,-0.011462377518949851,1.0342735759718589,0.0061383928567686485,0.003152818991097872,1.1151575335197936,0.0029761904758174307,0.01620806633999239,1.15479868103091,-0.017671130952746417,-0.007517383950385259,0.7631921934968497,0.00394253836524325,0.02177720043272109,0.0014810636545809193,-0.003788183201136233,0.005361774277139096,0.027361695904229665,6.182774268507357e-05,-0.009372678672644807,0.7646272895280078,0.001323843087234309,-0.0007434944237915452,-0.0077936537390952704,0.0,0.028297765395747576,0.1354873100932628,0.011346726190476275,0.008184523809523725,-0.0031267242964870823,0.0069614546348314285,0.0037992522538788783
2026-01-13,2718.5,2719.5,2690.0,2710.0,559100,0.008184523809523725,0.013652515429212642,0.02148511119487373,-0.0031267242964870333,0.010966542750929368,0.01134672619047619,2694.4,0.005789786222904603,2629.825,0.030486819464781822,2576.2083333333335,0.05193355868564509,2664.7964748928653,2633.177956650244,31.61851824262112,24.622611378299815,6.995906864321306,28.648436297444242,64.46553378878576,93.37979094076655,82.7373279458252,-6.620209059233449,33.994333023206096,0.01254403432590168,2727.724578650801,2531.9254213491986,7.445330290099244,0.9094757153448894,0.005301659794262831,0.01853189084390092,1.0562987789556415,1.14624635583456,0.2794050343249428,0.19888065681283051,-0.00811808118117785,0.00542360201982417,0.8256171819059477,-0.01346863468671089,-0.011462377518949851,0.9760042017679921,-0.002029520295571241,0.003152818991097872,1.052331282200487,-0.021033210332464525,0.004733951903048705,0.7746065093396763,0.00475640170067763,0.01923128984806982,0.003428122108846095,0.002253821346803908,0.005735175314435618,0.026524466207423363,0.0024493484950881073,-0.005039355012549634,0.7812162990681405,0.0037041113758733727,-0.003126724296485883,-0.0007434944237915452,0.0,0.019949960658220602,0.1425054942917651,-0.0014760147601475815,0.012546125461254665,0.014042867701404393,-0.004624450401665266,0.00939768981973698
2026-01-14,2706.0,2745.0,2699.5,2744.0,807300,0.012546125461254665,0.02083333333333326,0.017804154302670572,0.014042867701404288,0.016854973143174662,-0.0014760147601476014,2704.0,0.014792899407908733,2639.775,0.03948253165476623,2580.025,0.06355558570127662,2676.9816326016553,2641.386996898374,35.594635703281256,26.817016243296106,8.77761945998515,30.835635583547862,68.42856315380168,99.40828402366864,91.02493777189655,-0.591715976331361,34.81616637869137,0.012688107280859577,2741.5416325472397,2538.0083674527605,7.710250498412904,1.0120784553405515,0.009680613308407335,0.01902521172704702,1.4030215449747219,1.5839474489675793,0.4439277410123412,0.2122066592240497,-0.012390670554295768,0.008184523809523725,0.97167019174454,-0.020408163265663082,0.00542360201982417,0.7594703519806187,-0.025692419825427915,-0.011462377518949851,0.89780865865718,-0.017492711370620473,0.01620806633999239,1.0024313478773934,0.001956253356591661,0.01009028674858942,0.010589872104663004,0.007713867554081152,0.004030171471426336,0.01961538939693867,0.008515953989828328,-0.0018112350942680981,0.711439148876379,0.009678903699797247,0.014042867701399097,-0.003126724296485883,0.0,0.007312096714209354,0.15313042621380202,0.0,0.002368804664723001,0.002368804664723001,-0.007939032944393019,-0.005570228279670018
2026-01-15,2744.0,2756.0,2735.5,2750.5,597100,0.002368804664723001,0.014944649446494429,0.01700868922166765,0.0023688046647230322,0.007494059586912813,0.0,2713.2,0.013747604304506389,2649.3,0.03819876948588741,2583.983333333333,0.06444185011472037,2688.292150662939,2649.4694415725685,38.82270909037061,29.218154812711006,9.604554277659602,33.03041660690895,69.13721309842914,96.94444444444444,96.57750646962654,-3.0555555555555554,33.7935830659277,0.012286341780009239,2755.001182585652,2543.5988174143486,7.9795555494395956,0.9787079837919296,0.012277294500606079,0.019714074735982433,1.023446190658204,1.1654119929501454,-0.260374086461043,0.20375958553706042,-0.0023632066900555193,0.012546125461254665,1.3837349015547948,-0.014724595528443962,0.008184523809523725,0.9583131220850809,-0.02272314124740127,0.00542360201982417,0.7490302885909146,-0.01672423195818329,0.003152818991097872,0.9547136630323557,0.006000205201906333,0.015578548381549727,-0.0036314005371833316,0.001430140840117923,0.011159117342546637,0.025944206263469327,-0.008790312677823636,-0.008935517041801677,0.6138847036957509,-0.004481606778612356,0.0023688046647221688,0.014042867701399097,0.0,0.0049316100286467355,0.15513175405587012,-0.004362843119432802,-0.0038174877295037435,0.0005477451159394686,-0.006243032916102636,-0.005697677526173578
2026-01-16,2738.5,2752.0,2727.5,2740.0,465400,-0.0038174877295037435,-0.001457725947521915,0.02487376098746963,0.0005477451159393829,0.008982584784601283,-0.004362843119432831,2726.5,0.004951402897118928,2656.95,0.0312576450437414,2587.641666666667,0.05887922400342949,2696.2472044071023,2656.1754088634893,40.07179554361301,31.388882958891408,8.682912584721599,34.58101186843813,66.53900266221154,89.71061093247589,95.354446466863,-10.289389067524116,33.12975570407572,0.012091151716811544,2765.6131952411006,2548.286804758899,8.179543856007887,0.8821441096763707,0.009688732812009992,0.020344176274768474,0.8119599219094841,0.9088139723801787,-0.2205660693351198,0.22168379328911336,0.00383211678795492,0.002368804664723001,1.0417302736831822,0.0014598540142329863,0.012546125461254665,1.408455618731256,-0.010948905109850027,0.008184523809523725,0.9754335890408091,-0.024270072993056835,-0.011462377518949851,0.9012859812171025,0.0018076748761527903,0.01873362147734267,-0.005625162605656534,0.006140139510126957,0.0030627734904463107,0.02855294752122574,-0.006880261219950054,-0.0036791865337561097,0.581044400292561,-0.005597095115492074,0.0005477451159391828,0.0023688046647221688,0.0,0.008782625322550728,0.15189412026666935,0.0003649635036495624,0.005839416058394109,0.005472455308281665,-0.000883356176428001,0.004591096378316546
2026-01-19,2741.0,2758.0,2737.5,2756.0,555600,0.005839416058394109,0.0019996364297401037,0.02529761904761907,0.005472455308281649,0.007488584474885845,0.000364963503649635,2740.1,0.005802707930000484,2665.375,0.034000844158501575,2591.3333333333335,0.06354515050126186,2705.439942190625,2663.5698230217495,41.87011916887559,33.48513020088824,8.384988967987347,36.127500806626315,68.48269235438804,98.44357976653697,95.03287838115244,-1.556420233463035,32.22763029664174,0.01169362492620829,2777.2735589719814,2553.4764410280186,8.396458957706244,0.9049426589250888,0.006496338964962466,0.020828283587578943,0.9308076213643468,1.0802697174499725,0.19381177481736134,0.2240538506016736,-0.005805515239838188,-0.0038174877295037435,0.7796937850665353,-0.001995645863932527,0.002368804664723001,1.0003333886188832,-0.004354136429969402,0.012546125461254665,1.352485588062342,-0.0246734397681333,0.00542360201982417,0.7321147057887322,-0.0009154585757462705,0.01357379561555593,0.006754874634140379,0.011723823432063138,0.002148406695682849,0.02490175574205466,0.00369100936271126,0.00039586330556441035,0.7971580082803572,0.004126796455887385,0.005472455308279653,0.0005477451159391828,0.0,0.0029261224179226606,0.15681781187614988,0.0,0.00852685050798252,0.00852685050798252,0.0037275576473001213,0.01225440815528264
2026-01-20,2756.0,2785.5,2751.0,2779.5,491700,0.00852685050798252,0.014416058394160602,0.025645756457564506,0.008526850507982584,0.012540894220283533,0.0,2754.0,0.009259259258892705,2675.925,0.03870624176647741,2595.2916666666665,0.07097789265776644,2716.833797238221,2672.157243538657,44.67655369956401,35.723414900623396,8.953138798940614,38.00129509862449,71.13482257575693,95.87628865979381,94.67682645293557,-4.123711340206185,32.38994241831019,0.011653154314912229,2789.0798827934814,2562.770117206519,8.457253681884296,0.9576691586037626,0.005580892987042234,0.020884054718259208,0.8427876267738048,0.9581788171743371,-0.11501079913606915,0.20424258627071934,-0.008454758050365774,0.005839416058394109,0.9523140236638722,-0.014211189063135787,-0.0038174877295037435,0.7977086872087223,-0.010433531211005431,0.002368804664723001,1.023446190658204,-0.025004497212079535,0.008184523809523725,0.9583131220850809,0.0010235706178273862,0.009660580068451557,0.0075032798901551335,0.015985176389112947,-0.004676058709290611,0.014373657936351978,0.01320290921727313,0.011272098521212527,0.39164948811189765,0.010358226507857369,0.008526850507979489,0.005472455308279653,0.0,0.002158661629788754,0.16394671326881163,-0.009713977334052881,-0.00917431192660545,0.0005449591280652921,-0.006789389226653994,-0.006249723819206562
2026-01-21,2752.5,2761.5,2725.0,2754.0,569500,-0.00917431192660545,-0.0007256894049346707,0.0036443148688045657,0.0005449591280653951,0.013394495412844036,-0.009713977334052886,2756.0,-0.0007256894052972696,2682.725,0.026568135011592053,2598.733333333333,0.059747056257769326,2722.551674586187,2678.219669943201,44.332004642985794,37.44513284909588,6.886871793889917,38.29411387723711,64.7661247030583,78.35051546391753,90.8901279634161,-21.649484536082475,33.96923224557375,0.012334506988221283,2797.4731917069143,2567.9768082930855,8.554599648261707,0.8105713429543536,0.005269762263506058,0.021374212169965292,1.062775607853529,1.11453375501002,0.15822656091112464,0.057868502254925236,0.009259259258892705,0.00852685050798252,0.9175887030405273,0.0007262164121275561,0.005839416058394109,1.03683604516843,-0.00508351488779768,-0.0038174877295037435,0.8685088110536128,-0.003631082062816371,0.012546125461254665,1.5065474068835014,-0.006141307061154745,0.001547357486922257,-0.0030330048654507048,0.0020969573818823087,-0.007467360985196303,0.0028812963776740875,-0.0017069509414091464,0.0007630184911304782,0.6757972136386903,-0.004127890179575523,0.0005449591280651971,0.008526850507979489,0.0,0.011437908496727872,0.15620547913241456,0.003994190268700182,0.003449527959331844,-0.0005424954792043746,-0.00034342761793713494,-0.0008880899273054728
2026-01-22,2765.0,2779.0,2750.0,2763.5,468600,0.003449527959331844,-0.005756431012772123,0.004726413379385619,-0.00054249547920434,0.010545454545454545,0.0039941902687000725,2758.6,0.0017762633216118484,2691.125,0.026893956987866785,2602.025,0.06205743603498726,2728.851416957543,2684.53673142889,44.31468552865272,38.81904338500725,5.495642143645469,38.90905685950064,65.98784191189934,84.87972508591065,86.368843069874,-15.120274914089347,33.614287085175626,0.012163664586634145,2803.6780430508534,2578.5719569491466,8.364757716631772,0.8215150743072301,0.00522727974004011,0.020893248712039448,0.9185335609738886,0.9380799189639882,-0.17717295873573313,0.04321808510638303,-0.003437669622216921,-0.00917431192660545,1.1163142615762476,0.005789759362762492,0.00852685050798252,0.9638133844021789,-0.002713949701826368,0.005839416058394109,1.0890679608986182,-0.004704179482900361,0.002368804664723001,1.1704148298282306,0.007508233339199697,0.0031074458453507815,-0.0040587053798678534,0.0016189675340348374,0.0064185199333425935,-0.0009628041704073952,-0.0029689919740107495,0.005689217549793014,0.7901348124856986,-0.0016219680846355248,-0.0005424954792041437,0.0005449591280651971,0.0,0.007960919124296015,0.15910616592388882,0.005246969422833425,0.00018092998009766603,-0.005039596832253412,0.0011001652722993508,-0.003965874170436408
2026-01-23,2778.0,2787.5,2752.5,2764.0,408100,0.00018092998009766603,0.0036310820624545492,0.008759124087591275,-0.005039596832253419,0.012715712988192553,0.005246969422833364,2763.4,0.00021712383259742118,2700.45,0.023533114850849524,2605.0833333333335,0.06100252711004983,2734.258891271767,2690.4228994711943,43.83599180057263,39.822433068120326,4.013558732452303,39.63778525083654,66.05455681259934,84.0677966101695,82.43267905333256,-15.932203389830509,33.71326657909165,0.012197274449739311,2804.374924825605,2596.5250751743947,7.696859769712834,0.8057495596299084,0.0036301350355580635,0.01928811923174913,0.818326010976517,0.8195338637577666,-0.12910798122065725,0.12701374692897738,-0.00018089725072356622,0.003449527959331844,0.9396411878059198,-0.0036179450075963793,-0.00917431192660545,1.1419668298238825,0.005607814760851815,0.00852685050798252,0.9859615280498736,-0.008683068017724782,-0.0038174877295037435,0.9332245172959348,-0.0001063599005158421,0.0012034815095310712,0.00028728988061350815,0.0075556425780602034,0.005248223575276442,0.000822121415055199,-0.005067293595178776,0.007937002672536076,0.7266672307453615,-0.0036327821116809863,-0.005039596832251606,-0.0005424954792041437,0.0,0.008502170767001266,0.15925828130631933,-0.00506512301013029,-0.0030752532561505452,0.0020000000000000018,0.0032048466465192244,0.005194716400498969
2026-01-26,2750.0,2770.0,2740.0,2755.5,404500,-0.0030752532561505452,-0.0028948796815632116,-0.00018142235123363992,0.002,0.010948905109489052,-0.005065123010130246,2763.3,-0.0028227119751736973,2707.725,0.017643963105183236,2608.2166666666667,0.056468979442764855,2737.5267541530334,2695.243425436291,42.28332871674229,40.31461219784472,1.9687165188975726,39.65638079414706,63.76472924484452,74.70355731225297,81.21702633611103,-25.296442687747035,33.44803325201367,0.012138643894756499,2805.492824461875,2609.957175538125,7.221399843918793,0.7443288487953934,0.003675533178854232,0.018201355730050554,0.8634288263558181,0.8167987948936445,-0.008821367311933392,0.035152141749407395,0.0030847396113216075,0.00018092998009766603,0.8711132361824706,0.002903284340046053,0.003449527959331844,1.0002540124359365,-0.0005443658141895957,-0.00917431192660545,1.2156309434107253,0.00018145527091273372,0.005839416058394109,1.185960583246706,-0.004727305415641499,-0.002601933678317844,0.0016520521594909536,0.002420511327084204,-0.01138068335373647,-0.012595330620942986,0.008305430097585925,0.012413908269709346,0.5910616774491518,0.0036514325374265716,0.0019999999999992728,-0.005039596832251606,0.0,0.011613137361636142,0.15666481202346916,-0.008165487207403399,-0.010524405733986608,-0.002378338821807491,-0.008232140065395278,-0.010591058591978487
2026-01-27,2733.0,2741.5,2710.0,2726.5,481400,-0.010524405733986608,-0.013567293777134615,-0.01906817772980751,-0.0023783388218075376,0.011623616236162362,-0.008165487207403375,2752.7,-0.00951792785301353,2712.75,0.005068657266240839,2610.775,0.044325918548689724,2735.830330437182,2697.558727255825,38.27160318135702,39.90601039454718,-1.6344072131901584,38.29760308168904,56.56065496589128,51.77865612648221,70.18333668296823,-48.22134387351779,34.30888801972698,0.012583490929658681,2803.261049049319,2622.238950950681,6.6730107123265245,0.5759575772484291,0.005623383734413472,0.017029594159010574,1.0321147632718082,0.9676556962839529,0.1901112484548826,-0.04941297015753743,0.010636346964602694,-0.0030752532561505452,0.8672422553873003,0.013753896937093835,0.00018092998009766603,0.8749606042609573,0.01357051164459433,0.003449527959331844,1.0046717450543607,0.0194388410045776,0.00852685050798252,1.0541978169936603,-0.0032111327893420078,-0.0068678822909181625,-0.0073132729446446,-0.012200295438889348,0.00011276802495389926,-0.00799328832055573,-0.010637173758940507,-0.011074889409251781,0.6641768967476985,-0.010599303650852855,-0.0023783388218066672,0.0019999999999992728,0.0,0.022373005684935863,0.147694806356383,-0.006051714652484885,-0.019255455712451908,-0.013284132841328455,-4.923796843487455e-06,-0.01320866485681051
2026-01-28,2710.0,2710.0,2672.0,2674.0,493900,-0.019255455712451908,-0.029577209217927836,-0.029048656499636838,-0.013284132841328414,0.014221556886227544,-0.0060517146524848705,2736.7,-0.022910804984461852,2714.4,-0.014883583849464088,2612.991666666667,0.023348078032769504,2726.3179719083846,2695.813636347986,30.50433556039843,38.02567542771743,-7.521339867319,35.673255427812556,46.35116001793297,10.276679841897232,45.58629776021081,-89.72332015810277,35.751110304032196,0.013369899141368297,2800.7253149430007,2628.0746850569994,6.360544867595095,0.26600143291295475,0.014304473970953562,0.01656093948549341,1.094391547991252,0.9734877826199219,0.02596593269630243,-0.045153473344103356,0.01963350785302187,-0.010524405733986608,1.066693847343569,0.030478683619659552,-0.0030752532561505452,0.8962975929590229,0.03365744203401877,0.00018092998009766603,0.9042745307455556,0.02991772625241973,-0.00917431192660545,1.261907241508439,-0.00856909082884229,-0.00928345182758326,-0.010686364883609618,-0.019765204672053577,-0.009104187280905071,-0.009947349122069274,-0.010151268431546836,-0.019101307377567565,0.8506290742208876,-0.011511169314162045,-0.013284132841323511,-0.0023783388218066672,0.0,0.04244577412115092,0.130961065643491,-0.005235602094240788,0.012341062079281873,0.017669172932330834,-0.00328926892101038,0.01428739525251228
2026-01-29,2660.0,2707.5,2641.0,2707.0,481100,0.012341062079281873,-0.007152026407482137,-0.02044508775104037,0.017669172932330827,0.025179856115107913,-0.005235602094240838,2725.4,-0.006751302561456396,2717.025,-0.0036896973715723203,2616.5583333333334,0.03456512530734024,2723.345976230172,2696.642255877765,26.70372035240689,35.76128441265532,-9.057564060248431,33.89884685999462,52.19265219762536,45.051194539249146,35.7021768358762,-54.948805460750854,37.9474595680299,0.0140182709892929,2798.987476170553,2635.0625238294474,6.033251528458714,0.43884396574879314,0.01354503195943095,0.015532273039204124,1.0601563240274923,0.9358538426224916,-0.025916177363838888,-0.0422544915852755,-0.012190616919463548,-0.019255455712451908,1.0883625201354779,0.007203546360913471,-0.010524405733986608,1.0608174067487732,0.017916512744359903,-0.0030752532561505452,0.8913598691937655,0.020871813815655393,0.003449527959331844,1.0326112106407874,0.001048646737983021,-0.015508763688698182,0.011292415341298852,-0.004936324062342188,-0.002288110331771933,-0.0180124047082922,0.014629172411053805,-0.002432683042748171,0.77853584336014,0.014122437986128984,0.017669172932324183,-0.013284132841323511,0.0,0.029737717029911438,0.141555186380009,0.007388252678241614,0.007388252678241614,0.0,0.004335120447570751,0.004335120447570751
2026-01-30,2727.0,2739.5,2702.5,2727.0,566300,0.007388252678241614,0.01982049364248306,-0.01338639652677276,0.0,0.013691026827012025,0.007388252678241596,2718.0,0.003311258277776563,2720.35,0.0024445383862361503,2620.55,0.04062124363166486,2723.9081337332223,2698.8909776645974,25.0171560686249,33.61245874384924,-8.595302675224339,31.649148709202425,55.36472003161283,58.70307167235495,38.010315351167115,-41.29692832764505,37.87978388459919,0.013890643155330144,2798.160731907678,2642.539268092322,5.720641234229273,0.542731894669043,0.011026282142999878,0.014637353593170125,1.166568130833613,1.1073285478802763,0.17709415921845761,-0.02765690132876264,-0.007334066740371292,0.012341062079281873,0.9910576156525716,-0.019435276861379025,-0.019255455712451908,1.0174253925811787,-0.00018335166886684906,-0.010524405733986608,0.9916756104243358,0.013568023468641943,0.00018092998009766603,0.8406788878566087,0.00608432966840409,-0.009441417017702708,0.0013039230098375234,-0.003944979509070051,0.003921633482530008,-0.019206121749839735,0.0034666191957116056,0.005819725223066976,0.8283941886465889,0.00413959429131187,0.0,0.017669172932324183,0.0,0.022185551888514052,0.14785107793570884,0.0047671433810048125,-0.0034836817015034827,-0.00821167883211682,0.007680280375938096,-0.0005705447065701987
2026-02-02,2740.0,2743.0,2717.5,2717.5,416200,-0.0034836817015034827,0.0038788326560768027,-0.013790600616947923,-0.008211678832116789,0.0093836246550138,0.004767143381004767,2710.4,0.002619539550987815,2724.2,-0.002459437633432704,2624.45,0.03545504772389063,2722.9222670050344,2700.269423763516,22.65284324151844,31.42053564338308,-8.76769240186464,29.656835753676837,53.54726610355698,52.218430034129696,51.99089874857793,-47.781569965870304,36.99551360712782,0.013613804455239818,2792.914190674188,2655.4858093258117,5.044724372233177,0.45124733381661863,0.008065721953192781,0.01297134721485606,0.8532517666739787,0.8110515023550114,-0.2650538583789511,-0.02962752492638321,0.003495860165224185,0.007388252678241614,1.1609718295710576,-0.0038638454465487193,0.012341062079281873,0.9863032795455338,-0.01600735970597389,-0.019255455712451908,1.0125445640564106,0.013983440662000302,-0.0030752532561505452,0.8292655925507554,-0.005018785384516572,-0.009821545443432434,0.0015351036830130891,-0.003969055173515489,-0.0035166072322316737,-0.011217164873554356,3.292553072819105e-05,-0.002573435743393568,0.8004820728221947,-0.0006687006549451514,-0.008211678832113791,0.0,0.0,0.025758969641204874,0.14487208446391206,0.0,0.016191352345906074,0.016191352345906074,-0.0101701241095716,0.0060212282363344746
2026-02-03,2717.5,2769.0,2710.0,2761.5,472000,0.016191352345906074,0.012651265126512712,0.012836970474968012,0.016191352345906164,0.021771217712177122,0.0,2717.4,0.016228748067632193,2729.625,0.011677428217791164,2628.858333333333,0.05045599642390375,2728.857302850414,2704.8050220032555,24.052280847158272,29.94688468413812,-5.894603836979847,28.493452479256252,60.08309814470765,82.25255972696246,64.39135381114905,-17.747440273037544,38.56726263519012,0.013966055634682655,2791.820558523169,2667.429441476831,4.557077145993972,0.7562482012933929,0.011492312346360417,0.011553738301755094,0.971391291641713,0.9142662335524085,0.13407015857760696,0.0547301667145732,-0.015933369545893195,-0.0034836817015034827,0.8565530838586461,-0.012493210212198957,0.007388252678241614,1.165463746730301,-0.019735650914713077,0.012341062079281873,0.9901193864593817,-0.012674271229761835,-0.010524405733986608,0.9907367961786454,0.008909649046246094,0.0022674054773297344,0.00728170329965998,0.010569564997638278,0.012704999218427987,0.00065586386932246,0.0034863531274780864,0.012181106605645552,0.8785297581806688,0.005029632454854948,0.016191352345900207,-0.008211678832113791,0.0,0.009415172913268363,0.15849715355084823,-0.0005431830526887449,0.013217454282093088,0.013768115942029091,-0.0027426055829358103,0.011018031751846024
2026-02-04,2760.0,2798.0,2740.5,2798.0,691700,0.013217454282093088,0.029622815087396503,0.046372475691847326,0.013768115942028985,0.020981572705710636,-0.0005431830526887561,2742.2,0.02034862519108005,2734.725,0.023137609814141147,2633.9333333333334,0.06228960489974611,2739.494640873427,2711.7083537067183,27.786287166708917,29.51476518065228,-1.7284780139433629,28.076025091408543,64.5401835769454,100.0,78.15699658703072,-0.0,39.91960101839082,0.014267191214573465,2801.606593133007,2667.8434068669926,4.891284727569119,0.9730374759028633,0.013332316004179825,0.012262163457363856,1.3163679131277106,1.3250805546296403,0.4654661016949153,0.168711050954516,-0.013045032166185466,0.016191352345906074,0.8982588622181285,-0.028770550393485084,-0.0034836817015034827,0.7920663950321718,-0.025375268048954513,0.007388252678241614,1.0777203255807757,-0.04431736955001986,-0.019255455712451908,0.9399365509524018,0.005624776086696615,0.016625892047425723,0.007592678195396474,0.029746583644421603,0.0025035264995483014,0.012670138123881475,0.010713927782544787,0.033702337567965854,0.8142181994685819,0.01117903744330899,0.013768115942023998,0.016191352345900207,0.0,0.0,0.1694745852504133,0.005897069335239369,0.050929235167977094,0.04476816486054358,0.0011056447582372788,0.046137810590975006
2026-02-05,2814.5,2946.5,2810.0,2940.5,2042000,0.050929235167977094,0.06481984428752496,0.08625785001847053,0.044768164860543615,0.048576512455516016,0.005897069335239456,2788.9,0.05435834916954563,2746.525,0.07062560872336099,2641.4083333333333,0.11323189333930572,2770.4185422775154,2728.6558830617764,41.76265921573895,31.964343987669615,9.798315228069335,29.74018309434692,75.86885081442075,98.03600654664484,93.42952209120244,-1.9639934533551555,47.675343802791474,0.016213345962514968,2856.9883310198898,2636.0616689801104,8.04386131711087,1.3780062949807,0.03076989115299386,0.01927104001455272,2.437798531829268,3.4247034830676757,1.9521468844874947,0.3017805755395684,-0.04846114606391827,0.013217454282093088,0.8257714223635185,-0.06087400102055407,0.016191352345906074,0.5634872218527985,-0.075837442612115,-0.0034836817015034827,0.4968715714727431,-0.07940826390101019,0.012341062079281873,0.5743510644775028,0.008606131594430484,0.02430919064455131,0.042323103573546614,0.06194865937391922,0.005884693538082695,0.020668421663172662,0.0450445416298944,0.06558942835529787,1.0793426195695266,0.04457763462921905,0.04476816486052771,0.013768115942023998,1.0,0.0020404693079401326,0.20972279868410684,-0.00527121237884709,0.007311681686787974,0.01264957264957256,-0.005644934402609868,0.006937959663025196
2026-02-06,2925.0,2962.0,2917.0,2962.0,708600,0.007311681686787974,0.05861329521086489,0.08617528419508624,0.01264957264957265,0.015426808364758314,-0.005271212378847135,2835.9,0.044465601748635564,2760.95,0.07281913833967568,2648.9083333333333,0.1181964897484995,2799.8926126963593,2745.940632464608,53.95198023175135,36.36187123648596,17.59010899526539,31.42464758870344,77.05968161064362,100.0,99.34533551554829,-0.0,47.484247816877804,0.01603114375991282,2900.911387532456,2620.9886124675436,10.138639782137036,1.218233805567903,0.03691878485222714,0.024239931420670578,0.8181493844251421,1.1695848518459833,-0.6529872673849167,0.2993334074942453,-0.007258609048275688,0.050929235167977094,2.357692694039148,-0.05536799459856334,0.013217454282093088,0.7986366486125752,-0.06769074949390019,0.016191352345906074,0.5449710830492056,-0.07933828494291717,0.007388252678241614,0.6538498396838244,0.0017205840392870975,0.01993040542185518,0.0055910976475008764,0.06624487877323107,0.000346249668072803,0.016993516768647528,0.0069654320187151715,0.06918176742643872,1.0598715534898475,0.006944701513192308,0.012649572649568326,0.04476816486052771,0.0,0.0,0.2154591119279576,0.008777852802160702,0.004051316677920358,-0.004685408299866078,-0.0008491841771790954,-0.005575720301419439
2026-02-09,2988.0,3012.0,2963.5,2974.0,909900,0.004051316677920358,0.01139262030266952,0.09438822447102124,-0.004685408299866131,0.016365783701704065,0.008777852802160702,2887.2,0.03006372956461978,2775.25,0.07161516980413607,2656.2166666666667,0.11963757976528533,2826.678364589227,2762.833918948711,63.844445640515914,41.85838611729195,21.986059523223965,33.39619471360598,77.72053375639936,89.75741239892183,95.93113964852222,-10.242587601078167,47.66394440138653,0.016026881103352555,2938.9110827289464,2611.5889172710536,11.794330797509877,1.1071999423624963,0.033509933433842634,0.028230115662182274,0.9430569389153238,1.4454305870840554,0.28408128704487723,0.4280529897693899,-0.004034969738061833,0.007311681686787974,0.7344215264483993,-0.011264290518153586,0.050929235167977094,2.1164108904990564,-0.05917955615364523,0.013217454282093088,0.7169056870510271,-0.08624747814422118,-0.0034836817015034827,0.4313664116678292,0.00568075583402806,0.03086390260283005,-0.0016294391561077022,0.0635243218681912,0.009083211024619706,0.030044416652313253,-0.005031894346699348,0.064343807818708,0.9932684296108397,-0.004970750072327524,-0.004685408299864563,0.012649572649568326,0.0,0.012777404169464433,0.21862471066933667,-0.0020174848688634395,0.007061197041022149,0.009097035040431356,-0.01638620944213812,-0.007307527532252531
2026-02-10,2968.0,3008.0,2946.5,2995.0,624600,0.007061197041022149,0.011141120864280873,0.08455549520188299,0.009097035040431268,0.020872221279484134,-0.0020174848688634837,2933.9,0.020825522341926916,2789.5,0.07366911632870643,2664.0833333333335,0.12421408239189557,2852.574000806269,2780.031406433992,72.54259437227711,47.995227768288984,24.547366603988124,34.74046435273585,78.8678202764932,95.4177897574124,95.05840071877806,-4.5822102425876015,48.65223408700178,0.01624448550483657,2975.9918228770684,2603.0081771229316,13.370985687547476,1.0509624948420966,0.026207266707119713,0.03194266662983424,0.6275110236386597,0.9870791559730457,-0.3135509396636993,0.42384241319695803,-0.007011686143904128,0.004051316677920358,0.9141406987012752,-0.011018363940230036,0.007311681686787974,0.7119025157706601,-0.018196994991980575,0.050929235167977094,2.0515169873041037,-0.07796327212050824,0.016191352345906074,0.47419981293219243,0.0062184949525223715,0.027960210196239482,0.0008427020884997777,0.05659528500564351,0.014466104171763835,0.031070563395441883,-0.007404907130741685,0.05348493180644111,0.8569975112054736,-0.005336218231018576,0.009097035040428202,-0.004685408299864563,0.0,0.005676126878128322,0.2241034689584647,0.0016694490818029983,0.006677796327211993,0.004999999999999893,-0.0050238826098257675,-1.553536441677248e-05
2026-02-12,3000.0,3028.0,2995.5,3015.0,652700,0.006677796327211993,0.013786146603900429,0.07755539671193712,0.005,0.01084960774495076,0.001669449081803005,2977.3,0.01266247942732912,2803.05,0.0756140632521447,2672.383333333333,0.1282064075134699,2877.562616066843,2797.436487438881,80.12612862796186,54.42140794022357,25.704720687738295,36.164374854255705,79.92793889873471,96.64082687338501,93.93867634323975,-3.359173126614987,47.53421736650165,0.01576590957429051,3012.3363827390895,2593.763617260911,14.932761294952945,1.006363570400639,0.009575301530578355,0.03560917049360569,0.6609211987917708,1.0442431437046233,0.04498879282740953,0.3971271855748042,-0.006633499171142088,0.007061197041022149,0.6324672602502529,-0.013598673300493025,0.004051316677920358,0.9213608070792589,-0.01757877280297926,0.007311681686787974,0.7175252971715165,-0.07197346600362453,0.013217454282093088,0.7004124302195004,0.011620787702974875,0.03416536625667966,-0.004942991375762882,0.04339003045525746,0.007810211353138893,0.03595147340139671,-0.0011324150259268998,0.04160392331054041,0.8283585646965118,0.00020814086074945858,0.004999999999998333,0.009097035040428202,0.0,0.004311774461026762,0.2292503779537634,0.004975124378109541,-0.001326699834162559,-0.006270627062706313,0.018328573059518044,0.012026748847245944
2026-02-13,3030.0,3060.0,3011.0,3011.0,946300,-0.001326699834162559,0.005342237061769506,0.023975514368304696,-0.006270627062706271,0.016273663234805714,0.004975124378109453,2991.4,0.006552116065719593,2816.075,0.06921868203046122,2680.525,0.12328741571105528,2898.091444364252,2813.256006887853,84.83543747639897,60.50421384745865,24.331223628940315,37.750290027430765,79.07354905229485,88.3054892601432,93.45470196364687,-11.694510739856803,47.63891612603725,0.015821626079714855,3042.3901066544454,2589.7598933455542,16.073088014661938,0.9306495551302855,0.007648038368754941,0.03855768850501942,1.2314863857182456,1.472826712902292,0.4498238087942392,0.1346730405228036,0.001328462304549527,0.006677796327211993,0.8494041677674088,-0.0053138492198587794,0.007061197041022149,0.8128356721120323,-0.012288276320487457,0.004051316677920358,1.1841165194600356,-0.023414148123871326,0.050929235167977094,2.657397442287496,-0.010083606070836896,0.015059728491798917,0.008756906236674336,0.008915785876505778,-0.01612037256631836,0.013623063117417721,0.014793672732155802,0.010352451250886975,0.7813643114466962,0.011269183976382997,-0.006270627062704201,0.004999999999998333,0.0,0.01627366323480031,0.2282264661343732,0.0026569246097642996,-0.00564596479574897,-0.008280887711162643,-0.00034516092137700394,-0.008648050326890273
2026-02-16,3019.0,3020.0,2960.0,2994.0,699200,-0.00564596479574897,-0.006965174129353269,0.01080351114112088,-0.008280887711162636,0.02027027027027027,0.002656924609764198,2997.8,-0.001267596237573887,2828.775,0.05840867513285497,2687.975,0.11384964517857732,2912.8466067697514,2826.644450822086,86.20215594766523,65.64380226749996,20.55835368016527,37.83542258641796,75.38532019235245,84.24821002386635,89.73150871913151,-15.75178997613365,48.52185068846317,0.016206362955393107,3064.8837620144873,2592.666237985513,16.693357514435554,0.8498917164070812,0.005434069325320113,0.04045465573887918,0.9121495132028163,1.0687928388434047,-0.26112226566627916,0.03567477147598841,0.005678022711754993,-0.001326699834162559,1.234506699576409,0.007014028055775778,0.006677796327211993,0.8514873959775145,0.00033400133567118573,0.007061197041022149,0.8148292133101818,-0.010688042752501459,0.007311681686787974,0.9244123928139526,-0.0020461856713997343,0.011246818623295277,-0.0035997791243492358,-0.0004433074821743963,0.003842107307899617,0.01665984183644315,-0.009488072103648586,-0.005856330695322268,0.7690987940996601,-0.008600924893056057,-0.008280887711159894,-0.006270627062704201,0.0,0.022044088176345344,0.22384431848049502,0.008350033400133627,0.01002004008016022,0.001656177542232573,0.007686151326721345,0.009356158006747937
2026-02-17,3019.0,3039.0,3005.0,3024.0,539400,0.01002004008016022,0.00431750249086682,0.0168123739071957,0.0016561775422325273,0.011314475873544094,0.008350033400133601,3007.8,0.005385996409001503,2842.175,0.0639738932328009,2696.5,0.12145373632444967,2929.947128805174,2841.2633803908207,88.68374841435343,70.25179149687067,18.431956917482765,38.11903174473023,77.3895726199774,91.40811455847255,87.98727128082737,-8.591885441527447,48.270289925001514,0.01596239746196612,3090.3532172149976,2593.996782785003,17.463964549332633,0.8663194176354413,0.004307835732665956,0.04210077353200897,0.7789833357643468,0.8255456958061544,-0.22854691075514877,0.01063730637554916,-0.00992063492096229,-0.00564596479574897,1.0097611204420305,-0.004298941799271039,-0.001326699834162559,1.366614628538749,-0.002976190476520202,0.006677796327211993,0.9426073846002764,-0.016534391534716697,0.004051316677920358,1.3140469729550965,-0.0003318380053923481,0.005082052269358641,0.010351878085552567,0.011730321637837058,0.0008631947917555266,0.007643187961669177,0.009156845288404693,0.009169185945526521,0.7683533447321247,0.009356801474759511,0.0016561775422319787,-0.008280887711159894,0.0,0.011904761904757968,0.23154427563842406,0.008597883597883493,0.020171957671957674,0.011475409836065653,0.0028417484100285535,0.014415822484102735
2026-02-18,3050.0,3099.0,3037.0,3085.0,659600,0.020171957671957674,0.030394121576486244,0.030050083472454192,0.011475409836065573,0.02041488310833059,0.008597883597883597,3025.8,0.01956507369918037,2857.45,0.07963393935114205,2706.233333333333,0.13996083116713032,2953.8014166813014,2859.3179448063156,94.48347187498575,75.09812757249368,19.385344302492072,38.95420500112938,80.81097664954456,96.94323144104804,90.86651867446233,-3.056768558951965,50.17955493035855,0.01626565800011095,3125.1556032286494,2589.7443967713502,18.737377957875,0.9250004431279084,0.011292770641013026,0.04451542198450616,0.9430387981259319,0.9967043478129471,0.22284019280682243,0.012333347289594343,-0.019773095624304737,0.01002004008016022,0.7711872766966763,-0.02949756888200017,-0.00564596479574897,0.9996554391292475,-0.0239870340359728,-0.001326699834162559,1.3529375601373097,-0.02917341977341026,0.007061197041022149,0.8929988376432036,0.01025216251779197,0.009156876891492404,0.009919795154165705,0.02089320658096179,0.007491520961442203,0.0016951505307325801,0.012680436710515471,0.028354932941721613,0.8610960729428093,0.013721038391691052,0.01147540983606181,0.0016561775422319787,0.0,0.004538087520257849,0.2467390241590208,0.003565640194489461,0.008103727714748876,0.004521963824289488,-0.0006036336197385245,0.003934453900520891
2026-02-19,3096.0,3110.0,3049.0,3110.0,699700,0.008103727714748876,0.028439153439153486,0.031509121061359835,0.004521963824289405,0.020006559527714005,0.003565640194489465,3044.8,0.02141355754038976,2875.25,0.08164507434098534,2716.2166666666667,0.14497493449793097,2977.8319679611013,2877.886985931774,99.94498202932755,80.06749846386046,19.877483565467088,39.824515668288726,82.01231598647345,100.0,96.11711533317354,-0.0,50.952443863904364,0.016383422464272664,3159.881077010252,2590.618922989748,19.798701122354707,0.9123759121207007,0.016095487957225034,0.04694940889760564,0.9871043012466829,1.0469989869682519,0.06079442086112796,0.014575514057427075,-0.008038585209322213,0.020171957671957674,0.9305330814667887,-0.027652733119283734,0.01002004008016022,0.7609604974881532,-0.0372990353700845,-0.00564596479574897,0.9863989244414474,-0.030546623794523886,0.006677796327211993,0.9207988815545376,0.006472924640490508,0.003977341116251152,0.0016308030742583678,0.027531779945108685,0.0048418218886766345,-6.473522103567586e-05,0.0032619058260722417,0.031573856282395514,0.8035864297050664,0.004212905349959378,0.004521963824287945,0.01147540983606181,0.0,0.0,0.25279417669793347,-0.012540192926045024,-0.0167202572347267,-0.004233148811462084,-0.005931340552518563,-0.010111404861200237
2026-02-20,3071.0,3113.0,3058.0,3058.0,788600,-0.0167202572347267,-0.008752025931928697,0.01560943208236476,-0.004233148811462064,0.017985611510791366,-0.012540192926045015,3054.2,0.0012441883304954438,2889.975,0.058140641354663014,2724.8416666666667,0.12226704303878622,2990.1655113517013,2891.2286906775685,98.93682067413283,83.84136290591493,15.095457768217898,40.65955741836859,71.92571109414484,86.35235732009926,94.43186292038244,-13.647642679900745,51.24155501648262,0.016756558213363592,3180.3703296801045,2599.5796703198953,20.096736454820864,0.7893038951161749,0.015174161587577319,0.048714735415029665,1.1643272341248574,1.1524336868379097,0.1270544519079606,0.025016285851704456,0.017004578155324745,0.008103727714748876,1.0330709684468204,0.0088293001958768,0.020171957671957674,0.9738653862905857,-0.011118378025176234,0.01002004008016022,0.7963962846651637,-0.015369522564089189,-0.001326699834162559,1.3971631519811722,-0.009479498985854163,0.004702512061589425,-0.007240758248872535,0.010906920020775335,-0.008224196090459183,0.007333002142681906,-0.008496061144267516,0.008276429939682854,0.9451728777352129,-0.008946970148848706,-0.004233148811460686,0.004521963824287945,0.0,0.017985611510785485,0.2400882568772354,0.01046435578809679,0.021582733812949728,0.011003236245954673,0.009013327185526027,0.020131705210378964
